1	20050103	4291.53	0.008260457
2	20050104	4290.5	-0.000240065
3	20050105	4258.24	-0.0075759
4	20050106	4300.94	0.009928062
5	20050107	4316.4	0.003581688
6	20050110	4307.37	-0.002096407
7	20050111	4258.01	-0.01159227
8	20050112	4208.82	-0.011687361
9	20050113	4212.14	0.000788198
10	20050114	4232.36	0.004777476
11	20050117	4245.51	0.00309739
12	20050118	4250.71	0.001223325
13	20050119	4245.55	-0.00121539
14	20050120	4220.43	-0.005952
15	20050121	4213.7	-0.001597171
16	20050124	4201.89	-0.00281064
17	20050125	4233.95	0.007572125
18	20050126	4214.12	-0.004705609
19	20050127	4216.41	0.000543116
20	20050128	4201.81	-0.003474693
21	20050131	4254.85	0.012465774
22	20050201	4279.97	0.0058692
23	20050202	4296.31	0.003803264
24	20050203	4281.64	-0.003426257
25	20050204	4339.28	0.01328331
26	20050207	4366.35	0.006199686
27	20050208	4371.39	0.001152951
28	20050209	4353.15	-0.004190069
29	20050210	4342.01	-0.002565632
30	20050211	4387.8	0.010435754
31	20050214	4386.4	-0.000319168
32	20050215	4402.03	0.003550635
33	20050216	4368.77	-0.007613127
34	20050217	4369.68	0.000208253
35	20050218	4359.47	-0.002342028
36	20050221	4353.34	-0.001408114
37	20050222	4323.21	-0.006969358
38	20050223	4310.66	-0.002911387
39	20050224	4304.29	-0.001479919
40	20050225	4348.64	0.010198591
41	20050228	4350.49	0.000425239
42	20050301	4383.62	0.007557681
43	20050302	4393.43	0.00223288
44	20050303	4373.27	-0.004609823
45	20050304	4423.52	0.011359732
46	20050307	4428.09	0.001032048
47	20050308	4396.5	-0.007185261
48	20050309	4375.6	-0.004776488
49	20050310	4337.68	-0.008742
50	20050311	4360.49	0.005231063
51	20050314	4367.3	0.001559316
52	20050315	4387.69	0.004647092
53	20050316	4309.11	-0.018235784
54	20050317	4315.92	0.001577879
55	20050318	4327.18	0.002602157
56	20050321	4296.36	-0.007173514
57	20050322	4320.69	0.005631045
58	20050323	4317.2	-0.000808394
59	20050324	4343.6	0.006077908
60	20050329	4351.89	0.001904919
61	20050330	4347.52	-0.001005171
62	20050331	4348.77	0.000287438
63	20050401	4373.53	0.005661331
64	20050404	4341.39	-0.007403159
65	20050405	4362.61	0.004864061
66	20050406	4379.18	0.003783813
67	20050407	4389.52	0.002355611
68	20050408	4400.68	0.002535972
69	20050411	4396.09	-0.00104411
70	20050412	4372.12	-0.005482466
71	20050413	4405.69	0.007619692
72	20050414	4402.05	-0.000826887
73	20050415	4312.25	-0.020824396
74	20050418	4202.2	-0.026188663
75	20050419	4204.61	0.00057318
76	20050420	4178.62	-0.006219757
77	20050421	4193.7	0.00359587
78	20050422	4223.04	0.006947602
79	20050425	4246.96	0.005632264
80	20050426	4233.76	-0.003117796
81	20050427	4189.02	-0.010680302
82	20050428	4178.1	-0.002613628
83	20050429	4184.84	0.001610575
84	20050502	4224.02	0.009275524
85	20050503	4245.54	0.005068849
86	20050504	4264.35	0.004410989
87	20050505	4299.51	0.008177676
88	20050506	4311.06	0.002679155
89	20050509	4292.41	-0.004344879
90	20050510	4251.13	-0.009710359
91	20050511	4244.16	-0.001642257
92	20050512	4267.05	0.005364362
93	20050513	4275.7	0.002023061
94	20050516	4262.18	-0.003172086
95	20050517	4251.77	-0.002448392
96	20050518	4324.6	0.016840864
97	20050519	4360.42	0.008214805
98	20050520	4360.68	5.96E-05
99	20050523	4406.95	0.010499325
100	20050524	4396.64	-0.002344973
101	20050525	4389.54	-0.001617482
102	20050526	4436.6	0.010607222
103	20050527	4444.71	0.001824641
104	20050530	4480.43	0.007972449
105	20050531	4460.63	-0.004438835
106	20050601	4527.17	0.014697924
107	20050602	4532.17	0.001103224
108	20050603	4510.39	-0.004828851
109	20050606	4497.26	-0.002919555
110	20050607	4566.01	0.01505691
111	20050608	4557.29	-0.001913418
112	20050609	4562.75	0.001196647
113	20050610	4586.1	0.005091472
114	20050613	4599.21	0.00285049
115	20050614	4591.69	-0.001637741
116	20050615	4548.42	-0.009513194
117	20050616	4579.87	0.006867007
118	20050617	4604.57	0.005364236
119	20050620	4586.86	-0.003861029
120	20050621	4608.11	0.004611435
121	20050622	4619.6	0.002487228
122	20050623	4627.48	0.001702871
123	20050624	4566.48	-0.01335821
124	20050627	4523.82	-0.009430083
125	20050628	4557.46	0.007381304
126	20050629	4583.63	0.005709449
127	20050630	4586.28	0.00057781
128	20050701	4617.07	0.006668731
129	20050704	4623.41	0.001371282
130	20050705	4603.65	-0.004292246
131	20050706	4615.49	0.002565275
132	20050707	4530.18	-0.018831481
133	20050708	4597.97	0.014743463
134	20050711	4663.38	0.014026307
135	20050712	4653.03	-0.002224357
136	20050713	4679.89	0.005739451
137	20050714	4699.27	0.004124045
138	20050715	4712.9	0.002892062
139	20050718	4719.57	0.001413264
140	20050719	4770.54	0.010684325
141	20050720	4784.5	0.002917755
142	20050721	4829.87	0.009393628
143	20050722	4836.9	0.00145341
144	20050725	4842.7	0.001197679
145	20050726	4843.49	0.000163106
146	20050727	4855.35	0.002442666
147	20050728	4892.5	0.007593255
148	20050729	4886.5	-0.001227873
149	20050801	4890.85	0.000889416
150	20050802	4932.87	0.008518368
151	20050803	4923.12	-0.001980451
152	20050804	4874.06	-0.010065531
153	20050805	4827.18	-0.009711674
154	20050808	4837.86	0.002207588
155	20050809	4909.48	0.014588103
156	20050810	4990.57	0.016248645
157	20050811	4953.93	-0.007396148
158	20050812	4937.33	-0.003362141
159	20050815	4922.34	-0.0030453
160	20050816	4883.81	-0.007889332
161	20050817	4871.46	-0.002535174
162	20050818	4851.27	-0.004161797
163	20050819	4929.91	0.01595161
164	20050822	4941.69	0.0023838
165	20050823	4917.74	-0.004870123
166	20050824	4915.95	-0.000364121
167	20050825	4856.01	-0.012343467
168	20050826	4783.8	-0.015094695
169	20050829	4812.24	0.00590993
170	20050830	4791.72	-0.004282387
171	20050831	4829.69	0.007861788
172	20050901	4842.94	0.002735941
173	20050902	4837.81	-0.001060397
174	20050905	4909.89	0.014680573
175	20050906	4968.28	0.011752558
176	20050907	4988.14	0.003981444
177	20050908	4992.75	0.000923339
178	20050909	5005.93	0.002632877
179	20050912	4989.98	-0.003196406
180	20050913	4901.88	-0.017972696
181	20050914	4911.17	0.001891606
182	20050915	4905.98	-0.001057893
183	20050916	4986.5	0.016147599
184	20050919	4926.13	-0.012255056
185	20050920	4962.86	0.007400974
186	20050921	4875.22	-0.017976625
187	20050922	4849.01	-0.005405227
188	20050923	4882.58	0.006875463
189	20050926	4998.16	0.02312451
190	20050927	4965.88	-0.006500358
191	20050928	5048.74	0.016412016
192	20050929	5021.17	-0.005490752
193	20050930	5044.12	0.004549852
194	20051003	5082.07	0.00746743
195	20051004	5138.02	0.010889409
196	20051005	5069.42	-0.01353212
197	20051006	5017.27	-0.010394099
198	20051007	5007.77	-0.001897052
199	20051010	5022.79	0.00299037
200	20051011	5032.46	0.001921525
201	20051012	4981.77	-0.010175098
202	20051013	4950.07	-0.00640395
203	20051014	4975.56	0.005123041
204	20051017	4978.83	0.000656781
205	20051018	4947.18	-0.006397584
206	20051019	4845.98	-0.020883289
207	20051020	4864.25	0.003755975
208	20051021	4838.4	-0.005342675
209	20051024	4901.79	0.012932011
210	20051025	4872.97	-0.005914258
211	20051026	4900.79	0.005676636
212	20051027	4806.05	-0.019712654
213	20051028	4825.64	0.004059565
214	20051031	4929.07	0.020983674
215	20051101	4922.55	-0.001324517
216	20051102	4954.83	0.006514855
217	20051103	5011	0.011209339
218	20051104	4995.24	-0.003155004
219	20051107	5024.2	0.005764102
220	20051108	5008.83	-0.003068581
221	20051109	5011.38	0.000508842
222	20051110	5015.55	0.000831414
223	20051111	5090.75	0.01477189
224	20051114	5092.43	0.000329901
225	20051115	5110.61	0.003557305
226	20051116	5081.46	-0.00573654
227	20051117	5099.72	0.003580589
228	20051118	5123.5	0.004641358
229	20051121	5170.61	0.009111111
230	20051122	5174.72	0.000794246
231	20051123	5196.08	0.004110791
232	20051124	5187.98	-0.001561301
233	20051125	5194.27	0.00121095
234	20051128	5176.59	-0.003415376
235	20051129	5199.48	0.004402363
236	20051130	5193.4	-0.001170717
237	20051201	5266.55	0.013889548
238	20051202	5307.99	0.007807098
239	20051205	5266.86	-0.007809207
240	20051206	5300.85	0.006412179
241	20051207	5266.75	-0.006474581
242	20051208	5286.75	0.003783043
243	20051209	5282.13	-0.000874647
244	20051212	5301.21	0.003599178
245	20051213	5310.28	0.001708008
246	20051214	5286.76	-0.00444885
247	20051215	5295.82	0.001710783
248	20051216	5353.66	0.010803824
249	20051219	5350.18	-0.000650445
250	20051220	5356.6	0.001198521
251	20051221	5397.23	0.007527936
252	20051222	5398.28	0.000194506
253	20051223	5419.05	0.003832775
254	20051227	5444.84	0.004736595
255	20051228	5447.15	0.000424075
256	20051229	5458.58	0.002093951
257	20051230	5408.26	-0.009304286
258	20060102	5449.98	0.007655074
259	20060103	5460.68	0.001959463
260	20060104	5523.62	0.011394701
261	20060105	5516.53	-0.001285228
262	20060106	5536.32	0.003574577
263	20060109	5537.11	0.000142674
264	20060110	5494.71	-0.007716513
265	20060111	5532.89	0.006900553
266	20060112	5542.13	0.001667229
267	20060113	5483.09	-0.010767651
268	20060116	5514.64	0.005721135
269	20060117	5460.16	-0.00997773
270	20060118	5395.61	-0.01196343
271	20060119	5430.84	0.006487026
272	20060120	5349.02	-0.01529626
273	20060123	5348.72	-5.61E-05
274	20060124	5334.3	-0.00270326
275	20060125	5427.09	0.017097561
276	20060126	5548.91	0.021953861
277	20060127	5647.42	0.017443364
278	20060130	5660.03	0.002227903
279	20060131	5674.15	0.002488478
280	20060201	5726.53	0.0091469
281	20060202	5649.6	-0.013616893
282	20060203	5657.12	0.001329298
283	20060206	5666.78	0.001704672
284	20060207	5672.92	0.001082335
285	20060208	5666.41	-0.001148876
286	20060209	5743.68	0.013453048
287	20060210	5701.47	-0.007403354
288	20060213	5756.33	0.009530378
289	20060214	5763.4	0.001226706
290	20060215	5764.37	0.000168275
291	20060216	5789.25	0.004297621
292	20060217	5795.48	0.001074976
293	20060220	5793.95	-0.000264069
294	20060221	5801.04	0.001222195
295	20060222	5862.06	0.01040931
296	20060223	5857.88	-0.000713569
297	20060224	5870.79	0.002199023
298	20060227	5915.15	0.007499387
299	20060228	5796.04	-0.020550238
300	20060301	5866.61	0.012029093
301	20060302	5783.49	-0.014371945
302	20060303	5721.46	-0.010841638
303	20060306	5754.06	0.005665565
304	20060307	5739.28	-0.002575236
305	20060308	5673.36	-0.011619217
306	20060309	5732.22	0.010268273
307	20060310	5804.92	0.012523859
308	20060313	5855.16	0.008580466
309	20060314	5870.88	0.002677622
310	20060315	5898.48	0.004679172
311	20060316	5897.79	-0.000116993
312	20060317	5882.38	-0.002619688
313	20060320	5902.79	0.003457687
314	20060321	5911.86	0.001534204
315	20060322	5932.31	0.003447224
316	20060323	5947.11	0.002488604
317	20060324	5973.14	0.004357842
318	20060327	5912.26	-0.010297247
319	20060328	5890.63	-0.003671933
320	20060329	5914.78	0.004082992
321	20060330	5984.19	0.011598896
322	20060331	5970.08	-0.002363452
323	20060403	6024.05	0.008959089
324	20060404	6013.85	-0.001696085
325	20060405	6029.2	0.002545943
326	20060406	6031.39	0.0003631
327	20060407	5952.92	-0.013181766
328	20060410	6003.4	0.008408568
329	20060411	5908.47	-0.016066765
330	20060412	5901.25	-0.00122347
331	20060413	5918.57	0.002926383
332	20060418	5902.58	-0.002708985
333	20060419	5993.76	0.015212488
334	20060420	6063.28	0.011465741
335	20060421	6094.75	0.00516346
336	20060424	6079.09	-0.002576043
337	20060425	6078.8	-4.77E-05
338	20060426	6107.12	0.00463721
339	20060427	6067.74	-0.006490061
340	20060428	6009.89	-0.0096258
341	20060502	6051.29	0.006841516
342	20060503	5968.96	-0.013793023
343	20060504	6039.32	0.011650318
344	20060505	6113.29	0.012099868
345	20060508	6127.98	0.002397201
346	20060509	6140.72	0.002074675
347	20060510	6118.38	-0.003651293
348	20060511	6054.72	-0.010514111
349	20060512	5916.28	-0.023399839
350	20060515	5857.03	-0.010116049
351	20060516	5851.92	-0.000873218
352	20060517	5652.72	-0.035239672
353	20060518	5666.07	0.00235613
354	20060519	5672.28	0.001094798
355	20060522	5546.24	-0.022725306
356	20060523	5678.49	0.023289642
357	20060524	5587.23	-0.016333675
358	20060525	5706.06	0.020825228
359	20060526	5788.36	0.01421819
360	20060529	5755.02	-0.005793203
361	20060530	5622.43	-0.02358233
362	20060531	5692.86	0.012371637
363	20060601	5707.59	0.002580774
364	20060602	5687.04	-0.003613479
365	20060605	5621.19	-0.011714601
366	20060606	5502.81	-0.021512645
367	20060607	5543.93	0.007417121
368	20060608	5383.28	-0.029842401
369	20060609	5464.08	0.014787485
370	20060612	5395.55	-0.012701207
371	20060613	5292.14	-0.019540299
372	20060614	5305.99	0.002610257
373	20060615	5422.22	0.021435869
374	20060616	5376.01	-0.008595594
375	20060619	5439.23	0.011622969
376	20060620	5493.61	0.009898773
377	20060621	5503.41	0.001780714
378	20060622	5533.42	0.005423409
379	20060623	5529.74	-0.000665492
380	20060626	5514.63	-0.002739984
381	20060627	5459.15	-0.010162754
382	20060628	5456.87	-0.000417822
383	20060629	5581.67	0.0223589
384	20060630	5683.31	0.017883944
385	20060703	5712.69	0.005142936
386	20060704	5729.01	0.00284866
387	20060705	5625.63	-0.018376608
388	20060706	5695.47	0.012262377
389	20060707	5681.85	-0.002397107
390	20060710	5706.32	0.004288228
391	20060711	5616.04	-0.016075384
392	20060712	5637.82	0.003863195
393	20060713	5527.29	-0.019997141
394	20060714	5422.22	-0.019377672
395	20060717	5416.96	-0.000971024
396	20060718	5396.85	-0.003726248
397	20060719	5539.29	0.025714487
398	20060720	5545.82	0.001177463
399	20060721	5451.01	-0.017393107
400	20060724	5578.05	0.022774984
401	20060725	5565.76	-0.002208144
402	20060726	5583.1	0.003105801
403	20060727	5659.07	0.013424467
404	20060728	5705.42	0.008123854
405	20060731	5681.97	-0.00412709
406	20060801	5596.74	-0.015228508
407	20060802	5680.82	0.01480068
408	20060803	5640.03	-0.007232231
409	20060804	5723.03	0.014502807
410	20060807	5626.67	-0.017125582
411	20060808	5651.92	0.004467508
412	20060809	5702.81	0.008923671
413	20060810	5630.96	-0.012759814
414	20060811	5628.37	-0.000460169
415	20060814	5692	0.011178848
416	20060815	5776.8	0.014679407
417	20060816	5812.94	0.006217164
418	20060817	5833.51	0.003526179
419	20060818	5817.02	-0.002834785
420	20060821	5794.83	-0.003829275
421	20060822	5818.41	0.004052654
422	20060823	5775.54	-0.007422683
423	20060824	5814.08	0.006628736
424	20060825	5811.47	-0.000449112
425	20060828	5854.99	0.007432976
426	20060829	5847.02	-0.001363088
427	20060830	5867.53	0.003495508
428	20060831	5859.57	-0.001358461
429	20060901	5876.54	0.002887754
430	20060904	5909.72	0.005614479
431	20060905	5884.07	-0.004359228
432	20060906	5813.06	-0.012215597
433	20060907	5773.72	-0.006813631
434	20060908	5795.26	0.003716831
435	20060911	5798.46	0.000551871
436	20060912	5873.85	0.012834853
437	20060913	5906.12	0.005463824
438	20060914	5907.37	0.0002116
439	20060915	5937.87	0.005136522
440	20060918	5926.33	-0.001947242
441	20060919	5873.46	-0.009001508
442	20060920	5954.38	0.013589996
443	20060921	5962.03	0.00128312
444	20060922	5883.32	-0.013378501
445	20060925	5901.66	0.0031076
446	20060926	5960.63	0.00989325
447	20060927	5989.71	0.004854993
448	20060928	5989.16	-9.18E-05
449	20060929	6004.33	0.00252651
450	20061002	5999.46	-0.00081174
451	20061003	5992.22	-0.001208233
452	20061004	6046.37	0.008955787
453	20061005	6075.28	0.004758628
454	20061006	6085.82	0.001731895
455	20061009	6084.4	-0.000233384
456	20061010	6117.71	0.005444848
457	20061011	6119.45	0.000284339
458	20061012	6160.28	0.006627945
459	20061013	6173.68	0.002170504
460	20061016	6186.54	0.002078706
461	20061017	6115.1	-0.011682556
462	20061018	6182.78	0.010946532
463	20061019	6177.42	-0.000867676
464	20061020	6202.82	0.004094912
465	20061023	6242.91	0.006421685
466	20061024	6247.52	0.000737893
467	20061025	6264.92	0.00277737
468	20061026	6284.19	0.003066425
469	20061027	6262.54	-0.003457064
470	20061030	6258.19	-0.000695089
471	20061031	6268.92	0.001711619
472	20061101	6291.9	0.003652315
473	20061102	6223.33	-0.011018217
474	20061103	6241.15	0.002855243
475	20061106	6330.65	0.014137569
476	20061107	6361.96	0.004921439
477	20061108	6349.26	-0.002000233
478	20061109	6358.68	0.00148144
479	20061110	6357.77	-0.000143132
480	20061113	6393.73	0.00562426
481	20061114	6387.38	-0.000994148
482	20061115	6430.89	0.006765782
483	20061116	6443.02	0.001882658
484	20061117	6412.36	-0.004781391
485	20061120	6452.33	0.006194661
486	20061121	6460.39	0.001247603
487	20061122	6476.13	0.002430464
488	20061123	6475.25	-0.000135902
489	20061124	6411.96	-0.009870617
490	20061127	6298.17	-0.018067153
491	20061128	6281.68	-0.002625094
492	20061129	6363.8	0.01290424
493	20061130	6309.19	-0.008655628
494	20061201	6241.13	-0.010905076
495	20061204	6295.23	0.008593808
496	20061205	6372.8	0.012172044
497	20061206	6369.51	-0.000516523
498	20061207	6413.03	0.006786184
499	20061208	6427.41	0.002237293
500	20061211	6469.42	0.006493627
501	20061212	6476.17	0.001042283
502	20061213	6520.77	0.006839683
503	20061214	6552.58	0.004854576
504	20061215	6588.83	0.005501736
505	20061218	6597.25	0.001276289
506	20061219	6553.51	-0.006674286
507	20061220	6586.91	0.005070663
508	20061221	6573.96	-0.001969893
509	20061222	6503.13	-0.010891678
510	20061227	6608.86	0.015998221
511	20061228	6611.81	0.000446171
512	20061229	6596.92	-0.002257114
513	20070102	6681.13	0.012604155
514	20070103	6691.32	0.001522868
515	20070104	6674.4	-0.002535059
516	20070105	6593.09	-0.012332609
517	20070108	6607.59	0.002194446
518	20070109	6614.37	0.001025041
519	20070110	6566.56	-0.007280829
520	20070111	6687.3	0.018055119
521	20070112	6705.17	0.002665108
522	20070115	6731.74	0.003946974
523	20070116	6716.82	-0.002221289
524	20070117	6701.7	-0.002256144
525	20070118	6689.62	-0.001805783
526	20070119	6747.17	0.008529502
527	20070122	6687.31	-0.008951282
528	20070123	6678.93	-0.001254692
529	20070124	6748.37	0.010289892
530	20070125	6719.58	-0.004284494
531	20070126	6690.34	-0.00437048
532	20070129	6726.01	0.005303293
533	20070130	6788.23	0.009165865
534	20070131	6789.11	0.000129619
535	20070201	6851.28	0.009074217
536	20070202	6885.76	0.005007436
537	20070205	6874.06	-0.001702051
538	20070206	6875.7	0.000238521
539	20070207	6915.56	0.005763814
540	20070208	6876.73	-0.005646579
541	20070209	6911.11	0.004974599
542	20070212	6859.45	-0.007531216
543	20070213	6895.34	0.005204965
544	20070214	6961.18	0.009458167
545	20070215	6958.62	-0.000367889
546	20070216	6957.07	-0.000222795
547	20070219	6987.08	0.00429507
548	20070220	6982.91	-0.000597172
549	20070221	6941.66	-0.005942383
550	20070222	6973.73	0.004598687
551	20070223	6992.58	0.002695715
552	20070226	7027.59	0.004981793
553	20070227	6819.65	-0.030491301
554	20070228	6715.44	-0.015517971
555	20070301	6640.24	-0.011324892
556	20070302	6603.32	-0.005591127
557	20070305	6534.57	-0.010520968
558	20070306	6595	0.009163002
559	20070307	6617.75	0.003437724
560	20070308	6713.23	0.014222662
561	20070309	6716.52	0.000489837
562	20070312	6715.49	-0.000153377
563	20070313	6623.99	-0.013813427
564	20070314	6447.7	-0.027341533
565	20070315	6585.47	0.020920299
566	20070316	6579.87	-0.000851081
567	20070319	6671.41	0.013721237
568	20070320	6700.29	0.004310261
569	20070321	6712.06	0.00175356
570	20070322	6856.96	0.021131814
571	20070323	6899.06	0.006102281
572	20070326	6828.82	-0.010285818
573	20070327	6858.34	0.004304249
574	20070328	6816.89	-0.006080485
575	20070329	6897.08	0.011626659
576	20070330	6917.03	0.002884186
577	20070402	6937.17	0.002903201
578	20070403	7045.56	0.015384157
579	20070404	7073.91	0.004007685
580	20070405	7099.91	0.003662018
581	20070410	7166.67	0.009315345
582	20070411	7152.83	-0.001934898
583	20070412	7142.95	-0.001383182
584	20070413	7212.07	0.009583934
585	20070416	7338.06	0.017169388
586	20070417	7348.83	0.001465539
587	20070418	7282.34	-0.009130307
588	20070419	7242.73	-0.005468932
589	20070420	7342.54	0.013593389
590	20070423	7335.62	-0.000943342
591	20070424	7270.32	-0.008981723
592	20070425	7343.08	0.009908649
593	20070426	7387.02	0.005948271
594	20070427	7378.12	-0.001206269
595	20070430	7408.87	0.00415043
596	20070502	7455.93	0.006311755
597	20070503	7476.69	0.00277663
598	20070504	7516.76	0.005330754
599	20070507	7525.69	0.001186602
600	20070508	7442.2	-0.011218457
601	20070509	7475.99	0.004519803
602	20070510	7415.33	-0.008180351
603	20070511	7479.34	0.008558242
604	20070514	7459.61	-0.00264491
605	20070515	7505.35	0.006094319
606	20070516	7481.25	-0.003221387
607	20070517	7499.5	0.002433496
608	20070518	7607.54	0.0142017
609	20070521	7619.31	0.001544759
610	20070522	7659.39	0.005232793
611	20070523	7735.88	0.009887692
612	20070524	7697.38	-0.005001702
613	20070525	7739.2	0.005403659
614	20070529	7781.04	0.005377173
615	20070530	7764.97	-0.002069551
616	20070531	7883.04	0.014977724
617	20070601	7987.85	0.013121178
618	20070604	7976.79	-0.001386523
619	20070605	7919.83	-0.007192074
620	20070606	7730.05	-0.024550941
621	20070607	7618.61	-0.01462734
622	20070608	7590.5	-0.003703313
623	20070611	7706.1	0.015001103
624	20070612	7678.26	-0.003625821
625	20070613	7680.76	0.000325489
626	20070614	7849.16	0.021454525
627	20070615	8030.64	0.022598448
628	20070618	8036.12	0.000681921
629	20070619	8033.52	-0.000323644
630	20070620	8090.49	0.007041601
631	20070621	7964.71	-0.015792163
632	20070622	7949.63	-0.001896944
633	20070625	7930.61	-0.002398302
634	20070626	7860.52	-0.008916713
635	20070627	7801.23	-0.007600084
636	20070628	7921.36	0.015165325
637	20070629	8007.32	0.010735177
638	20070702	7958.24	-0.006167193
639	20070703	8050.68	0.01148226
640	20070704	8075.26	0.003043865
641	20070705	7987.13	-0.011034001
642	20070706	8048.32	0.007602829
643	20070709	8077.39	0.003598935
644	20070710	7964.76	-0.014141041
645	20070711	7898.54	-0.008383828
646	20070712	8053.43	0.019232799
647	20070713	8092.77	0.004861129
648	20070716	8105.69	0.001593942
649	20070717	8038.21	-0.008394904
650	20070718	7893.61	-0.018318615
651	20070719	7991.21	0.012213419
652	20070720	7874.85	-0.014776154
653	20070723	7944.21	0.008730887
654	20070724	7806.79	-0.017602625
655	20070725	7692.55	-0.014850732
656	20070726	7508.96	-0.024449458
657	20070727	7451.68	-0.007686857
658	20070730	7456.31	0.000620951
659	20070731	7584.14	0.01685491
660	20070801	7473.93	-0.014745923
661	20070802	7534.13	0.007990305
662	20070803	7435.67	-0.013241577
663	20070806	7444.45	0.001179402
664	20070807	7513.66	0.009211223
665	20070808	7605.94	0.012132623
666	20070809	7453.59	-0.020439815
667	20070810	7343.26	-0.015024662
668	20070813	7474.33	0.01753602
669	20070814	7425.07	-0.006634281
670	20070815	7445.9	0.002797513
671	20070816	7270.07	-0.024185462
672	20070817	7378.29	0.014667355
673	20070820	7407.53	0.003947335
674	20070821	7424.75	0.00231927
675	20070822	7500.48	0.010096687
676	20070823	7511.96	0.00152823
677	20070824	7507.27	-0.000624728
678	20070827	7485.99	-0.002842643
679	20070828	7430.24	-0.007503122
680	20070829	7439.18	0.001201745
681	20070830	7519.94	0.010739447
682	20070831	7638.17	0.015478839
683	20070903	7648.58	0.001361037
684	20070904	7721.77	0.009478397
685	20070905	7588.03	-0.017625128
686	20070906	7621.72	0.004420262
687	20070907	7436.63	-0.024888962
688	20070910	7375.44	-0.008296454
689	20070911	7457.9	0.011056732
690	20070912	7472.99	0.002019272
691	20070913	7535.97	0.008357252
692	20070914	7497.74	-0.00509887
693	20070917	7479.85	-0.002391759
694	20070918	7575.21	0.01258843
695	20070919	7750.84	0.022659479
696	20070920	7735.09	-0.002036175
697	20070921	7794.43	0.007613129
698	20070924	7787.92	-0.00083591
699	20070925	7769.44	-0.00237855
700	20070926	7804.15	0.004447634
701	20070927	7853.79	0.006320515
702	20070928	7861.51	0.000982
703	20071001	7922.42	0.007688307
704	20071002	7946.79	0.003066647
705	20071003	7955.3	0.001069727
706	20071004	7944.99	-0.001297673
707	20071005	8002.18	0.007146802
708	20071008	7974.37	-0.003487423
709	20071009	7980.44	0.00076061
710	20071010	7986.57	0.000767539
711	20071011	8033.69	0.0058653
712	20071012	8041.26	0.000941395
713	20071015	7969.47	-0.009008127
714	20071016	7962.64	-0.000857756
715	20071017	7985.41	0.00285145
716	20071018	7921.4	-0.008080642
717	20071019	7884.12	-0.004728492
718	20071022	7794.94	-0.011440755
719	20071023	7842.79	0.006101145
720	20071024	7828.96	-0.001766518
721	20071025	7932.44	0.013045166
722	20071026	7949.17	0.002104622
723	20071029	8009.67	0.00755337
724	20071030	7977.94	-0.003977217
725	20071031	8019.22	0.005147633
726	20071101	7880.85	-0.017557751
727	20071102	7849.49	-0.003995164
728	20071105	7807.55	-0.005371724
729	20071106	7827.19	0.002509202
730	20071107	7799.62	-0.003534788
731	20071108	7819.47	0.002538535
732	20071109	7812.4	-0.000904972
733	20071112	7806.84	-0.000712196
734	20071113	7777.56	-0.003764677
735	20071114	7783.11	0.000713083
736	20071115	7667.03	-0.015140152
737	20071116	7612.26	-0.007194972
738	20071119	7511.97	-0.013350692
739	20071120	7630.31	0.015509199
740	20071121	7518.42	-0.014882116
741	20071122	7562.1	0.005776173
742	20071123	7608.96	0.006158529
743	20071126	7567.36	-0.005497294
744	20071127	7531.35	-0.004781347
745	20071128	7723.66	0.024898817
746	20071129	7765.19	0.005348227
747	20071130	7870.52	0.013382851
748	20071203	7837.26	-0.00424383
749	20071204	7808.94	-0.003626613
750	20071205	7944.77	0.017096782
751	20071206	7940.58	-0.000527669
752	20071207	7994.07	0.00669121
753	20071210	8033.36	0.004890855
754	20071211	8009.42	-0.00298898
755	20071212	8076.12	0.008258916
756	20071213	7928.31	-0.018643317
757	20071214	7948.36	0.002522533
758	20071217	7825.44	-0.015707743
759	20071218	7850.74	0.003222626
760	20071219	7837.32	-0.00171232
761	20071220	7869.19	0.004049972
762	20071221	8002.67	0.016679433
763	20071227	8038.6	0.004469684
764	20071228	8067.32	0.003560042
765	20080102	7949.11	-0.014870847
766	20080103	7908.41	-0.00514642
767	20080104	7808.69	-0.012770388
768	20080107	7817.17	0.001084792
769	20080108	7849.99	0.004180897
770	20080109	7782.71	-0.008644804
771	20080110	7713.09	-0.009026214
772	20080111	7717.95	0.000629701
773	20080114	7732.02	0.001819706
774	20080115	7566.38	-0.021891578
775	20080116	7471.57	-0.012689435
776	20080117	7413.53	-0.007828929
777	20080118	7314.17	-0.01358459
778	20080121	6790.19	-0.077167207
779	20080122	6769.47	-0.003060801
780	20080123	6439.21	-0.0512889
781	20080124	6821.07	0.055982419
782	20080125	6816.74	-0.000635201
783	20080128	6818.85	0.000309436
784	20080129	6892.96	0.010751549
785	20080130	6875.35	-0.002561324
786	20080131	6851.75	-0.003444376
787	20080201	6968.67	0.01677795
788	20080204	7000.49	0.004545396
789	20080205	6765.25	-0.034771812
790	20080206	6847.51	0.012013126
791	20080207	6733.72	-0.016898535
792	20080208	6767.28	0.004959156
793	20080211	6743.54	-0.003520406
794	20080212	6967.84	0.032190751
795	20080213	6973.67	0.000836002
796	20080214	6962.28	-0.001635958
797	20080215	6832.43	-0.019004951
798	20080218	6967.55	0.019392756
799	20080219	7002.29	0.004961234
800	20080220	6899.68	-0.014871704
801	20080221	6904.85	0.000748749
802	20080222	6806.29	-0.014480723
803	20080225	6882.56	0.011081632
804	20080226	6985.97	0.014802526
805	20080227	6997.85	0.001697664
806	20080228	6862.52	-0.019720161
807	20080229	6748.13	-0.016951363
808	20080303	6689.95	-0.008696627
809	20080304	6545.04	-0.02214043
810	20080305	6683.71	0.020747459
811	20080306	6591.31	-0.014018458
812	20080307	6513.99	-0.011869837
813	20080310	6448.08	-0.010221647
814	20080311	6524.57	0.011723378
815	20080312	6599.37	0.011334415
816	20080313	6500.56	-0.015200229
817	20080314	6451.9	-0.007541964
818	20080317	6182.3	-0.043608366
819	20080318	6393.39	0.033016913
820	20080319	6361.22	-0.005057206
821	20080320	6319.99	-0.006523744
822	20080325	6524.71	0.031376107
823	20080326	6489.26	-0.005462873
824	20080327	6578.06	0.013499421
825	20080328	6559.9	-0.002768335
826	20080331	6534.97	-0.003814861
827	20080401	6720.33	0.027581979
828	20080402	6777.44	0.008426486
829	20080403	6741.72	-0.005298351
830	20080404	6763.39	0.003204015
831	20080407	6821.03	0.008450337
832	20080408	6771.98	-0.007243081
833	20080409	6721.36	-0.007531214
834	20080410	6704.32	-0.002541645
835	20080411	6603.57	-0.015256899
836	20080414	6554.49	-0.007487997
837	20080415	6585.05	0.004640815
838	20080416	6702.84	0.017573148
839	20080417	6681.81	-0.003147351
840	20080418	6843.08	0.023566873
841	20080421	6786.55	-0.008329711
842	20080422	6728.3	-0.008657462
843	20080423	6795.03	0.009820413
844	20080424	6821.32	0.003854093
845	20080425	6896.58	0.010912655
846	20080428	6925.33	0.004151427
847	20080429	6885.34	-0.005807992
848	20080430	6948.82	0.009135364
849	20080502	7043.23	0.013404361
850	20080505	7052.08	0.001254949
851	20080506	7017.1	-0.004984965
852	20080507	7076.25	0.008358947
853	20080508	7071.9	-0.000615111
854	20080509	7003.17	-0.009814127
855	20080512	7035.95	0.00465893
856	20080513	7060.19	0.003433335
857	20080514	7083.24	0.003254161
858	20080515	7081.05	-0.000309276
859	20080516	7156.55	0.010549776
860	20080519	7225.94	0.009602903
861	20080520	7118.5	-0.015093067
862	20080521	7040.83	-0.01103137
863	20080522	7070.33	0.004172365
864	20080523	6944.05	-0.018185353
865	20080526	6953.84	0.001407855
866	20080527	6958.66	0.000692662
867	20080528	7033.84	0.01068833
868	20080529	7055.03	0.003003531
869	20080530	7096.79	0.005884351
870	20080602	7008.77	-0.012558552
871	20080603	7019.13	0.001475966
872	20080604	6965.43	-0.007709503
873	20080605	6941.83	-0.00339968
874	20080606	6803.81	-0.020285693
875	20080609	6815.63	0.001734249
876	20080610	6771.1	-0.006576479
877	20080611	6650.26	-0.018170718
878	20080612	6714.52	0.009570304
879	20080613	6765.32	0.007508884
880	20080616	6729.88	-0.005266067
881	20080617	6796.16	0.009752566
882	20080618	6728.91	-0.009994189
883	20080619	6721.17	-0.001151585
884	20080620	6578.44	-0.021696633
885	20080623	6589.46	0.001672368
886	20080624	6536.06	-0.00817006
887	20080625	6617.84	0.012357506
888	20080626	6459.6	-0.024496873
889	20080627	6421.91	-0.00586897
890	20080630	6418.32	-0.000559336
891	20080701	6315.94	-0.01620978
892	20080702	6305.42	-0.001668406
893	20080703	6353.74	0.00760497
894	20080704	6272.21	-0.012998608
895	20080707	6395.75	0.019315952
896	20080708	6304.41	-0.014488271
897	20080709	6386.46	0.012847493
898	20080710	6305	-0.012919905
899	20080711	6153.3	-0.024653438
900	20080714	6200.25	0.007572275
901	20080715	6081.7	-0.019492905
902	20080716	6155.37	0.011968411
903	20080717	6271.27	0.018481105
904	20080718	6382.65	0.017450432
905	20080721	6424.84	0.0065667
906	20080722	6442.79	0.00278606
907	20080723	6536.09	0.014274589
908	20080724	6440.7	-0.014810502
909	20080725	6436.71	-0.000619882
910	20080728	6351.15	-0.013471576
911	20080729	6398.8	0.007446709
912	20080730	6460.12	0.009492084
913	20080731	6479.56	0.003000204
914	20080801	6396.46	-0.012991561
915	20080804	6349.81	-0.007346677
916	20080805	6518.7	0.02590854
917	20080806	6561.39	0.006506243
918	20080807	6543.49	-0.002735543
919	20080808	6561.65	0.002767597
920	20080811	6609.63	0.007259105
921	20080812	6585.87	-0.003607724
922	20080813	6422.19	-0.025486633
923	20080814	6442.21	0.003107629
924	20080815	6446.02	0.000591062
925	20080818	6432.88	-0.002042631
926	20080819	6282.43	-0.02394774
927	20080820	6317.8	0.005598468
928	20080821	6236.96	-0.012961443
929	20080822	6342.42	0.016627723
930	20080825	6296.95	-0.007220956
931	20080826	6340.52	0.006871676
932	20080827	6321.03	-0.003083358
933	20080828	6420.54	0.015498696
934	20080829	6422.3	0.000274045
935	20080901	6421.8	-7.79E-05
936	20080902	6518.47	0.014830167
937	20080903	6467.49	-0.007882502
938	20080904	6279.57	-0.029925616
939	20080905	6127.44	-0.02482766
940	20080908	6263.74	0.021760162
941	20080909	6233.41	-0.004865716
942	20080910	6210.32	-0.003718005
943	20080911	6178.9	-0.005085048
944	20080912	6234.89	0.00898011
945	20080915	6064.16	-0.028153941
946	20080916	5965.17	-0.016594665
947	20080917	5860.98	-0.017776891
948	20080918	5863.42	0.000416139
949	20080919	6189.53	0.052687361
950	20080922	6107.75	-0.013389546
951	20080923	6068.53	-0.00646285
952	20080924	6052.87	-0.002587202
953	20080925	6173.03	0.019465319
954	20080926	6063.5	-0.018063825
955	20080929	5807.08	-0.044156444
956	20080930	5831.02	0.004105628
957	20081001	5806.33	-0.004252256
958	20081002	5660.63	-0.025739185
959	20081003	5797.03	0.02352929
960	20081006	5387.01	-0.076112723
961	20081007	5326.63	-0.011335497
962	20081008	5013.62	-0.062431935
963	20081009	4887	-0.025909556
964	20081010	4544.31	-0.075410788
965	20081013	5062.45	0.102349653
966	20081014	5199.19	0.026300251
967	20081015	4861.63	-0.069433503
968	20081016	4622.81	-0.051661219
969	20081017	4781.33	0.033153955
970	20081020	4835.01	0.011102356
971	20081021	4784.41	-0.010576017
972	20081022	4571.07	-0.046671786
973	20081023	4519.7	-0.011365799
974	20081024	4295.67	-0.052152516
975	20081027	4334.64	0.008990366
976	20081028	4823.45	0.101340327
977	20081029	4808.69	-0.003069443
978	20081030	4869.3	0.012447374
979	20081031	4987.97	0.023791242
980	20081103	5026.84	0.007732492
981	20081104	5278.04	0.047593425
982	20081105	5166.87	-0.021515927
983	20081106	4813.57	-0.073396668
984	20081107	4938.46	0.02528926
985	20081110	5025.53	0.017325536
986	20081111	4761.58	-0.055433281
987	20081112	4620.8	-0.030466586
988	20081113	4649.52	0.006176982
989	20081114	4710.24	0.012891063
990	20081117	4557.27	-0.033566148
991	20081118	4579.47	0.004847723
992	20081119	4354.09	-0.051762825
993	20081120	4220.2	-0.031725985
994	20081121	4127.41	-0.022481411
995	20081124	4554.33	0.093739365
996	20081125	4560.42	0.001335403
997	20081126	4560.5	1.75E-05
998	20081127	4665.27	0.022457435
999	20081128	4669.44	0.000893041
1000	20081201	4394.79	-0.062494454
1001	20081202	4531.79	0.03023088
1002	20081203	4567.24	0.007761799
1003	20081204	4564.23	-0.000659476
1004	20081205	4381.47	-0.041712028
1005	20081208	4715.88	0.070911474
1006	20081209	4779.11	0.013230497
1007	20081210	4804.88	0.005363297
1008	20081211	4767.2	-0.007904011
1009	20081212	4663.37	-0.022265014
1010	20081215	4654.82	-0.001836806
1011	20081216	4729.91	0.015875566
1012	20081217	4708.38	-0.004572698
1013	20081218	4756.4	0.010095871
1014	20081219	4696.7	-0.012711052
1015	20081222	4639.02	-0.012433661
1016	20081223	4629.38	-0.002082352
1017	20081229	4704.86	0.016042985
1018	20081230	4810.2	0.021899297
1019	20090102	4973.07	0.032750394
1020	20090105	4983.99	0.002191016
1021	20090106	5026.31	0.008419696
1022	20090107	4937.47	-0.017993021
1023	20090108	4879.91	-0.0117953
1024	20090109	4783.89	-0.020071532
1025	20090112	4719.62	-0.013617622
1026	20090113	4636.94	-0.017830725
1027	20090114	4422.35	-0.048523975
1028	20090115	4336.73	-0.019742986
1029	20090116	4366.28	0.006767775
1030	20090119	4316.14	-0.011616861
1031	20090120	4239.85	-0.017993561
1032	20090121	4261.15	0.004998651
1033	20090122	4219.42	-0.009889985
1034	20090123	4178.94	-0.009686667
1035	20090126	4326.87	0.034188686
1036	20090127	4323.42	-0.000797979
1037	20090128	4518.72	0.043220204
1038	20090129	4428.11	-0.020462455
1039	20090130	4338.35	-0.020689894
1040	20090202	4271.04	-0.015759628
1041	20090203	4374.96	0.02375336
1042	20090204	4492.79	0.026226465
1043	20090205	4510.49	0.003924186
1044	20090206	4644.63	0.028880664
1045	20090209	4666.82	0.004754844
1046	20090210	4505.54	-0.035795931
1047	20090211	4530.09	0.005419318
1048	20090212	4407.56	-0.027799962
1049	20090213	4413.39	0.00132098
1050	20090216	4366.64	-0.010706172
1051	20090217	4216.6	-0.035583171
1052	20090218	4204.96	-0.00276816
1053	20090219	4215.21	0.00243167
1054	20090220	4014.66	-0.049954417
1055	20090223	3936.45	-0.019868155
1056	20090224	3895.75	-0.010447282
1057	20090225	3846.21	-0.012880212
1058	20090226	3942.62	0.024453282
1059	20090227	3843.74	-0.025724945
1060	20090302	3710.07	-0.03602897
1061	20090303	3690.72	-0.005242879
1062	20090304	3890.94	0.051458002
1063	20090305	3695.49	-0.052888791
1064	20090306	3666.41	-0.007931464
1065	20090309	3692.03	0.006939272
1066	20090310	3886.98	0.050154619
1067	20090311	3914.1	0.006928796
1068	20090312	3956.22	0.010646526
1069	20090313	3953.6	-0.000662687
1070	20090316	4044.54	0.022484634
1071	20090317	3987.77	-0.014236027
1072	20090318	3996.32	0.002139468
1073	20090319	4043.46	0.011658332
1074	20090320	4068.74	0.006213226
1075	20090323	4176.37	0.025771184
1076	20090324	4187.36	0.002624565
1077	20090325	4223.29	0.008507585
1078	20090326	4259.37	0.008470736
1079	20090327	4203.55	-0.013279252
1080	20090330	3989.23	-0.053724654
1081	20090331	4084.76	0.023386931
1082	20090401	4131.07	0.011210171
1083	20090402	4381.92	0.057246595
1084	20090403	4384.99	0.000700116
1085	20090406	4349.81	-0.00808771
1086	20090407	4322.5	-0.006318103
1087	20090408	4357.92	0.008127731
1088	20090409	4491.12	0.029658526
1089	20090414	4557.01	0.014459042
1090	20090415	4549.79	-0.001586886
1091	20090416	4609.46	0.012945117
1092	20090417	4676.84	0.014407164
1093	20090420	4486.3	-0.042471524
1094	20090421	4501.63	0.003405433
1095	20090422	4594.42	0.020196238
1096	20090423	4538.21	-0.012385941
1097	20090424	4674.32	0.029118674
1098	20090427	4694.07	0.004207436
1099	20090428	4607.42	-0.018806621
1100	20090429	4704.56	0.020648052
1101	20090430	4769.45	0.013605342
1102	20090504	4902.45	0.027129292
1103	20090505	4853.03	-0.010183329
1104	20090506	4880.71	0.005671306
1105	20090507	4804.1	-0.015946795
1106	20090508	4913.9	0.022344777
1107	20090511	4866.91	-0.009654997
1108	20090512	4854.11	-0.002636941
1109	20090513	4727.61	-0.026757706
1110	20090514	4738.47	0.002291879
1111	20090515	4737.5	-0.000204749
1112	20090518	4851.96	0.023590467
1113	20090519	4959.62	0.021707308
1114	20090520	5038.94	0.015741406
1115	20090521	4900.67	-0.028214509
1116	20090522	4918.75	0.003675731
1117	20090525	4918.45	-6.10E-05
1118	20090526	4985.6	0.01346879
1119	20090527	5000.77	0.003033533
1120	20090528	4932.88	-0.013762751
1121	20090529	4940.82	0.001607021
1122	20090601	5142.56	0.039229489
1123	20090602	5144.06	0.000291598
1124	20090603	5054.53	-0.017712824
1125	20090604	5064.8	0.002027721
1126	20090605	5077.03	0.002408889
1127	20090608	5004.72	-0.014448361
1128	20090609	4997.86	-0.001372587
1129	20090610	5051.18	0.010555949
1130	20090611	5107.26	0.010980447
1131	20090612	5069.24	-0.007500138
1132	20090615	4889.94	-0.036667117
1133	20090616	4890.72	0.000159486
1134	20090617	4799.98	-0.018904245
1135	20090618	4837.48	0.00775197
1136	20090619	4839.46	0.000409137
1137	20090622	4693.4	-0.031120297
1138	20090623	4707.15	0.002921088
1139	20090624	4836.01	0.026645933
1140	20090625	4800.56	-0.007384555
1141	20090626	4776.47	-0.005043474
1142	20090629	4885.09	0.022235005
1143	20090630	4808.64	-0.015898466
1144	20090701	4905.44	0.019733194
1145	20090702	4718.49	-0.039620726
1146	20090703	4708.21	-0.00218342
1147	20090706	4651.82	-0.012122137
1148	20090707	4598.19	-0.011663285
1149	20090708	4572.65	-0.005585383
1150	20090709	4630.07	0.01240154
1151	20090710	4576.31	-0.011747456
1152	20090713	4722.34	0.030923229
1153	20090714	4781.69	0.01241193
1154	20090715	4928.44	0.029776156
1155	20090716	4957.19	0.005799657
1156	20090717	4978.4	0.004260405
1157	20090720	5030.15	0.010287964
1158	20090721	5093.97	0.012528539
1159	20090722	5121.56	0.005387031
1160	20090723	5247.28	0.02395908
1161	20090724	5229.36	-0.003426806
1162	20090727	5251.55	0.004225419
1163	20090728	5174.74	-0.014843258
1164	20090729	5270.32	0.018135521
1165	20090730	5360.66	0.016852403
1166	20090731	5332.14	-0.005348697
1167	20090803	5426.85	0.017452113
1168	20090804	5417.02	-0.001814651
1169	20090805	5353.01	-0.011957758
1170	20090806	5369.98	0.003160161
1171	20090807	5458.96	0.016299808
1172	20090810	5418.12	-0.00753767
1173	20090811	5285.81	-0.025031168
1174	20090812	5350.09	0.012014751
1175	20090813	5401.11	0.009446206
1176	20090814	5309.11	-0.017328705
1177	20090817	5201.61	-0.020666678
1178	20090818	5250.74	0.009356776
1179	20090819	5231.98	-0.003585641
1180	20090820	5311.06	0.014889683
1181	20090821	5462.74	0.027766286
1182	20090824	5519.75	0.010328366
1183	20090825	5557.09	0.006719344
1184	20090826	5521.97	-0.006360049
1185	20090827	5470.33	-0.009440016
1186	20090828	5517.35	0.008522207
1187	20090831	5464.61	-0.009651192
1188	20090901	5327.29	-0.025776708
1189	20090902	5319.84	-0.001400418
1190	20090903	5301.42	-0.003474541
1191	20090904	5384.43	0.015416674
1192	20090907	5463.51	0.014474212
1193	20090908	5481.73	0.003323768
1194	20090909	5574.26	0.016599513
1195	20090910	5594.77	0.003665924
1196	20090911	5624.02	0.005200906
1197	20090914	5620.24	-0.000672569
1198	20090915	5628.98	0.001552679
1199	20090916	5700.26	0.012504693
1200	20090917	5731.14	0.005388108
1201	20090918	5703.83	-0.004788011
1202	20090921	5668.65	-0.006206063
1203	20090922	5709.38	0.007133874
1204	20090923	5702.05	-0.001285503
1205	20090924	5605.21	-0.017276784
1206	20090925	5581.41	-0.004264155
1207	20090928	5736.31	0.027003422
1208	20090929	5713.52	-0.003988784
1209	20090930	5675.16	-0.006759281
1210	20091001	5554.55	-0.02171373
1211	20091002	5467.9	-0.015847035
1212	20091005	5508.85	0.007433493
1213	20091006	5657.64	0.026298952
1214	20091007	5640.75	-0.002994283
1215	20091008	5716.54	0.01325802
1216	20091009	5711.88	-0.000815843
1217	20091012	5783.23	0.012337396
1218	20091013	5714.31	-0.012060949
1219	20091014	5854.14	0.02388566
1220	20091015	5830.77	-0.004008047
1221	20091016	5743.39	-0.015214011
1222	20091019	5852.56	0.018653376
1223	20091020	5811.77	-0.007018516
1224	20091021	5833.49	0.003723329
1225	20091022	5762.93	-0.012243772
1226	20091023	5740.25	-0.003951047
1227	20091026	5642.16	-0.017385186
1228	20091027	5635.02	-0.001267076
1229	20091028	5496.27	-0.025244393
1230	20091029	5587.45	0.016318714
1231	20091030	5414.96	-0.031854344
1232	20091102	5430.82	0.002920369
1233	20091103	5353.35	-0.014471312
1234	20091104	5444.23	0.016692902
1235	20091105	5480.92	0.006694132
1236	20091106	5488.25	0.001335581
1237	20091109	5619.72	0.023394404
1238	20091110	5613.2	-0.001161548
1239	20091111	5668.35	0.009729463
1240	20091112	5663.96	-0.000775076
1241	20091113	5686.83	0.004021573
1242	20091116	5804.82	0.020326212
1243	20091117	5778.43	-0.004566984
1244	20091118	5787.61	0.001586147
1245	20091119	5702.18	-0.014981989
1246	20091120	5663.15	-0.006891924
1247	20091123	5801.48	0.023843916
1248	20091124	5769.31	-0.005576057
1249	20091125	5803.02	0.005809044
1250	20091126	5614.17	-0.033638098
1251	20091127	5685.61	0.012565055
1252	20091130	5625.95	-0.010604431
1253	20091201	5776.61	0.026081041
1254	20091202	5781.68	0.000876908
1255	20091203	5770.35	-0.001963486
1256	20091204	5817.65	0.008130431
1257	20091207	5784.75	-0.005687368
1258	20091208	5688.58	-0.016905801
1259	20091209	5647.84	-0.007213377
1260	20091210	5709.02	0.010716375
1261	20091211	5756.29	0.008211886
1262	20091214	5802.26	0.007922775
1263	20091215	5811.34	0.001562462
1264	20091216	5903.43	0.015599406
1265	20091217	5844.44	-0.010093354
1266	20091218	5831.21	-0.002268826
1267	20091221	5930.53	0.016747238
1268	20091222	5945.69	0.002549746
1269	20091223	5957.44	0.001972324
1270	20091228	6002.92	0.007576313
1271	20091229	6011.55	0.00143557
1272	20091230	5957.43	-0.009084454
1273	20100104	6048.3	0.015024056
1274	20100105	6031.86	-0.002725527
1275	20100106	6034.33	0.000409325
1276	20100107	6019.36	-0.002486975
1277	20100108	6037.61	0.003022719
1278	20100111	6040.5	0.000478437
1279	20100112	5943	-0.016405856
1280	20100113	5963.14	0.003377415
1281	20100114	5988.88	0.004297966
1282	20100115	5875.97	-0.019215551
1283	20100118	5918.55	0.00719433
1284	20100119	5976.48	0.009692997
1285	20100120	5851.53	-0.02135339
1286	20100121	5746.97	-0.018193935
1287	20100122	5695.32	-0.00906885
1288	20100125	5631.37	-0.011356029
1289	20100126	5668.93	0.006625589
1290	20100127	5643.2	-0.00455947
1291	20100128	5540.33	-0.018567486
1292	20100129	5608.79	0.012205841
1293	20100201	5654.48	0.008080319
1294	20100202	5709.66	0.009664323
1295	20100203	5672.09	-0.006623661
1296	20100204	5533.24	-0.025093797
1297	20100205	5434.34	-0.018199082
1298	20100208	5484.85	0.009209003
1299	20100209	5498.26	0.002438953
1300	20100210	5536.37	0.006883572
1301	20100211	5503.93	-0.00589397
1302	20100212	5500.39	-0.000643591
1303	20100215	5511.1	0.001943351
1304	20100216	5592.12	0.014488244
1305	20100217	5648.34	0.009953367
1306	20100218	5680.41	0.005645719
1307	20100219	5722.05	0.007277112
1308	20100222	5688.44	-0.005908474
1309	20100223	5604.07	-0.01505513
1310	20100224	5615.51	0.002037215
1311	20100225	5532.33	-0.015035256
1312	20100226	5598.46	0.011812177
1313	20100301	5713.51	0.020136484
1314	20100302	5776.56	0.010914801
1315	20100303	5817.88	0.007102243
1316	20100304	5795.32	-0.003892796
1317	20100305	5877.36	0.013958648
1318	20100308	5875.91	-0.00024677
1319	20100309	5885.89	0.00169558
1320	20100310	5936.72	0.008561967
1321	20100311	5928.63	-0.001364565
1322	20100312	5945.11	0.002772026
1323	20100315	5903.56	-0.007038126
1324	20100316	5970.99	0.011292935
1325	20100317	6024.28	0.00884587
1326	20100318	6012.31	-0.001990915
1327	20100319	5982.43	-0.004994626
1328	20100322	5987.5	0.000846764
1329	20100323	6017.27	0.004947426
1330	20100324	6039	0.003598278
1331	20100325	6132.95	0.015318892
1332	20100326	6120.05	-0.002107826
1333	20100329	6156.85	0.005977082
1334	20100330	6142.45	-0.002344341
1335	20100331	6153.55	0.001803837
1336	20100401	6235.56	0.013151986
1337	20100406	6252.21	0.002663058
1338	20100407	6222.41	-0.004789141
1339	20100408	6171.83	-0.0081953
1340	20100409	6249.7	0.012459798
1341	20100412	6250.69	0.000158383
1342	20100413	6230.83	-0.003187376
1343	20100414	6278.4	0.007576771
1344	20100415	6291.45	0.002074244
1345	20100416	6180.9	-0.017885745
1346	20100419	6162.44	-0.002995567
1347	20100420	6264.23	0.016249403
1348	20100421	6230.38	-0.005433055
1349	20100422	6168.72	-0.009995591
1350	20100423	6259.53	0.014507479
1351	20100426	6332.1	0.011460653
1352	20100427	6159.51	-0.028020086
1353	20100428	6084.34	-0.012354668
1354	20100429	6144.91	0.009856939
1355	20100430	6135.7	-0.001501051
1356	20100503	6166.92	0.005062495
1357	20100504	6006.86	-0.026646201
1358	20100505	5958.45	-0.008124596
1359	20100506	5908.26	-0.008494887
1360	20100507	5715.09	-0.033799993
1361	20100510	6017.91	0.050319795
1362	20100511	6037.71	0.003279389
1363	20100512	6183.49	0.023575683
1364	20100513	6251.97	0.010953348
1365	20100514	6056.71	-0.032238625
1366	20100517	6066.92	0.001682897
1367	20100518	6155.93	0.014459229
1368	20100519	5988.67	-0.027929407
1369	20100520	5867.88	-0.020584947
1370	20100521	5829.25	-0.006626925
1371	20100524	5805.68	-0.004059817
1372	20100525	5670.04	-0.02392223
1373	20100526	5758.02	0.015279558
1374	20100527	5937.14	0.030169408
1375	20100528	5946.18	0.001520304
1376	20100531	5964.33	0.003043091
1377	20100601	5981.27	0.002832174
1378	20100602	5981.2	-1.17E-05
1379	20100603	6054.63	0.012127909
1380	20100604	5938.88	-0.019490207
1381	20100607	5904.95	-0.005746027
1382	20100608	5868.55	-0.006202554
1383	20100609	5984.75	0.019416016
1384	20100610	6056.59	0.01186146
1385	20100611	6047.83	-0.001448453
1386	20100614	6125	0.012599184
1387	20100615	6175.05	0.008105198
1388	20100616	6190.91	0.00256182
1389	20100617	6223.54	0.005242997
1390	20100618	6216.98	-0.001055175
1391	20100621	6292.97	0.012075379
1392	20100622	6269.04	-0.003817171
1393	20100623	6204.52	-0.010398871
1394	20100624	6115.48	-0.014559773
1395	20100625	6070.6	-0.007393009
1396	20100628	6157.22	0.014068037
1397	20100629	5952.03	-0.034473953
1398	20100630	5965.52	0.002261328
1399	20100701	5857.43	-0.018453486
1400	20100702	5834.15	-0.003990299
1401	20100705	5816.2	-0.003086207
1402	20100706	5940.98	0.021003269
1403	20100707	5992.86	0.008656968
1404	20100708	6035.66	0.007091188
1405	20100709	6065.24	0.004876971
1406	20100712	6077.19	0.001966369
1407	20100713	6191.13	0.018403749
1408	20100714	6209.76	0.003000116
1409	20100715	6149.36	-0.00982216
1410	20100716	6040.27	-0.018060451
1411	20100719	6009.11	-0.00518546
1412	20100720	5967.49	-0.006974457
1413	20100721	5990.38	0.003821127
1414	20100722	6142.15	0.024709589
1415	20100723	6166.34	0.003922911
1416	20100726	6194.21	0.004499363
1417	20100727	6207.31	0.002110415
1418	20100728	6178.94	-0.004591402
1419	20100729	6134.7	-0.007211437
1420	20100730	6147.97	0.002158436
1421	20100802	6292.13	0.02291116
1422	20100803	6307.91	0.002501621
1423	20100804	6331.33	0.003699065
1424	20100805	6333.58	0.000355249
1425	20100806	6259.63	-0.011813797
1426	20100809	6351.6	0.014479816
1427	20100810	6286.25	-0.010395705
1428	20100811	6154.07	-0.021478469
1429	20100812	6135.17	-0.003080599
1430	20100813	6110.41	-0.004052101
1431	20100816	6110.57	2.62E-05
1432	20100817	6206.4	0.015440513
1433	20100818	6186.31	-0.003247493
1434	20100819	6075.13	-0.018300843
1435	20100820	6005.16	-0.011651646
1436	20100823	6010.91	0.000956594
1437	20100824	5935.44	-0.012715148
1438	20100825	5899.5	-0.006092042
1439	20100826	5912.58	0.002212232
1440	20100827	5951.17	0.006484439
1441	20100830	5912.41	-0.006555702
1442	20100831	5925.22	0.002161945
1443	20100901	6083.9	0.026081954
1444	20100902	6083.85	-8.22E-06
1445	20100903	6134.62	0.008275981
1446	20100906	6155.04	0.003317606
1447	20100907	6117.89	-0.006072355
1448	20100908	6164.44	0.007551375
1449	20100909	6221.52	0.009174607
1450	20100910	6214.77	-0.001086122
1451	20100913	6261.68	0.0074916
1452	20100914	6275.41	0.002187905
1453	20100915	6261.87	-0.002162293
1454	20100916	6249.65	-0.001955309
1455	20100917	6209.76	-0.006423759
1456	20100920	6294.58	0.013475085
1457	20100921	6275.98	-0.002963681
1458	20100922	6208.33	-0.01089665
1459	20100923	6184.71	-0.003819096
1460	20100924	6298.3	0.018035025
1461	20100927	6278.89	-0.003091311
1462	20100928	6276.09	-0.000446138
1463	20100929	6246.92	-0.004669501
1464	20100930	6229.02	-0.002873646
1465	20101001	6211.34	-0.002846407
1466	20101004	6134.21	-0.012573746
1467	20101005	6215.83	0.01313099
1468	20101006	6270.73	0.008754962
1469	20101007	6276.25	0.000879506
1470	20101008	6291.67	0.00245086
1471	20101011	6309.51	0.002827478
1472	20101012	6304.57	-0.000783559
1473	20101013	6434.52	0.020195757
1474	20101014	6455.27	0.003214428
1475	20101015	6492.3	0.00570368
1476	20101018	6516.63	0.003733525
1477	20101019	6490.69	-0.003996493
1478	20101020	6524.55	0.00518963
1479	20101021	6611.01	0.013078183
1480	20101022	6605.84	-0.000782641
1481	20101025	6639.21	0.0050262
1482	20101026	6613.8	-0.003841967
1483	20101027	6568	-0.006973203
1484	20101028	6595.28	0.004136291
1485	20101029	6601.37	0.000922536
1486	20101101	6604.86	0.000528399
1487	20101102	6654.31	0.007431274
1488	20101103	6617.8	-0.005516939
1489	20101104	6734.69	0.017356404
1490	20101105	6754.2	0.002888573
1491	20101108	6750.5	-0.000548108
1492	20101109	6787.81	0.005496618
1493	20101110	6719.84	-0.010114824
1494	20101111	6723.41	0.000530981
1495	20101112	6734.61	0.001663051
1496	20101115	6790.17	0.008182417
1497	20101116	6663.24	-0.019049291
1498	20101117	6700.07	0.005496957
1499	20101118	6832.11	0.019326387
1500	20101119	6843.55	0.001671647
1501	20101122	6822.05	-0.003151545
1502	20101123	6705	-0.017457122
1503	20101124	6823.8	0.017409654
1504	20101125	6879.66	0.008119587
1505	20101126	6848.98	-0.004479499
1506	20101129	6697.97	-0.022545637
1507	20101130	6688.49	-0.00141736
1508	20101201	6866.63	0.025942857
1509	20101202	6957.61	0.013076329
1510	20101203	6947.72	-0.001423489
1511	20101206	6954.38	0.00095767
1512	20101207	7001.91	0.006788148
1513	20101208	6975.87	-0.003732868
1514	20101209	6964.16	-0.001681466
1515	20101210	7006.17	0.005996143
1516	20101213	7029.39	0.003303274
1517	20101214	7027.4	-0.000283177
1518	20101215	7016.37	-0.001572038
1519	20101216	7024.4	0.001143158
1520	20101217	6982.45	-0.00600792
1521	20101220	7018.6	0.0051506
1522	20101221	7077.99	0.0083908
1523	20101222	7067.92	-0.001424747
1524	20101223	7057.69	-0.001449483
1525	20101227	6970.73	-0.012475021
1526	20101228	6972.1	0.000196497
1527	20101229	6995.47	0.003340733
1528	20101230	6914.19	-0.011755535