123.5
118.51
114.5
113.1
117.65
124.65
125.51
124.18
129
135.7
138.71
133
131.25
137.43
137
140.65
142
142
149.9
151.1
139.11
144.15
144.3
152.27
161.5
163
171
179.6
173
171.5
176.42
162.51
162.7
165.4
160.03
163
165.1
180.6
179.49
188
179.1
184.4
187.3
191.51
190.53
186
183
176.38
182.5
186.5
186.5
170.8
153.09
152.5
159.99
175.24
170
158.3
158.26
165.3
160
156.9
154.25
148.5
149.99
142
137.55
133.49
145.05
150
152.9
145.14
141.55
143.75
134.7
141.51
145.95
145.95
149.85
149.85
149.85
151.6
156
151.6
163
163
169.5
163.1
163.95
170
170
170
170
153.5
154.5
153.96
158.57
152.09
149.88
147.5
142.1
146.7
145
148.75
150.2
156
155.56
157.21
164
169
167
165.21
163.5
165.42
166
161.75
164.5
164.1
161.89
150.5
159.25
162.77
160.15
158.1
159.5
160
158.65
157
154.62
158.75
163.19
168
167.5
162.65
162.65
167.5
166.1
174.77
174.77
179.8
181.5
180
176
178.5
174.99
180.97
178.6
173.97
168
162.46
165.5
168.25
165.98
159
156.85
161.7
166.01
169.5
169
163.5
165.65
165.4
165
165.9
169.5
174.15
174.8
173.6
180
175.77
177.75
179.1
176.02
180.5
185.4
189.2
188
183
184.79
177
180.75
179.47
179.47
178.06
180.1
175.04
172.1
165.7
158.8
150.7
158.36
156.4
153.2
151.2
146
146.4
146.4
139.36
146.8
143.5
141.1
145.24
140.56
140.14
140.14
140.14
140.14
140.14
140.14
140.14
144.24
144.24
142.34
142.05
144.41
147.4
147.4
152.2
153.31
155.17
154
148.75
140.74
136.75
132.5
130.11
130.11
138
133.22
131.6
126.5
129.5
126
132
136.1
138.7
134.09
137.17
131.36
136.65
132.6
142.5
145.2
145
149.8
149.7
148.3
142.63
139.6
134.99
137
139.46
129.97
132.1
136.3
137.5
139.4
139.2
139.2
136.7
141.4
139.5
139.5
141.36
142
138
142
144.8
147.5
145.4
152
152
156
154.5
155.71
157.4
158.3
154.5
154.05
151.4
154.54
152.79
152.4
150.7
150.95
146.14
148
143.25
144
144.99
143
143
142.52
140.5
136.67
134.12
132.8
120.22
126.16
126.9
125.06
123.02
126.1
130
135
134.05
132.6
126.1
120
118.19
119.07
110
112.6
117.25
111.71
104.8
109.8
117.5
125
120
119.1
115.6
115.22
108.8
109.09
115.15
114.2
114.4
119.4
123.6
125.72
125.72
125.72
120
129.58
130.5
127.15
125
125.44
127.53
121.15
120.35
83.35
83.35
85.3
83.23
83.51
83.51
84.59
82.6
82.6
84.52
83.07
83.23
84.5
87.78
88.27
90
90.67
89.97
91.15
90.55
90
88.31
85.4
84.12
82.4
83.7
85.99
85.23
85.8
86.68
83.63
79.7
80.25
77.96
77.96
73.34
74.35
71.4
72.2
71.9
72.5
72
69.44
72.1
73
73.12
73.22
71.35
67.94
64.05
62
61.21
60.5
63.85
63.85
61
61.67
60.57
61.76
60.12
60.9
56.5
57.42
59.94
61.6
62.72
64.6
64.5
65.5
64
63.4
62.8
61.86
59.72
59.04
59.75
60.21
59.3
57.25
55.08
54.3
54.31
56.15
55.55
59.58
60.02
60.27
58.65
55.3
55.28
54.24
57.49
53
50.95
48.35
47.55
45.05
46
45.88
42.62
43.35
43.27
41.01
37.5
37.29
37.29
40.73
42.2
42.8
42.25
41.25
41.4
41.4
46
43.01
44.25
44.76
47.61
49.7
48.36
47.7
47.7
50.99
50.5
49.25
49.99
52.61
55.35
54.43
57
54.5
51.77
54
54.7
53.01
56.25
56.3
57.7
60.4
59.4
56.52
58.2
62.3
67.05
67.71
68.3
66.66
66.5
67.6
67.25
68.47
68.84
65.2
64.99
66.5
66.5
67.14
73.5
74.05
72.82
69.9
73
70.8
68.6
67.41
71.74
71.01
70.42
68.2
71.75
71.75
71.75
71.75
74.25
74.35
74.35
74.35
74.09
77.75
77.7
76
76.8
78.14
76.59
76
72.66
72.66
69.12
72.95
73.2
70.49
69.1
71
71
71.1
70.68
69.89
69.7
68.55
69.28
66.7
65.75
63.61
65.68
64.8
66.93
65.15
66.15
67.4
64.92
66
64.3
63.17
65.49
61.5
63.28
65.97
67.25
68
68.9
72.78
73.55
75.2
76.95
77.66
77.27
75.2
73.2
74.2
75.79
76.7
76.25
73.97
73.25
74.99
73.6
74.4
74.23
76.3
76.3
76.3
73.3
72.31
71.4
70.92
69.77
69.55
70.7
68.21
67.2
69.2
71.26
70.6
69
69
63.86
63.86
63.56
66.3
66.19
65.72
66.76
66.76
66.55
65.24
64
64.56
68.52
67.4
65.53
68
71.1
72.08
71
71.81
71.55
70.95
69.65
68
68.88
70.2
70.2
68.19
66.03
66
66.05
63.44
63.5
64.69
62.52
63.59
60.6
60.5
61.25
58.63
61.9
61.36
60
58.68
62.6
56.2
58.52
54.5
58.5
60.78
60.5
57.44
56.05
58.9
73.34
62.99
59.59
55.85
56.2
57.1
54.8
56.4
58.9
58.45
54
52.6
50
50.5
49.5
49.95
60.27
52.15
50.25
47.65
45.05
41.7
44.89
44.7
52.64
48.9
47.06
48.9
46.1
48.09
49.15
50.4
49.76
53
53.85
53.85
53.85
53.85
53.85
46.5
47.22
46.35
43.2
43.44
43
45.1
43.6
45
46.8
43.81
42.61
42.35
41.37
38
37.11
37.25
36.3
37.88
37.7
37.6
36.36
33.33
35
35.15
34.55
33.2
32.19
32.05
32.86
35
37.37
36.88
40.75
40
42.15
42.15
44.5
42.4
40.3
41.77
43.26
45.02
42.5
45.4
47.9
48.63
51.35
50.1
48.36
45.85
44.83
42.85
44.69
44.58
46.4
48
46.78
46.45
47.15
49.7
50.19
50
48.34
50.35
49.89
49.5
51.38
50.68
50
47.2
46.5
45.3
45.55
44.35
45
43.08
45.03
44.26
41.2
41.58
42.1
42.14
41.89
41.89
41.89
40
40.5
40.5
40.5
51.8
43.25
45
44.61
41.78
42.82
42.58
43.1
43.77
43.26
42.5
38.7
38.98
39.5
38.33
41
37.21
35.57
35.8
37.05
37.25
38.75
37.54
35.66
37.48
36.2
34.83
34.85
35.42
34.46
34.66
36.77
36.7
38.25
36.67
35.95
37.3
36.2
35.15
35.4
36.55
36.61
37.38
37.1
37.15
36.35
36.23
35.05
33.72
32.55
35.37
36.01
37.89
39.4
40.17
40.28
41.81
40.2
41.17
40.8
40.86
38.75
37.8
37.8
40.08
39.53
40.67
42.85
42.93
41.42
40.72
41.25
42.35
43
43
43.92
43.92
43.92
44.4
43.78
43.78
42.7
44.62
44.38
44.67
44.16
44.61
45.34
46.27
45.08
43.25
44.13
42.87
42.3
41.79
42.35
41.85
40.5
39.66
39.45
38.55
38.67
38.52
39.73
39.62
39.4
40.3
41.29
40.86
41.81
41.75
43.35
42.43
43.09
42.54
42.8
42.05
43
43.4
43.76
43.47
43.5
43.13
43.21
42.85
43.22
43.72
42.79
41.35
43
43.1
43.68
45.62
46.6
46.15
45.48
46.49
46.71
47.17
47.6
46.71
47.3
46.92
47.45
47.33
49.15
49
49.85
49.7
49.52
50.3
49.65
49.5
50.15
49.85
49.18
49.49
49.53
49.96
51.5
52.7
52.5
53.68
54.51
54.61
56.6
56.64
55.3
54.25
54.79
56.3
56.49
57.85
57.49
58.2
57.85
57.1
58
56.44
54.8
55.64
54.35
54.61
55.8
56.28
57.17
56.11
53.77
53.63
51.93
52.3
52.02
52.2
51.14
52.88
52.1
54.6
54.3
53.9
53.81
55.8
55.46
56.55
56.42
56.85
56.75
55.85
56.68
57.19
55.4
54.8
54.15
55.2
56.21
57.28
58.24
58.25
60
59.97
59.67
60.22
61.4
60.69
60.78
60.74
62.37
63.02
60.27
59.56
58.88
58.55
58.81
60.77
60.87
60.15
60.75
60.86
62.8
62.78
64.85
64.05
63.35
62.55
63.54
63.42
64
63.57
64.24
63.84
62.35
62.3
63.26
62.4
62.41
62.41
62.41
62.41
63.48
63.5
63.5
63.5
64
64
64.49
64.8
67.57
67.55
67.15
67.35
68.3
68.15
68.22
68.02
67.56
67.18
67.88
66.23
65.63
66.11
66.51
65.55
64.99
64.75
64.97
64.2
64.02
64.5
65.78
66.8
67.83
67.69
66.5
67.04
66.94
66.35
66.51
64.73
63.79
61.92
62.75
62.96
62.05
63.02
64.39
63.31
63.89
63.85
63.65
62.87
62.12
60.5
60.72
58.83
59.08
60.51
59.56
59.1
57.78
57.41
57.3
59.25
59.55
60.61
60.75
60.07
61.1
62.5
63.26
62.2
62.25
62.55
62.55
62.55
63.37
62.25
61.58
62.25
62.19
63.1
63.02
64.03
65.05
64.98
64.71
62
60.8
60.25
61.5
61.5
61.46
59.26
58.98
57.39
58.16
56.51
57
56.04
54.95
55.9
57.52
57.05
57.1
57.94
56.92
57.75
58.29
57.64
58.05
57.11
57.54
57.69
58.37
59.79
60.03
59.25
59.21
59.3
58.14
58.38
58.13
57.56
57.52
57.08
55.53
56.51
58.1
58.2
59.01
59
59.11
58.6
57.67
57.64
56.87
56.82
56.77
56.39
56.1
56.68
56.76
55.44
55.41
54.88
55.33
56.5
55.25
54.99
53.95
54.9
54.65
57.51
58.31
57.75
57.9
56.97
57.02
55.52
55
55.4
54.85
53.88
53.4
54.46
54.3
54.61
54.75
54.99
56.07
55.75
55.95
56.4
56.84
57.04
56.23
57.42
58.03
58.6
59.05
59.28
59.35
58.9
59.8
60.95
60.8
60.36
60.28
60.63
60.83
61.06
60.4
59.66
59.6
59.05
59.04
59.69
59.21
60.4
61.08
61.62
61.69
61.85
61.26
61.35
59.69
59.7
58.91
58.7
58.69
59.69
58.41
58.81
58.86
57.5
57.6
58.45
58.91
58.35
59.15
59.61
59.8
59.89
60.6
60.8
60.44
60.55
60.3
60.79
60.71
60.27
61.55
61.35
60.75
60.58
60.69
60.56
60.83
60.61
60.71
60.25
61.52
62.09
62.44
62.13
62.35
61.99
61.2
61.64
62.21
62.5
61.99
61.99
61.35
61.53
61.85
62.05
62.13
62.13
61.99
62.54
62.24
62.38
62.38
62.95
62.6
61.69
62.27
62.59
62.53
61.88
61.4
61.08
61
61.58
61.98
61.95
61.58
61.02
61.12
61.85
61.8
63.6
61.4
60.84
61.35
60.82
59.61
60.18
60.7
60.4
60.54
60.53
61.4
61.2
61.22
60.78
60.17
60.01
60.22
59.63
59.49
59.08
59.69
59.23
59.95
60.75
61
62.27
62.3
61.86
61.95
61.86
62.12
62.1
62.37
61.19
61.38
61.18
60.85
61
60.99
61.4
61.4
61.4
60.97
61.4
61.05
61.25
60.77
61.15
61.05
61.24
61.96
61.99
61.66
62.35
62.4
60.72
58.8
58.5
57.93
57.91
58.55
58.67
58.18
57.07
56.8
56.63
56.82
57.24
57.26
57.64
57.48
56.89
56.27
56.2
56.71
57.32
57
56.81
58.1
58.83
58.75
59
58.7
58.6
58.76
58.85
59.35
59.35
60.41
60.8
60.47
61.21
62.6
62.44
62.28
62.43
62.75
62.52
61.64
62.11
62.49
62.14
62.22
62.23
63.2
61.87
60.8
60.65
60.91
60.34
60.79
60.88
61.14
61.33
60.28
61.65
62.36
61.95
62.32
63.08
63.88
63.52
64.28
64.4
65.74
65.75
65.92
65.8
66.18
64.35
63.65
64.05
64.23
64
63.09
62.62
62.95
63.87
64.53
64.08
63.92
63.62
62.72
62.65
62.04
63.2
63.4
63.19
63.15
62
61.13
61.5
61.29
61.54
61.8
61.64
62.53
63.5
63.15
63.24
63.99
64.25
63.36
63.18
62.91
63.9
63.7
64.23
62.9
62.01
62.1
63.64
63
63.93
63.54
64.1
64.58
65.15
64.05
63.65
63.41
63.22
63.26
62.61
62.42
63.19
63.24
62.89
61.5
61.45
60.85
61.36
60.79
61.05
60.08
60.54
62.06
62.13
62.58
62.87
62.14
62.2
61.99
62.02
62.33
63.3
63.26
63.7
63.92
64.23
64.99
65.22
65.1
65.4
65.05
65.01
64.79
64.9
64.34
65.23
65.51
64.99
65.84
66.47
66.87
67.8
68.66
70.05
70.18
70.2
71.6
72.2
72.1
72.21
71.24
71.94
71.94
72.66
72.78
73.78
72.4
72.94
72.92
75.35
74.79
75.14
74.72
73.22
73.8
73.5
72.17
72.05
71.28
70.85
70.75
70
70.55
70.23
71.34
76
76.26
75.62
75.06
75.4
73.96
74.07
74.53
74.59
74.32
75.95
74.16
75
75.15
76.02
76.65
76.8
76.26
75.97
77.75
78.57
78.1
79.25
77
77.69
76.25
75.24
75.64
75.32
74.44
75.99
76.41
76.33
76.3
76.37
76.75
75.98
76.38
76.23
75.7
75.36
75.27
74.72
75.17
75.91
77.29
77.04
78.25
77.2
77.3
77.76
76.75
76.96
75.07
75.04
75.04
75.04
75.04
74.5
77.21
77.35
78.11
78.51
77.96
79.77
77.34
75
74.6
73.62
73.73
74.95
73.95
73.41
72.61
71.4
70.76
69.98
70.09
67.25
67.8
68.56
67.04
68.5
66.45
68
68.46
68.2
66.35
67.12
66.99
66.53
65.23
64.03
64.66
62.64
63.65
62.26
61.6
61.37
61.37
61.37
66.99
68.32
68.5
67.98
67.9
66.79
66.3
65.95
67.5
68.03
68.47
68.57
67.36
68.12
67.47
67.7
65.6
65.93
64.3
62.51
62.78
62.72
64.28
64.43
63.15
64.1
64
64.5
63.34
63.04
63.11
62.39
63.45
62.68
63.4
61.9
62.05
63.11
62.44
62.48
63.48
64.79
65.58
65.99
65.83
65.7
66.19
65.61
65.83
65.54
66.1
66.02
66.63
66.18
66.56
67.77
67.3
66.42
65.91
65.72
65.53
66.68
67.15
66.5
67.42
67.32
67
67.38
67.56
66.87
66.68
68.2
68.6
68.62
68.8
68.13
67.68
67.49
67.75
67.84
67.21
67.16
66.91
67.81
67.32
67.69
67.6
68.65
69.35
71.24
71.53
70.87
71.16
71.55
71.25
71.04
70.5
70.58
69.65
70.35
71.48
71.68
71.82
74.05
74.89
74.95
74.7
75.3
75.75
75.75
76.27
76
75.72
75.5
74.6
72.44
72.53
72.55
71.87
70.89
71.37
72.7
71.94
72.91
73.6
73.44
73.68
73.65
74
74.28
73.46
73
73.16
73.67
72.79
72.79
72.79
74.12
74.84
75.14
75.14
75.93
75.51
75.55
75.32
75.45
76.8
76.02
76.8
77.44
77.49
77.73
78.14
78.27
78.2
76.94
76.55
77.96
82.6
81
81.4
85.5
84.51
85.14
84.3
83.85
82.2
83.88
82.5
83.2
82.78
83.85
84.14
83.55
84.26
84.97
84.21
84.11
85.25
84.5
84.06
81.76
79.75
78.92
78.64
77.47
77.95
78.4
80.09
80.01
80.73
79.23
76.78
78.78
79.15
79.6
79.7
79.7
82.35
82.14
81.36
81.22
79.38
79.84
80.02
79.93
81
81.89
83.06
83.06
83.06
85.73
85.4
84.25
85.67
88
88.26
86.91
86.75
90.35
91.87
89.2
88.36
89.53
89.97
89.2
89.2
90.77
91.12
90.19
89.78
88
88.12
87.24
87.1
86.86
87.56
88.46
88.87
92.54
92.2
92.81
93.53
96.64
97.91
97.91
98.42
97.47
97.94
98.72
99.36
98.43
96.51
95.85
94.18
96.38
97.43
98.26
102.78
107.18
105.77
106.32
107.38
105.43
105.05
104.99
104.73
103.51
106
106.57
106.42
109.64
110.15
110.05
109.2
111.17
108.46
106.85
110.99
111.11
109.65
107.66
105.65
108.66
105.97
107.47
106.04
99.7
94.1
94.79
95.12
93.57
93.45
91.48
90.96
91.64
93.26
94.5
93.25
92.14
91.13
90.49
89.74
86.72
88.15
89.02
89.05
90.84
91.66
92.18
90.75
89.02
88.14
89.97
92.19
91.7
92.98
91.97
92.5
88.4
87.49
88.88
88.42
89.25
87.52
86.29
88.54
93.32
94.43
97.05
96.27
95.18
94.47
96.23
96.42
98
98.91
98.74
98.27
99.02
97.39
97.24
97.57
98.55
97.99
95.32
92.92
93.56
91.36
91.36
89.75
91.47
90
91.55
91.82
94.01
93.65
93.72
91.99
92.91
93.95
95.17
95.15
103.02
103.77
102.6
101.02
100.81
98.68
97.3
96.06
96.79
96.25
96.39
98.23
98.15
97.78
100.48
101.95
103.72
102.5
102.15
104.87
105.14
106.18
107.99
106.47
107.23
104.51
105.41
102.6
103.57
104.53
104.88
108.75
108.75
108.75
108.75
108.45
108.86
108.86
108.86
107.29
106.11
103.3
101.75
103.62
98.13
96.32
97.18
98.41
96.78
94.94
92.61
92
84.17
85.7
82.25
84.3
83.86
83.23
86.25
86.38
86.18
89.39
90.8
86
87.01
84.72
85.58
85.45
88.97
88.96
89.73
87.58
89.43
89.93
88.34
87.77
87.66
88.7
90.95
92.07
88.43
85.42
84.2
82.76
85.47
83.2
81.5
80.08
81.67
82.61
80.68
80.1
66.42
70.79
68.88
67.01
67.01
67.01
67.45
68.29
69.72
68.88
68.65
71.77
71.77
70.45
71.13
72.26
71.84
71.14
70.68
68.25
67.9
69.08
70.81
70.42
71.94
71.7
71.1
73.7
73.88
74.59
74.81
73.39
75.57
77.1
76.65
76
76.67
76.52
74.89
75.04
74.95
75.03
74.83
76.54
77.03
75.34
73.95
73.72
71.46
71.89
71.66
72.07
72.54
72.92
72.27
71.62
71.35
71.11
69.96
71
71.72
70.77
72.52
74.46
74.46
75.65
75.34
75.09
72.69
73.78
72.91
72.96
71.01
70.89
70.52
70.2
68.05
69.32
68.44
70.81
69.67
71.05
70.56
68.78
70.12
69.13
69.64
71.6
73.93
73.71
73.97
73.83
72.5
73.54
72.5
76.77
74.64
74.95
73.7
74.75
73.58
73.7
73.36
74.96
74.26
74.12
75.37
74.3
70.74
68.84
70.31
69.36
68.32
68.38
69.46
68.57
66.46
65.47
64.99
70.3
68.03
68.1
67.55
68.04
66.79
64.91
65.75
63.73
60.81
61.13
55.44
54.54
49.08
50.65
46.8
52.13
53.86
46.3
43.18
45.2
48.68
49.99
46.88
43.52
40.77
36
35.52
44.07
44.55
46.46
47.7
50.38
48.92
44
43.49
45.18
41.15
40.08
41.95
42.53
42.22
42.41
40.81
40.24
39.98
46.29
47.66
46.78
48.93
47.07
44.75
46.48
48.12
47.74
44.8
49.4
48.78
49.05
48.46
47.38
47.15
48.25
49.16
51
52
51.55
50.83
50.83
50.83
50.83
51.65
52.68
52.68
52.68
55.5
54.91
56.19
55.12
52.96
50.76
49.5
48.1
42.31
43.24
43.2
43.77
42.94
44.45
43.43
41.7
43.54
44.77
46.35
45.39
43.98
43.28
43.72
45.89
46.66
49.54
48.87
46.52
47.54
46.11
46.27
45.72
44.45
44.68
44.57
41.89
41.06
41.12
40.7
41.66
40.33
38.7
38.36
40.37
39.08
38.49
42.24
42.75
43.99
43.49
44.34
44.49
43.85
43.63
44.3
45.96
45.82
44
44.38
44.34
41.46
43.01
42.97
45.31
46.82
44.89
43.95
43.68
45.82
45.82
46.6
46.43
47.6
48.16
45.85
46.2
47.87
46.8
49.31
49.15
47.45
51.32
51.03
51.03
52.71
51.64
52.73
51.15
52.67
51.78
51.5
49.2
50.24
50.51
51.75
54.49
54.99
52.62
52.89
52.93
53.29
53.78
52.56
51.44
54.4
54.56
53.61
53.56
54.5
53.45
53.13
54.02
54.31
54.1
51.53
51.9
51.39
50.64
50.65
48.93
48.13
49.18
48.99
48.85
50.41
49.16
50.18
47.5
47.37
46.88
46.25
46
47.22
46.43
48.49
48.84
50.45
50.95
51.62
52.38
53.7
54.15
55.62
55.1
55.92
55.37
57.05
57.25
56
57.25
57.17
56.57
57.87
59.02
58.73
57.25
57.56
57.84
57.12
55.9
56.14
56.2
56.95
59.12
59.44
61.7
60.5
60.26
61.03
60.45
58.46
58.99
59.15
60.25
61.47
61.97
63.13
64.58
63.76
64.71
65.3
66.2
66.42
66.45
65.58
65.66
66.05
64.57
63.53
65.96
64.81
63.28
61.58
60.2
60.55
63.1
62.9
64.5
64.74
66.45
65.62
69
68.45
66.56
67.73
67.26
67.41
66.08
65.55
64.67
65.05
63.09
64.52
61.47
61.74
60.6
61.38
62.15
61.96
63.7
63.58
63.71
63.75
63.85
65.79
64.95
66.5
65.3
64.1
66.5
66.05
67.09
64.88
65.72
65.26
67.69
67.57
64.08
63.5
62.46
62.03
60.61
61.5
61.8
61.32
61.35
61.91
61.79
61.72
63.44
63.79
63.92
65.06
64.83
64.21
65.47
65.51
65.75
66.53
66.95
67.12
66.3
66.9
67.2
66.43
66.78
67.53
65.85
64.75
64.78
64.6
67.92
66.98
64.9
65.03
65.05
66.1
65.47
63.05
61.67
62.56
62.98
63
63.07
62.14
62.75
63.25
64.3
65.17
65.34
65
63.81
64.17
62.32
62.99
64.77
65.91
67.2
66.45
67.46
67.07
67.05
67.78
67.22
68.38
67.7
69.67
71.9
71.75
71.28
71.24
71.81
71.95
73.75
73.3
74.42
73.09
74.15
75.74
76.26
75.06
74.1
74.84
74.78
73.6
73.43
73.11
71.13
72.02
73.88
73.08
71.39
72.83
75.72
73.03
71.98
72.91
74.34
73.09
70.88
70.79
70.76
68.25
73.5
74.99
76.25
77.9
73.96
74.12
76.45
74.35
71.82
71.1
70.71
68.67
70.84
73.45
73.45
74.02
74.01
73.88
74.86
72.7
71.98
72.55
74.7
76.15
74.35
77.35
78.13
78.22
77.47
77.26
79.23
78.51
77.31
75.2
75.12
76.5
73.55
74.02
72.7
71.72
71.65
72.13
72.7
73.69
73.22
74.15
75.84
76.27
75.08
74.23
73.23
72.66
73.34
76.01
76.42
76.77
76.85
76.15
74.42
74.79
77.62
77.79
76.88
78
76.34
78.45
77.43
75.42
75.16
75
74.9
76.04
76.48
73.98
73.38
73.05
71.52
70.94
71.36
72.25
71.36
71.78
73.89
73.65
74.63
74.78
74.53
75.35
75.85
75.79
75.92
76.15
75.79
78.02
77.15
78.89
79.37
77.16
76.45
79.28
77.84
77.73
77.58
77.43
76.72
75.56
76.14
77.7
77.02
77
77.28
77.28
79.79
80.5
81.06
81.85
81.54
82.69
83.8
83.48
83.26
82.35
81.36
82.41
82.08
82.21
82.71
81.83
83.43
83.9
85.1
84.98
83.16
85.34
86
85.41
83.3
84.03
85.77
85.49
85.43
83.65
85.32
86.47
85.87
84.52
84.29
88.09
90.3
89.7
90.06
91.59
90.99
89.76
90.43
90.92
91.13
93.19
93.23
92.38
94.26
94.33
94.01
94.78
94.36
94.36
94.75
92.7
93.96
92.19
90.76
89.99
89.72
88.8
91.48
93.06
92.11
91.07
91.6
91.41
91.67
90.65
92.35
93.85
93.61
94.24
94.88
93.79
93.63
95.12
93.7
93.65
93.24
94
94.04
93.92
93.7
94.68
95.01
94.84
96.9
97.29
98
96.8
95.53
92.48
93.81
94.16
97.59
96.31
95.3
96.24
95.4
94.59
94.28
93.88
92.46
91.26
89.83
89.05
86.43
90.21
90.4
93.32
91.51
91.6
93.01
93.92
94.27
94.23
96.31
96.71
99.38
98.15
96.87
97.85
96.29
96.28
95.42
93.01
93.74
93.2
94.68
92.43
92.35
95.46
95.97
96.85
97.17
98.24
98.22
97.83
97.39
94.62
94.8
95.95
94.86
96.03
95.99
94.77
93.13
93.3
92.11
91.76
93.84
91.75
90.1
90.87
90.08
89.82
90
90.39
93
91.39
89.83
91
90.21
90.32
89.48
91.18
89.46
89.47
91.25
90.87
90.82
92.01
91.65
93.48
92.75
91.6
92.36
92.79
91
93.48
94.7
94.9
94.41
94.47
94.95
95.25
94.68
93.15
92.98
94.15
93.45
93.05
91.69
93
92.5
93.42
93.2
93.61
93.56
91.15
90.13
89.38
86.01
84.08
81.25
78.04
76.09
72.5
74.24
70.51
72.28
74.1
74.46
74.65
74.25
69.79
68.26
68.61
69.23
70.95
70.5
69.65
70.37
70.35
71.88
71.54
69.78
65.96
65.7
68.3
67.7
64.96
64.45
64.83
66.85
69.54
70.08
68.61
70.22
69.15
66.25
65.53
66.41
69.37
68.84
69.65
68.12
67.07
65.67
68.61
71.15
72.05
73.8
72.85
74.08
73.9
74.84
73.93
74.23
73.4
71.91
74.01
75.54
75.51
75.15
77.8
78.19
76.22
73.58
74.3
75.73
74.05
72.84
73.33
72.36
72.41
74.14
73.41
73.14
73.11
72.99
72.01
70
69.15
68
67.59
68.6
71.26
72.25
74.99
74.4
75.16
75.7
75.6
75.21
73.66
74.75
72.73
73.13
72.08
71.54
71.41
71.25
72.92
72.19
72.33
72.67
72.67
73.07
72.35
73.41
73.94
75.44
76.78
76.4
75.89
76.12
75.75
75.75
75.5
75.67
75.49
76.09
77.39
77.89
78.35
78.05
78.4
77.39
73.52
73.58
72.8
72.26
72.14
73.13
74.2
75.83
75.79
75.86
76
75.52
74.37
74.49
74
73.95
74.1
74.4
75.1
74.97
74.84
74.75
75.02
74.5
74.8
74.86
75.44
75.07
74.27
72.55
73.34
74.69
74.68
74.8
75.97
76.45
78.49
79.71
79.47
78.44
78.59
77.92
77.36
77.1
76.87
75.99
74.94
75.59
76.44
75.75
73.92
73.88
73.88
73.88
72.46
72.93
73.01
71.59
71.74
72.94
71.14
69.86
70.68
68.9
69.81
70.53
70.32
70.58
69.97
69.97
68.95
68.98
67.7
67.54
66.47
66.9
67.71
68.27
67.1
66.55
66.44
65.91
66.01
66.42
67.6
66.26
67.07
68.58
68.14
68.56
67.31
66.51
64.85
64.4
64.16
64.97
65.03
65.26
65.07
65.81
64.89
64.84
66.59
66.21
67.15
67.4
66.69
65.7
64.07
63.11
63.68
63.06
66.14
67.14
67.46
67.49
67.59
66.64
66.44
66.95
67.17
66.64
68.03
68.27
68.26
69.2
70.12
69.19
67.26
67
67.32
66.52
66.9
69.14
69.1
69.23
68.34
72.55
73.35
73.75
74.05
73.94
74.17
73.89
74.01
73.93
74.16
74.63
74.73
75.59
74.77
74.11
74.54
75.27
75
75.05
74.65
75.42
75.77
74.71
74.9
76.53
77.38
77.7
78.4
78.34
78.3
79.5
79.24
79.12
79.16
79.49
79.15
78.89
79.28
77.69
78.09
77.61
78.67
78.72
79.18
79.31
80.2
78.99
78.41
78.05
77.05
76.19
76.35
77.44
78.05
78.95
78.29
78.05
76.94
76.85
76.56
77.23
77.02
77.44
77.54
78.4
79.56
79.25
79.99
78.85
80.27
79.7
79.28
79.77
77.98
77.36
76.62
78.02
78.61
77.6
77.83
78.28
78.01
78.43
78.94
79.15
79.3
79.58
79.66
79.96
80.51
80.7
80.82
82
82.22
82.19
82.08
82.27
82.71
82.99
82.98
82.47
82.47
82.47
82.47
82.69
82.2
82.2
