1.25802349206873 0.490163671771983
1.25486274620152 0.485448834694706
1.25462441688363 0.485245164424367
1.25456169777153 0.48676688656055
1.25457924684725 0.487257514423524
1.26138980984164 0.503230456027424
1.26486019857033 0.508838381907706
1.26166232363551 0.500166589450472
1.2668867338498 0.508798874080625
1.26668562150042 0.511505712259136
1.26472239812842 0.510465604879698
1.26295125705198 0.508741990386668
1.26791691747974 0.523969806651802
1.27022261498419 0.524824643503067
1.27197709543117 0.529625763950573
1.27600502901720 0.533513258531341
1.27296893135346 0.530261060941658
1.27624333452519 0.540216483407548
1.27309117000333 0.538674022214748
1.27272159041331 0.538415148197078
1.27353051105989 0.540665631229794
1.27404899143293 0.543554143035884
1.27458396148408 0.546735795143618
1.27459283498536 0.549391279410098
1.28074123282801 0.55740605165193
1.27650024632648 0.553394662446503
1.28414131218745 0.5634965493201
1.28248166690109 0.555012728489549
1.28977134997156 0.575195008000166
1.29119292771515 0.577123690413561
1.28931949838586 0.572949484161352
1.29254584184167 0.573719226204253
1.29616202731016 0.580162062560079
1.29646077925364 0.580810650456437
1.29212748632854 0.572031787822978
1.29480119060228 0.57551261113322
1.29227467747565 0.57111091377725
1.28772891597460 0.564602279750296
1.28237017846901 0.560724888521332
1.27976693804592 0.56121302875418
1.28471391505709 0.565746887366252
1.28538910499009 0.562997101558829
1.28842474665895 0.567998102763577
1.28583912641372 0.566333300002051
1.28519094706839 0.566382874856729
1.28096821012451 0.555787931374708
1.28016682311501 0.554709254987382
1.28242743776318 0.556257045068701
1.28233327227123 0.555486904489362
1.28642798290430 0.55987930668641
1.2905088320925 0.560691545140488
1.27959713592526 0.548102191107905
1.27941097155122 0.55060101075083
1.27911100949992 0.551505866498868
1.27922564598768 0.55231717074795
1.2814329262865 0.553616521559584
1.28280500745129 0.557717331766699
1.28438658825227 0.556056958749958
1.28717612263494 0.564046297112456
1.28648922184973 0.565379151034302
1.28419875569854 0.561599910456692
1.28136694746044 0.557922162559798
1.28627163916689 0.564344908746277
1.28462155560287 0.560448094690626
1.28344155887462 0.556035112444515
1.28495074879033 0.550383630883307
1.29024490354959 0.56474647850318
1.28742870873211 0.56087585824946
1.29909143603135 0.586282673093308
1.31155051980830 0.614072160590018
1.31441667632114 0.615492264959185
1.31595388680237 0.619617997281528
1.31113329808704 0.608196263561858
1.30703099899288 0.596289492132775
1.29507668620450 0.567612002495679
1.28617387755518 0.556386669049629
1.28091172345836 0.550307008517194
1.27966125836431 0.550638107691352
1.27186296018261 0.535290641005493
1.26778621866541 0.532285174520187
1.26528498562473 0.527745036313663
1.2695532976202 0.532296680712871
1.26647313505300 0.530167979976004
1.26267109407486 0.521526348048436
1.26079807939473 0.518227332108264
1.26372617272714 0.521026639158489
1.25994301448582 0.520103865789893
1.25851047825848 0.516254944199074
1.25382187796905 0.511442848080226
1.25805278032390 0.517315728226693
1.26279087032434 0.518136755715325
1.26162661159112 0.515637688403723
1.26070539490897 0.515980538755315
1.26194406350587 0.51767147934933
1.25833592513505 0.510300509128596
1.25888968227142 0.509387866609774
1.25927984171075 0.508160796072905
1.26069416304182 0.506606059639918
1.25416211519608 0.502229312273037
1.24513594331716 0.484196427201355
1.24284570381637 0.479135122596241
1.24309301792100 0.477046070956137
1.24558959388578 0.477598669240106
1.24954844665249 0.483948544268573
1.25187442852689 0.488344590173859
1.2520420792206 0.49155933548307
1.25675140298563 0.495959666374567
1.25914707657400 0.497329867667574
1.25819290122980 0.498927587070411
1.26501333963631 0.509973735982766
1.26340413386867 0.510024304471617
1.26066374650511 0.502467004217509
1.26278031893784 0.504467522916046
1.26122278706041 0.503691747419903
1.26393638656424 0.505171809153131
1.25544197630171 0.493933162206031
1.25423379468450 0.493844833593504
1.25117675641636 0.486471038149258
1.25066647438541 0.485215827398981
1.25470005535904 0.494481822726196
1.26114240760844 0.501536409274405
1.25928746516761 0.499485986994652
1.25906077401817 0.498683428810651
1.26027344715628 0.50051382496885
1.25617684405446 0.495273903527929
1.26562073423885 0.522455343509852
1.26478189883662 0.523332204895569
1.26523597180219 0.521389317091944
1.26738009489513 0.524518322225769
1.26721145275593 0.524546117776413
1.26456348197780 0.522226377179363
1.26317778889282 0.520519992439845
1.26792261670986 0.522883567253826
1.26556648453995 0.520882723620666
1.26860804755295 0.526189845447242
1.26773184724723 0.526063191540101
1.27053903644483 0.528280719690388
1.27007914047760 0.526821790142678
1.26809243369301 0.520953853464896
1.26906933796323 0.522160344594163
1.26773732250318 0.519029719201341
1.27013755265722 0.518285260039481
1.27247907101522 0.520488070392695
1.2740691531471 0.522186563331113
1.27110908865925 0.519390484594989
1.27472293413237 0.528808344712045
1.27236209915594 0.52559670236482
1.27534484555018 0.525779396316964
1.27943067103315 0.532118661554899
1.27576073895575 0.525325635073869
1.27665645169138 0.532244292780722
1.27886535156913 0.536819458366915
1.27466955854878 0.527727344909924
1.27314536177662 0.528075921713578
1.27664335146232 0.534582133910602
1.27439750654071 0.533385146313776
1.27115513688799 0.530227169898953
1.27359091379173 0.532100545395431
1.27799307253174 0.535973241841242
1.27630660541151 0.536226518488331
1.27869648731560 0.538035390997004
1.27844917482155 0.536410783143657
1.27595713239701 0.535220619330375
1.27124615768909 0.529441845082181
1.27218611020723 0.529917474889264
1.26776202578412 0.512371633919353
1.27075196556927 0.514920524562257
1.27156096548218 0.514777915405691
1.28221067803661 0.532590610902371
1.28204219480723 0.531215569980057
1.27784581420193 0.528263169643091
1.28418106188456 0.541728510490282
1.28419821793784 0.53744860320904
1.29294836013717 0.551773003784265
1.28260954246772 0.547067776225796
1.27840250858489 0.536916443740185
1.28089016813478 0.541982334184813
1.27204510380799 0.524344151373382
1.27470503783431 0.530175910047912
1.28058612224983 0.553489833817184
1.28235899032517 0.555810305106374
1.28283027481389 0.557136261797025
1.28863744650441 0.561541022174971
1.28469643379842 0.555964004148446
1.27904655074984 0.550906709780562
1.27426747539987 0.543521086946147
1.27088039301950 0.538211069072924
1.28311880759266 0.569571565035603
1.28347780086225 0.571149224430949
1.29193548734555 0.575125958150038
1.2925429667869 0.574626542570249
1.29459622743895 0.582018750669406
1.29873529288559 0.591196597259526
1.29671673738056 0.591240883959421
1.29790405580460 0.588340485617004
1.29444159316342 0.588263775697121
1.29577143808693 0.587561475018028
1.29716567428125 0.594655902011529
1.29498380687311 0.594248274462284
1.30861410810833 0.595687436141192
1.31027691216310 0.596433328470625
1.31442275291905 0.603019118121453
1.31910837215054 0.606623842075698
1.32210571532627 0.61145487603283
1.32352117434234 0.610113369075124
1.32326944580036 0.611440384104745
1.32814510187011 0.622329042986471
1.32891115452302 0.62618604542513
1.32869053513144 0.614979961945542
1.31963698248395 0.594684640563285
1.32251673959838 0.598328756518338
1.31817034075860 0.594278042432383
1.31921035430261 0.597048246791369
1.32368362988353 0.60528053673672
1.31943708209753 0.591879452400087
1.32495666514272 0.597852586742104
1.32476023340006 0.589623515602154
1.32563557342223 0.582677083698666
1.32567191839156 0.582187657635249
1.32093603015894 0.58134551186314
1.32998681864329 0.609137001155954
1.33022068094258 0.612188736628519
1.32950073514230 0.613302997661186
1.31507428049965 0.590652793705332
1.30333770843454 0.558442328260357
1.30263382629959 0.556431517718184
1.29537307884493 0.547022779220483
1.2975929114288 0.548301401424259
1.29553259793314 0.543986717549613
1.29828407912765 0.548751920797196
1.29454154502744 0.545461956835216
1.29850099552321 0.549462265806284
1.29410602569451 0.547637075889693
1.29739041982348 0.548205800643999
1.30203150714510 0.557340164124313
1.30949643944572 0.569536048050914
1.31306366145641 0.573539826788237
1.31296880836066 0.573912555175469
1.31516870413712 0.576641102171608
1.31666696889738 0.576919617133914
1.31308883053791 0.574963580126373
1.31700733275311 0.583112083328779
1.31895082630948 0.585344828993265
1.31592833687518 0.580675375065908
1.31830422524581 0.583585193399755
1.31426089176691 0.576620228361097
1.31365778312570 0.573154872659484
1.30964700473649 0.568410826832185
1.30822664129078 0.567234951499703
1.30847090435507 0.567416379818226
1.30649677502123 0.564268206180878
1.30503592946277 0.562950215973219
1.31549403753850 0.568318628815912
1.31451007926813 0.568879951427316
1.31609922648927 0.569402558304207
1.31226654869836 0.561969563207984
1.30907530706007 0.558881151028702
1.3086341291604 0.555885877143071
1.30359686338713 0.549041684614063
1.31067398016188 0.566236814154935
1.31357165247420 0.567771154343136
1.31266885288309 0.565772121916309
1.30651088697657 0.554576113846836
1.30044066018759 0.545562687963968
1.29696313220389 0.543114057981032
1.29443973653878 0.539297246866017
1.28983627493024 0.530908943324195
1.29218173923618 0.532901603292513
1.28513370574624 0.523091904904859
1.28424851375907 0.519286631173652
1.29126766975342 0.525453402266886
1.29663522832402 0.531110879221403
1.29887500213794 0.53035237936513
1.30218115151701 0.532420624831164
1.29849129283305 0.52543669049737
1.29888689900346 0.526965613553642
1.29599298847577 0.52332166665631
1.29591757158806 0.522130700909547
1.28897259745567 0.509783232160853
1.29054655025872 0.510686836652116
1.28872314820418 0.511613674793601
1.28937547122640 0.511452406959293
1.28964515463785 0.510985360677185
1.29416925615764 0.522041123145914
1.29648407374606 0.523728812954848
1.29445509392320 0.518686862884664
1.29359110231886 0.517259338607216
1.29277560104455 0.51670591901129
1.29879238866022 0.524951485964124
1.30452634953065 0.530814091753158
1.31205353623515 0.555314637355051
1.30957049973199 0.549802252200141
1.30895740169884 0.547048869462078
1.30537823865507 0.5423388850005
1.30322543009188 0.542227295209987
1.30062945788507 0.539824684875217
1.30010140577251 0.537277392237771
1.30263395699812 0.53775970246217
1.30491324712805 0.542499607552146
1.30403911553244 0.542286646415212
1.30238669648953 0.542512131934618
1.30384825498716 0.540602225159789
1.30570291839647 0.546720140519865
1.30349750304159 0.542242082104364
1.29705152340212 0.533896384595742
1.29496701176779 0.531777726833796
1.29284471347510 0.529036809035464
1.29076682175855 0.527813223309779
1.29021666040321 0.52911452338761
1.29161101136774 0.52776373974491
1.29227302931138 0.527007108162608
1.28760281193956 0.521241180920194
1.28444946603705 0.51886145526388
1.28297509041408 0.516677371746888
1.28524371255359 0.517793966168344
1.28538981890977 0.519657207743329
1.28408609470711 0.517873888171543
1.28474360208602 0.517108400805834
1.27723567365174 0.506889284208628
1.27486051817242 0.505898912905044
1.27475497266891 0.505303099711901
1.27366826650839 0.499101513178108
1.27046054532567 0.49834775882625
1.27605350298055 0.506270563873956
1.27883534556938 0.507243037622369
1.28267150656532 0.510985492259667
1.27892837241815 0.50493575286155
1.27979790705139 0.50502518209067
1.27808905444626 0.506117284942881
1.27920747266195 0.506611289688461
1.28737989168466 0.518913491832067
1.28670185904073 0.519034665315354
1.28584045338545 0.519702089300339
1.28954442140826 0.525417312980369
1.29115925156260 0.528371082425909
1.29045755659270 0.52807674415033
1.29066601470091 0.525923831229285
1.28909684075455 0.522921548052704
1.28971466732611 0.52439615801282
1.28761835849608 0.523012471698284
1.28560059038858 0.520836557470308
1.28239806468581 0.521694045417755
1.27889274474075 0.517728032678911
1.27792316712635 0.516868290094392
1.27927847357583 0.521475013962805
1.27915452635886 0.521561810810302
1.27892275974791 0.522554911547807
1.27868449601261 0.521707508241899
1.27842182595054 0.521621433947073
1.28214049914554 0.526591729916159
1.27883826948233 0.521608558178983
1.27987314841076 0.529242955710097
1.27492964094632 0.523740063797802
1.27243005616429 0.520983356068611
1.28182190451964 0.525283717238731
1.27960289475177 0.508823675056286
1.27724546476544 0.510519858862648
1.27491792157699 0.508592594186564
1.27234129845034 0.507852420008792
1.27008939423508 0.500795995522325
1.26747022101064 0.501051870616997
1.26676714220164 0.500863712143052
1.26535714693810 0.49887503196576
1.26357741277909 0.496505381212881
1.26044035475318 0.493672291182006
1.26295113048987 0.489267245795121
1.26276753835101 0.487498465830177
1.26008362709002 0.48605582205118
1.25836498172842 0.483868234290066
1.25755937976822 0.482846657877286
1.25311171001179 0.477790081761626
1.24945296272701 0.472673772683583
1.24987756465157 0.471518618904251
1.24878393400134 0.469627042412931
1.24689556118520 0.466461176996918
1.24042042613018 0.452994965699658
1.23992268618693 0.451780691209762
1.24378629198837 0.459474073193324
1.24595995910693 0.462015850093657
1.24623848787030 0.463911663158988
1.24510463083330 0.463077932307484
1.24280458787364 0.460535692823791
1.23711285283736 0.452366758351624
1.24010942045830 0.456505653020269
1.24038593391230 0.455687440060365
1.24178948981019 0.454283096965066
1.24430566175001 0.457716380691222
1.24572111610913 0.460294424562782
1.24682554952268 0.460532939305158
1.24270744849498 0.452361837844931
1.24453346275566 0.454542426840438
1.24221205855603 0.44961953175045
1.23979913075523 0.446381376154612
1.24007158625846 0.445649515544767
1.23963382604158 0.44048736495206
1.24024359854597 0.44152558558797
1.24127170214141 0.442493365096213
1.23876386263714 0.440203747079435
1.23772127862916 0.434842078447876
1.23599320047503 0.434455624195437
1.23176199377255 0.428896798653974
1.22998382871599 0.421699233426328
1.23286283151128 0.422687797183233
1.23509384645371 0.426348261057400
1.23221500971300 0.421953569142629
1.22877520183243 0.413226545298355
1.22873706038793 0.4150203951336
1.22583514989630 0.410856883409227
1.22472697545285 0.411645141562637
1.22400229383419 0.409180706708824
1.22330151490748 0.410106576027692
1.22553434670411 0.413900892761548
1.2213887915099 0.403752009690715
1.22123504718653 0.404639358732222
1.21932330202603 0.402711365619067
1.21998131249350 0.403714344842198
1.21657071740494 0.399891556373184
1.2132117885274 0.397878829281203
1.20870023125287 0.391090217859896
1.20884654842254 0.389432210100792
1.20807355083247 0.387602822982819
1.20652643854391 0.386272657447489
1.20494888034908 0.386640761318791
1.20019574441680 0.37989602999478
1.19986314354752 0.375596480643830
1.20510926803821 0.385947823193540
1.20797384934325 0.394014679299668
1.20911223004333 0.394603874742552
1.20815053210171 0.392397713441936
1.20249907141812 0.376749978715967
1.20108562714440 0.375203972012203
1.20049766949099 0.372578193451028
1.19209127752568 0.364157369316734
1.1900962794193 0.359924950497555
1.19247132866151 0.362746525591063
1.19462318260319 0.36491754390166
1.18813144391814 0.350026327240134
1.18644696118445 0.346379530933341
1.18482355152956 0.345349067614920
1.18167602875942 0.341334257702864
1.17943820004883 0.338574439344252
1.17496570640793 0.333368879967305
1.16817315029701 0.324728231892899
1.17033650703759 0.326626651990417
1.16627738242755 0.32088778799697
1.16615959616107 0.318609885629845
1.16342351818358 0.315061151046292
1.16304464061952 0.314327728698552
1.16283275729040 0.314095121211224
1.15269929639248 0.308865665803303
1.15149531281424 0.307687302412535
1.14643565563712 0.299649268471857
1.14380079723445 0.299878011183497
1.14057524326740 0.294251559310012
1.14299968609919 0.300231361158524
1.14531137735292 0.300384478832314
1.14280955880061 0.292807945351011
1.14057766803625 0.290952890100937
1.14362861856559 0.305537983903963
1.14959448640537 0.317718002483137
1.14839097225956 0.319435929459351
1.15043534604598 0.324001404863542
1.14639456202301 0.317933932324825
1.14444038577765 0.318658276949446
1.14838984221872 0.3269118465536
1.14135668973082 0.310811159248397
1.14536879043912 0.335154794774386
1.14365920376864 0.338707261811109
1.14673152351728 0.349996806964378
1.14853103221933 0.354460302884667
1.14061138792316 0.314964676604769
1.13628698680183 0.300784527104619
1.13331234362797 0.290067790695859
1.14333916304289 0.311076993902859
1.15123378704962 0.333583167148477
1.14775856148585 0.329317416471495
1.15391607885193 0.340913610206676
1.15608210885059 0.343144531307021
1.15505638468328 0.341282163070808
1.14810000971481 0.335436293172599
1.14814458972282 0.335028146155376
1.13978155313516 0.314803116790792
1.14380587496439 0.320215149602941
1.14198978851643 0.317940393744695
1.13873143157179 0.310571940257404
1.13551727920504 0.304143619009422
1.13441925892143 0.303368343797024
1.13013913976870 0.298385779753405
1.12363879507680 0.293201500223343
1.12388730753531 0.29533402419451
1.12618431709167 0.29552085865138
1.12611085448539 0.289121884367448
1.12874235588350 0.294076780322609
1.12968864856859 0.295929031525735
1.12986868040904 0.293034132870632
1.13065939711440 0.292741373475551
1.12757237743796 0.289204237702859
1.13166844291552 0.299292886173455
1.1310992057713 0.297535693255981
1.12728215913583 0.286290496150775
1.12770894586490 0.285254562471384
1.13006041721212 0.286186469459336
1.11961077035821 0.279836503513983
1.11541860943935 0.271037562916516
1.11445138817345 0.269814266806373
1.11427844623952 0.272030588876172
1.11562868582240 0.271527017953031
1.11808471159164 0.275583096604753
1.12005789831928 0.277925866002420
1.12366022262129 0.260012979868768
1.12548848364656 0.263066501517027
1.12229753538407 0.259340757366975
1.12222841223101 0.257081792402955
1.12339726818668 0.262012086620703
1.12492749650924 0.259847673366018
1.12656962741148 0.260668885536981
1.12721075033878 0.263459268611060
1.12278634800158 0.256011170767460
1.12002247508728 0.246778815758604
1.11789322002487 0.244603427019842
1.1086419177794 0.239542336693083
1.09700283567892 0.232744653551719
1.09792971421991 0.234939179314351
1.08733252044416 0.227401488452292
1.08847303073568 0.229392934058587
1.08307150380653 0.223742046496598
1.08328401048730 0.219960610521852
1.08441032956006 0.221649303207398
1.08082813989720 0.215764820909466
1.08101883797900 0.217935752042896
1.10021128843694 0.228119890911894
1.10375335605166 0.232315048009083
1.10536658179792 0.233743695646451
1.10061577264417 0.230853785578404
1.09782156468290 0.224871653498954
1.10123779186846 0.231979567162732
1.10104601896797 0.232111001372181
1.10232870224101 0.231022995818462
1.09951087180315 0.227295507180867
1.09675235297071 0.224712186168084
1.09085165102524 0.197822337491286
1.08919618979661 0.194789292088530
1.08908228552463 0.195547941709386
1.08748155418121 0.188199489030749
1.0893411537799 0.190895853710696
1.09159799428153 0.196015524740668
1.09290991663844 0.200042049489386
1.08790331318902 0.186095934749897
1.08492513700143 0.177061909771874
1.08566468966794 0.176144066778034
1.08590218768600 0.177282400165055
1.08563641323045 0.177022149190959
1.07974256976330 0.16953747770752
1.08195537617084 0.173701323505260
1.08509073507698 0.178168602392996
1.08555730709982 0.179443654631052
1.08676889381919 0.180708839929386
1.08668224086457 0.179252994363595
1.08699247077898 0.179528453297142
1.08942996143726 0.187462333178451
1.08961600205239 0.189628779166254
1.08580884022664 0.180885296855345
1.08869234829180 0.184411400623692
1.09161732338277 0.193228927145352
1.09094088326297 0.192654545038602
1.09126410802488 0.195820012064491
1.09182886770660 0.195276900483478
1.09136533721617 0.194367158534911
1.09571874250293 0.201419305837447
1.09721971938812 0.204642282780918
1.09469851616095 0.197134699736157
1.09755118496085 0.209216381093799
1.10028051755127 0.211966423419876
1.09108916820552 0.181505074080733
1.09593466211348 0.190986538513992
1.09500426457522 0.19176425692089
1.09601077314223 0.189200480957511
1.09769418535484 0.190567687909176
1.09976126018650 0.191920754128729
1.09999071813921 0.19066068497689
1.09328620891831 0.173358960242579
1.09723988278412 0.182145415215167
1.09582614098458 0.179269247484322
1.09083894976862 0.173960694584205
1.08804013500046 0.169755371222721
1.08722750350784 0.167766488955238
1.08882186941459 0.166028001061641
1.08839306460877 0.163255306901894
1.08739387344073 0.164189925137340
1.08948963628597 0.166512000609887
1.09098432149099 0.172217536466593
1.09205419167719 0.171871216944195
1.09340058710771 0.174217780359672
1.09262529456418 0.173495388916340
1.09065587059423 0.163693331455526
1.08849036221012 0.158991127785596
1.08782013261227 0.161341548222856
1.08674179604877 0.158843285740322
1.08756627683532 0.159382832274724
1.08809516657094 0.160538239404125
1.08777749435255 0.159826131563065
1.08539952187537 0.156029175925378
1.08848795588493 0.161863662333457
1.08735511006174 0.161788585934105
1.07422174157618 0.154899944820735
1.07408972976428 0.160054794890953
1.07028949762779 0.153589953378034
1.07024321381165 0.151456396905106
1.07637736979533 0.162456503857902
1.07478987453169 0.162372333086717
1.07843093753780 0.168334535574494
1.07641141377954 0.162678384037685
1.07628465301722 0.163470334603397
1.07683660892922 0.161264260949641
1.07788446472619 0.160864096862660
1.07581701710416 0.157448215940897
1.07428289795974 0.156734611883021
1.07927467775777 0.166625637856905
1.07965076483841 0.168759962140065
1.07496691786128 0.157782246935351
1.07633013132485 0.159499788332034
1.07670914716183 0.161877172180737
1.07707413800816 0.162740130059295
1.07667445010501 0.162432349955109
1.07940286152242 0.165911373980906
1.07937939132442 0.166750601436636
1.08223810803566 0.171842609219421
1.07835523840537 0.166416247768682
1.07616550667424 0.162163637712179
1.08017333925592 0.164991445182524
1.07899298761763 0.163902409868549
1.08163013559431 0.168549273761532
1.08648771171129 0.176618223773367
1.08423525332488 0.172393465539217
1.08254509868326 0.172161736662172
1.07758759026581 0.162816573195236
1.07544485150412 0.159167212917087
1.07729990701510 0.162868600584377
1.07738791779207 0.163234610042011
1.07925565587874 0.168541732083092
1.08061139011202 0.176345450223402
1.07839560080351 0.172577054591653
1.07926032081311 0.172867329494033
1.07829151966662 0.172089558465703
1.07828427979260 0.173517773303556
1.07608570823911 0.165904869475538
1.07439385330414 0.164903653222481
1.07481433199077 0.162121952760691
1.07374649623720 0.162576966102421
1.07240738465878 0.159311238762913
1.07538082273776 0.162293142356702
1.08006187239462 0.170165183182945
1.08140530336929 0.175894258795342
1.08268541533437 0.176029199870685
1.08307653379613 0.176389316047189
1.08404058435602 0.178647162029603
1.08375647261035 0.178623050886431
1.08490451852840 0.183327310052226
1.08508031173117 0.183415877131242
1.08337079242467 0.182030595649421
1.08373382460985 0.178275009362478
1.08460393943695 0.176050381427365
1.08925455631382 0.199116019162732
1.08487452960872 0.186644767943996
1.08774565682124 0.190142791054952
1.08761711279159 0.191882975648079
1.08898425819128 0.192647943023056
1.08930900090325 0.191128044027836
1.08888857961128 0.191570398212459
1.08873156228428 0.192437255293889
1.08658407359480 0.189472861680677
1.0867217649036 0.187692383996792
1.09145430684896 0.190177652568684
1.09146031270311 0.191113867027118
1.09260220057674 0.195154392357937
1.09145717624603 0.194816813153598
1.08815721926128 0.188425718186262
1.08771499610602 0.187473424539270
1.08584257508469 0.183647743088733
1.08420397422974 0.179084007729713
1.08395329540078 0.18024760759824
1.08546332453855 0.184668371919962
1.08788454181736 0.183112415577603
1.09012810168741 0.193358935726677
1.09164181471464 0.193963935643084
1.09140444308652 0.196527435211168
1.09872334003205 0.213878743234345
1.09617455659585 0.209198654016882
1.09692640315307 0.210604026119582
1.09177537502542 0.203194647589102
1.09074651517033 0.202482704388873
1.09245584900831 0.204197438948943
1.09433101933944 0.205963605135200
1.09426169516921 0.206011921462175
1.09374668986235 0.206468733025235
1.09470306927395 0.210544300822474
1.09732022356319 0.213083094712682
1.09665935368454 0.209867176845033
1.09426411292940 0.206929255253589
1.09438783752715 0.209556061886895
1.09605929156816 0.211607439767194
1.09727123320098 0.211692551946046
1.09859391503798 0.213608992931399
1.09800498407807 0.212666802499114
1.09542178246002 0.208531630427502
1.09408491399994 0.207091918109979
1.09166784882240 0.202657150007290
1.09093872610193 0.201920573364079
1.09056246958943 0.201825967028798
1.08763800524875 0.196269125874116
1.08647463582213 0.195956802936373
1.08567927604444 0.194458753763338
1.08523466185086 0.195179922404412
1.08535620459794 0.196028851520638
1.08405231544720 0.190702270286933
1.08673888049673 0.193006490418733
1.08083061111586 0.178893395393137
1.08359251023326 0.182090700933478
1.08405849036457 0.181466669869140
1.08403473905660 0.182562514814453
1.08278765199858 0.18066699163861
1.08251436212239 0.182234543961689
1.08104864709534 0.182710682290895
1.08178620954522 0.182821597817984
1.07612547117302 0.165981976169883
1.07754620151526 0.166550918946580
1.07810393068264 0.168930713898125
1.07567019429357 0.163383128413805
1.07719681575317 0.165122784108530
1.07823926183725 0.165868425804922
1.08226635768720 0.173457027739265
1.08366013597033 0.175331243246353
1.08677764940548 0.177306021368284
1.08665574320897 0.175334759648698
1.08690310303152 0.175814145983654
1.08320915254852 0.171460824099978
1.08267193385820 0.173349380416315
1.08187675849200 0.171634417646101
1.08552664236294 0.175380818384745
1.08618535128018 0.175161191936707
1.08513232561249 0.173909307033318
1.08582494108400 0.174613466429434
1.08320614247725 0.16757004320446
1.08108435953540 0.164259619024596
1.07679569271538 0.159192756125754
1.07681827161735 0.159373925612576
1.08273811868736 0.16914721869507
1.08686688446390 0.169801736568093
1.08915622024024 0.17373746143271
1.08708386011887 0.173797863245765
1.08695182009870 0.174041879517513
1.09378452320420 0.181669180198975
1.09411653006852 0.181669788318591
1.09274634900895 0.180176484921831
1.09514161980283 0.184190733276031
1.09637693179885 0.187500135151799
1.09701519613959 0.187761632624025
1.10095470712609 0.190958909832057
1.10002616689326 0.190650982635167
1.09039353731264 0.18624455254032
1.08850527307493 0.185825584887868
1.09013272497652 0.188989600238499
1.09022667360376 0.191820603150995
1.08992490475177 0.191773378409139
1.08833853868076 0.189409830116674
1.08658041717740 0.18856153855895
1.08626225911536 0.184875518756271
1.08775672719516 0.187269850529786
1.09300438830314 0.201032331340114
1.10224600062166 0.210857016394601
1.10304389859165 0.208726979256678
1.10616031176483 0.212107155341889
1.10316293360495 0.209994041872577
1.10554436882636 0.213616428165521
1.10235765939676 0.207654755249456
1.10383655085600 0.207712607544455
1.10045689798299 0.201413916988413
1.10073966825719 0.199867566202066
1.10115218242864 0.203084997702980
1.10223779427248 0.203558141534784
1.08516517297629 0.196859722291449
1.08533489802858 0.194268508334119
1.08679237984459 0.197629943370392
1.08147453021923 0.188015938590747
1.08826192582145 0.199135722551912
1.08425303141017 0.191120198054972
1.08391934878806 0.188412337309899
1.08186681407381 0.185070214780076
1.08119664359128 0.182560587813615
1.08321399989412 0.181325829316883
1.08280022980077 0.179784940473262
1.08343556811275 0.180652648551402
1.08405076482993 0.182073613311454
1.08840389313724 0.187087428576491
1.09113226808913 0.195725553164925
1.09277613096893 0.196089535212135
1.09329077289103 0.197606379507833
1.09095787384303 0.194483913925396
1.09330669078213 0.200913899253783
1.09577688752930 0.205875232449423
1.09340485538846 0.205247286478999
1.08890224136845 0.203680440686588
1.09078554750658 0.205287845889598
1.09117823840971 0.204863955417987
1.08646043078851 0.198115340460045
1.08586415442526 0.196131981179338
1.08370611340413 0.196715996300405
1.08196535641814 0.194534794820704
1.08170740796955 0.192417200277310
1.0780725139748 0.186771593828962
1.07803766432671 0.184082463527507
1.08181882781575 0.192105099477680
1.08094179005616 0.188161624338916
1.07357907011969 0.177599898115423
1.07515869781583 0.181182822740714
1.07924337769757 0.183953695937219
1.08095806319643 0.186042843395251
1.07862790953294 0.182345839716260
1.07697578214986 0.182006644715193
1.07651834079023 0.182178839919283
1.07460766144691 0.181249090586500
1.07215285503568 0.176117905872634
1.07301376017149 0.180031561934046
1.07221415956791 0.180001796872
1.06567029481870 0.170130533976629
1.06635499139976 0.168109297693499
1.06896057661711 0.173602643342727
1.06899549488256 0.173093263892377
1.06912361271147 0.170677330191662
1.07079085792399 0.174895871858290
1.07110474339237 0.179282249969965
1.07121538819686 0.171616306617531
1.07371619699268 0.173114319619678
1.07324733287955 0.1739747567324
1.07524537871552 0.179203055390675
1.07695032322910 0.182057923429269
1.07402128973917 0.179718364479626
1.07489877782088 0.182383164526759
1.07542099732375 0.184944008624718
1.07211132589287 0.180960240857468
1.0703517202411 0.176546766080313
1.06964811998208 0.174437326163588
1.07360005556823 0.183104325636688
1.07673186493035 0.187880057375832
1.07937142590405 0.198446509991357
1.08170723840365 0.202138428862165
1.08601190760339 0.203725455090365
1.08513807214280 0.204274135051016
1.08509403476851 0.205784782642499
1.08467090056261 0.20387920866632
1.08775667292235 0.209499735898235
1.08866254428891 0.211550695835523
1.08741439655736 0.210119063466072
1.08639705728988 0.207443199698811
1.09226518847509 0.221577350439063
1.09625079535638 0.224671968733663
1.09706519455441 0.227770636761729
1.10279940766443 0.244283979558082
1.09799029026255 0.230871450382971
1.09524193575193 0.223163403113431
1.09834494437385 0.236457904165083
1.10188531736040 0.239096959594161
1.10146387221621 0.238049283987992
1.10423834646240 0.24464172159659
1.10971783301025 0.252155108065833
1.10696857173203 0.244500295695551
1.10817921451271 0.245584669300286
1.10173358527366 0.234491131583248
1.10475821149654 0.237300699557009
1.11354284152104 0.258224681368841
1.11271492649937 0.256764731094586
1.11512931840217 0.262209117370492
1.11468377141271 0.259969881895290
1.11127045745678 0.255089359481146
1.11475578009889 0.257830649955728
1.11509191431985 0.256931901415945
1.11141706236925 0.250576339519208
1.11277059782359 0.250386565984414
1.11264433741486 0.249668032371711
1.10666301059745 0.240639149252841
1.11012876452084 0.245646391496137
1.10801538969401 0.241830936583608
1.10155882729651 0.230086797949991
1.10310301489855 0.231390067355028
1.10393376128895 0.23071945115784
1.10914656982411 0.242668930188427
1.10862116739584 0.241597077598582
1.10766383050047 0.238012278125606
1.10639867330586 0.229675922008987
1.10659119172988 0.228181358609161
1.10282994603790 0.218494371540207
1.10373249810428 0.219754559989338
1.10637866984249 0.225807881388475
1.10568444657196 0.222768937716844
1.10324258516505 0.221484819258113
1.10349021520317 0.229349400850937
1.10303952141098 0.229671041649190
1.10198356704060 0.230538931253458
1.10321499889000 0.231141822588681
1.10546813009648 0.236433904265205
1.10064589248064 0.229983054300785
1.09943191884578 0.234457229527577
1.09317991800958 0.215860255313889
1.09011730282404 0.210779872497673
1.09031655373896 0.214603487110227
1.09353051667740 0.220955324507204
1.09295206570107 0.220557811718326
1.09362711738765 0.220922671973725
1.09268759670754 0.219677579099502
1.09851740342088 0.232611870979284
1.10027445265555 0.230373565702616
1.09690596628719 0.225862153792157
1.09477435129490 0.217376161487939
1.10027972019143 0.232899236307721
1.09528574109515 0.224801927439700
1.09693836197153 0.225414132308270
1.09690381630390 0.227007962899735
1.09284687078930 0.216575160540271
1.09246752796533 0.215538070653659
1.09305890336853 0.214400433877643
1.09502514322589 0.219614717594710
1.09374896327360 0.218078750516771
1.09239055624531 0.212975866214646
1.09331064001624 0.211912085872303
1.09189950718619 0.212290238293921
1.09473392157051 0.217112828443025
1.09523682133556 0.218840518279249
1.09415391178491 0.217433462431493
1.09390050408488 0.219594332931808
1.09402865446257 0.221034360217345
1.09547350281557 0.221570183195958
1.09385587234844 0.220181114715431
1.09626834310554 0.225499764286087
1.09808246542737 0.227273614638466
1.09487482037832 0.222752541235345
1.09637169959648 0.226162449953072
1.09387334698515 0.221113226909444
1.09489558502466 0.220986643030282
1.09538807592099 0.220519296075614
1.09903443980960 0.225692341264574
1.1007552358212 0.224899751906968
1.09872081066370 0.224741323810703
1.10061252261115 0.226386873202675
1.09967798987885 0.225106848145605
1.10108248105025 0.226548259043643
1.09946773640514 0.223554269716489
1.09478469751762 0.221003979314874
1.09447784968706 0.221013937978615
1.09686785591265 0.222895405629769
1.09796743666951 0.222599691273459
1.09806203214410 0.223395267632362
1.09832618112108 0.224789730377010
1.10142768979077 0.227670965827644
1.10246296421588 0.229905469304074
1.10869538232286 0.235207829059402
1.10470251358428 0.226111854099093
1.10362624537143 0.22392572562793
1.10675704213301 0.229442205600893
1.10864394854552 0.229397354800034
1.11441366379292 0.236470529255941
1.11360429371119 0.227826345844443
1.11375233947453 0.229643004676589
1.11357130013399 0.229116265373015
1.11248015332074 0.227192460798707
1.11067134372239 0.22740690055248
1.10965632679935 0.225857160403972
1.11226711322616 0.231836741614094
1.11305228328483 0.229320735479770
1.11325999892659 0.228959311226808
1.11626420364797 0.232203862594629
1.11638549391209 0.234667321878673
1.11636970156105 0.233493609140771
1.11685389918282 0.233728208414669
1.11505173217309 0.235536954574547
1.11656224206209 0.237452345909774
1.11725424233568 0.239943796358071
1.11701083658435 0.237280085850612
1.11862758590037 0.243923077716245
1.12376822280687 0.252683981758813
1.13317363642295 0.257073246666994
1.12701140088140 0.246506024979491
1.12978000868025 0.252601090794640
1.12497582743784 0.242178275835749
1.13072692814253 0.257054988351268
1.13553013063593 0.283365381780772
1.13945790562653 0.288493881122419
1.14045964140486 0.290454898109927
1.14577112133317 0.302704919366275
1.14113066639044 0.29405678319775
1.13831318475373 0.289589811001324
1.14032862943323 0.292720893851554
1.14730442357356 0.310247600110719
1.14836425972556 0.316508550382539
1.15071100365445 0.320587442070323
1.15211536651176 0.321770555565863
1.15006990351181 0.321472086694250
1.14755226119961 0.318614320995705
1.14872084871763 0.316991336722638
1.14621552068084 0.317440667762730
1.14969542345479 0.321514452800238
1.14815120105858 0.318764013485769
1.14155958428004 0.311622265832858
1.14403851856888 0.316253954706547
1.14761534595926 0.325252734046232
1.14610936111633 0.320010979634256
1.14680547386913 0.321483768663475
1.14670411346739 0.323433838999616
1.13850542334582 0.317420011523545
1.13811411539031 0.315094566455695
1.13957416196094 0.316983279859083
1.13939780883012 0.309254150722062
1.14217494757893 0.309717954604371
1.14013850764227 0.302711802079079
1.14006755063016 0.305823522107661
1.13940336229917 0.303209824460974
1.13935021689760 0.303055864065814
1.14054393154157 0.304492962627238
1.14464442077087 0.311147139918459
1.14818456910549 0.320535418277186
1.14343485954424 0.315679478835242
1.14383610456282 0.318270856007882
1.14404449535348 0.319743372547327
1.14301933190114 0.31450804944863
1.13966085469042 0.312606463814264
1.14361780555627 0.323849575369307
1.14212939681152 0.323068232941374
1.14914994881357 0.336702046529802
1.14966566095187 0.339676976872829
1.14963534617264 0.339421894734925
1.14654239533651 0.334400536396756
1.14596007810836 0.335767261849174
1.13719502792896 0.318934642670282
1.14137031914006 0.324930180497352
1.14287169876480 0.328358573940938
1.13949574215868 0.320852690469473
1.14593052308981 0.334023103279483
1.14677492190046 0.337512581742214
1.15206998263754 0.346406252742184
1.15162343172166 0.345268926718674
1.14733117564553 0.337709759566536
1.14793815129645 0.338995128754598
1.14601885393597 0.336576033425507
1.14634656077141 0.338016911910830
1.13987880349036 0.327103244538827
1.13983733505562 0.326732842341584
1.13943477223859 0.330557254549685
1.13804653494214 0.328754926589353
1.14402913322405 0.337110088571469
1.14578174177608 0.338205014487192
1.14464512043658 0.336729117126199
1.14462222974476 0.335654772401024
1.14636555357518 0.330923207025187
1.14681253369525 0.331282731304710
1.15180892646623 0.338608610204299
1.1564556390287 0.343297135297109
1.15905912857072 0.349437784065642
1.15878021223174 0.344350954623561
1.16473118148262 0.354580032791670
1.16596900669760 0.357490723394051
1.16777242388257 0.360146707786736
1.17028504654654 0.363169802459889
1.17650496242874 0.369989311280476
1.18126995715768 0.377081145716155
1.18482926124225 0.380675941529154
1.18701517391606 0.383451677186425
1.18360377292295 0.378238539739613
1.17916311856658 0.376186872545132
1.17959602164106 0.376953300455038
1.17998590736790 0.375876042802139
1.18210577134555 0.378365265343686
1.18228276312087 0.37767721163247
1.18055085441031 0.369532585837428
1.18413196771429 0.376531443940986
1.18989611887923 0.385577269665132
1.19164653330428 0.387199411084786
1.19338653940519 0.389883998218350
1.19062858695506 0.389533183970754
1.19012190522229 0.390337104246793
1.19159291261505 0.392650415014104
1.18855484344896 0.385478465625181
1.19097203069358 0.389734712888139
1.18564265726181 0.382687659867247
1.18562813537908 0.38358484335523
1.18140053970253 0.375737693385459
1.18172386102831 0.374221908508851
1.18009483425116 0.369906437963065
1.1797216836541 0.369941540654392
1.17981144764598 0.370764544071967
1.17781936389828 0.364878362109139
1.17893478531285 0.364936072991920
1.17870830162388 0.365491420743003
1.18110250269855 0.367373701598896
1.17706995487729 0.361438650256073
1.17476066986265 0.357088237496653
1.17217985106819 0.352128299882088
1.16742499526199 0.340009142118999
1.16251160728303 0.325726128070320
1.16421108729216 0.325014564456813
1.16172181787737 0.319727174583176
1.1629170310119 0.320977882155203
1.16287547006743 0.320409292308217
1.16017077972656 0.313486495905355
1.15994301558687 0.310948797259671
1.16125509940664 0.315618560506091
1.16193871192897 0.308882962198976
1.15620012466533 0.304768354083699
1.15954165170829 0.308449656885141
1.15500399469144 0.300983681868490
1.15182271602532 0.295491129096201
1.15914976045813 0.306431360242220
1.15340960432887 0.292642957710155
1.15590189729140 0.298706523566683
1.15890145626807 0.30357148579705
1.15697289581652 0.298164540159310
1.15043291740266 0.29307176490081
1.15327541028910 0.302793594585087
1.15204544617920 0.301211301217168
1.16195145578435 0.313357079593666
1.16034396611391 0.3192745954065
1.15498753259573 0.299995438745963
1.15315601313703 0.296191810808126
1.15061826658110 0.291423188158638
1.15141933469942 0.295335491022437
1.15710325974103 0.302216119212673
1.15007515213192 0.295001930676835
1.1507106360233 0.296429722375646
1.15144523675550 0.297158271997063
1.15099864927046 0.294487928884167
1.15194199011462 0.297351759932256
1.15230357937110 0.295612305644059
1.15542175572493 0.311993920040549
1.15953378969616 0.315621672908822
1.16380212041869 0.329011072060952
1.16444067873882 0.33074493730866
1.16495674747730 0.328824516302536
1.16302119013726 0.325446208150541
1.16115823945673 0.324314123058197
1.16127356118787 0.324752672100279
1.16145332161987 0.325790171963919
1.16986710243415 0.331480246837666
1.17219721419514 0.332145665659059
1.17616410954977 0.33675291738819
1.17559923018603 0.335927414917905
1.17738050549045 0.338379233829168
1.18133060054372 0.342098305864678
1.17715616280452 0.332992163022154
1.18455295009760 0.351427192509983
1.18710679226224 0.357350498055278
1.18607384622132 0.354663101426825
1.18405319764724 0.349658512799467
1.18792846747597 0.354616045818172
1.18545767238122 0.349506416180138
1.18372346934207 0.348688695292667
1.18433467024115 0.348386590892468
1.18609198225154 0.350648663416127
1.19100785168269 0.355270164169291
1.19236461718919 0.356931132512504
1.19115682130907 0.353017179077489
1.19216657943992 0.353507205883198
1.19123184769325 0.354081939364236
1.18707025443871 0.350477707385597
1.18981684093456 0.35440034682861
1.19308853088094 0.358318917022284
1.19369570696377 0.358244104643707
1.19336338193509 0.358032817722067
1.19149339912534 0.357227648156362
1.19458599703705 0.360769203726568
1.19882327237040 0.36695778644808
1.20231987111102 0.371622100096347
1.20083248383738 0.372425751302625
1.19942393766254 0.370335550158657
1.20502110575165 0.3796053213654
1.20430782132977 0.382377937399312
1.20130238258879 0.379884295987201
1.20340770208027 0.379893984080274
1.20055352894822 0.373812657640615
1.19435908606640 0.356725685946756
1.19680156333775 0.358820041239143
1.19368345188900 0.358221622323636
1.19446574713315 0.358050906011343
1.19396171227681 0.356745665266009
1.19321644854935 0.352463049870615
1.19275262249354 0.357942582845566
1.19811217024342 0.361628216311924
1.19991435239127 0.363195174707828
1.19965359432544 0.361879907511920
1.19988209140993 0.366057897680788
1.19881258889138 0.365402043384672
1.20087883278504 0.369607025121524
1.19655892196735 0.365625962938945
1.19549482258575 0.373806031147403
1.20097031086500 0.378488672821358
1.20057644627883 0.372746235450827
1.19948917261632 0.378982370045501
1.20839433508437 0.393789139529168
1.20807123087214 0.397154155848649
1.20728072975488 0.391551197384153
1.20813747388409 0.394965176783704
1.21092931556384 0.398520111299822
1.20798902019726 0.395516245519046
1.21008026671142 0.413322726039639
1.21235594731094 0.412226006917267
1.21310932255617 0.413960843218486
1.21581904311754 0.417227976870013
1.21194963258994 0.415056234011148
1.21140251062963 0.419533737982725
1.21032963872116 0.408792764436313
1.21266452508307 0.415820045526815
1.21844300478574 0.432754481479095
1.21728980432541 0.431591793767085
1.21354614103121 0.426459178108798
1.21802496862477 0.433430081491499
1.21728510582496 0.433297243121594
1.23710062762446 0.442482309236534
1.23768316232472 0.448583487443732
1.23557158592553 0.446919129036055
1.23564345020009 0.447124374449887
1.23351977246818 0.445748815928579
1.23439573176175 0.449377582989044
1.24128780214030 0.463473499888223
1.23899810280725 0.455742595783822
1.24192397423028 0.459602893760182
1.24095322724388 0.458021275974184
1.24155307017619 0.45793461754887
1.24025768065014 0.458727041932163
1.24015993496475 0.457014788206034
1.24194029336443 0.458517633449787
1.24336223426989 0.457245448900776
1.23990344700985 0.452844501660828
1.23155881723967 0.443504429615762
1.23538529475899 0.448673285220258
1.23268938114458 0.444444823226555
1.23419341532610 0.443283465881279
1.23323212358244 0.44418861986541
1.22575788068177 0.427787492598461
1.22356510849554 0.419368284056199
1.2247131520621 0.420376913771123
1.22115692087074 0.406332304185673
1.21495143235577 0.394121249547512
1.22331328288462 0.431717437760533
1.22339231442421 0.427077536451261
1.21364252898313 0.390417680021770
1.22235197805137 0.392647389142407
1.22114979208894 0.390704986748169
1.22301241547452 0.394883459245611
1.22878696265862 0.401765857603693
1.22832665675626 0.394647907351061
1.22095041851195 0.386777774621238
1.22523253395378 0.393549505793986
1.22484288576673 0.399199181197909
1.23504279976150 0.422603102465877
1.24356200823840 0.43749293413364
1.2443282156099 0.429698681523247
1.25160256437834 0.445652216224755
1.25623119286725 0.455379178302664
1.25078399969877 0.447683422386619
1.25297966488411 0.446623218369151
1.25405430343554 0.447344192465537
1.25696818526421 0.453734557251975
1.25612081407462 0.455660624126337
1.25659981027663 0.466153103195451
1.25776965640556 0.471775716485071
1.25978858251606 0.474235370350905
1.25807861062122 0.464802860179784
1.25657958961952 0.461240719968471
1.25772664917166 0.457659606447842
1.26494413517391 0.463204283471225
1.25757657862367 0.460491505751158
1.25380737354052 0.452143445320002
1.25846083621000 0.45849897623079
1.25437278643110 0.453587512292921
1.25946037614358 0.456518865855584
1.26008659847213 0.459479692019698
1.26308923675152 0.461306938756333
1.26838075501149 0.47224475290694
1.26759598827561 0.466523349779622
1.26522606407043 0.463320742627538
1.26392041127918 0.46248134798845
1.26591415994287 0.466542157088696
1.27729334105741 0.486520543120478
1.27347212310378 0.480230306224546
1.28306946614877 0.493899550662724
1.28137287256167 0.490839929078531
1.28497419059894 0.495386127171577
1.28293704358356 0.491620164317613
1.28014890518999 0.489680376858168
1.28222761381941 0.492726003798846
1.27697838295259 0.479518385366362
1.27930776172948 0.482825592697043
1.28241308175572 0.490540691773025
1.28238865817330 0.487568426880923
1.28308346783585 0.487437826818582
1.28115757753546 0.485375565065376
1.28418288261069 0.488922909324539
1.28455132064981 0.488131126164942
1.28746469879131 0.490285600986443
1.29516374336113 0.497870635704306
1.29267642836281 0.500344721663041
1.28960588768250 0.497823582373896
1.29052056909808 0.498250284279255
1.2890487781193 0.500146598091873
1.28922285079379 0.502468699425829
1.28962138940659 0.506135192995135
1.28752321712013 0.503897986541524
1.28798677538488 0.499787219427312
1.29143397950583 0.505982858606334
1.29240390745465 0.508989397568498
1.29264638504024 0.508088218047392
1.29972979908056 0.526805214471947
1.30178307210998 0.529694410892396
1.30116800762044 0.52810288498863
1.30047117258246 0.526936564490306
1.29917405767482 0.5220622214696
1.29985205666318 0.525154786891556
1.29677780823529 0.521347354176981
1.29811326003989 0.526261420020224
1.3035406641367 0.530871334505468
1.30627747950731 0.537441659664483
1.30739936167372 0.538993388174998
1.30715028536337 0.538939230496642
1.30881721935255 0.54889300240846
1.31298070298403 0.556788558629936
1.31878986891084 0.567901383750648
1.31477130484311 0.566409530791979
1.31883649704557 0.573229658297185
1.31921776616578 0.573961193374096
1.33148566493491 0.586759955861655
1.32964504223484 0.581777694660197
1.33416507687789 0.58782313485278
1.33722379924357 0.594059134931127
1.33564078752647 0.591088081023604
1.33531629096171 0.590449778684434
1.33225854887957 0.59029067991187
1.33931085552950 0.598756209695177
1.34136623554906 0.603946782425391
1.33969324862597 0.601774498550154
1.34435304227384 0.607749438799168
1.34983695631464 0.61243529788973
1.35510816169647 0.62072314385222
1.35447034575861 0.617369351401913
1.35551109499999 0.617728854509014
1.35493016875005 0.617806469634595
1.35542798420473 0.617459716782496
1.35773429063421 0.621066639371373
1.35769068586014 0.616374544457077
1.35915079433031 0.623147415235762
1.36690415221340 0.643175618115104
1.37664951207966 0.651219878080403
1.37816412468645 0.65262623693051
1.37968810946484 0.646194578111382
1.37939749563895 0.64685335581292
1.38296727528253 0.651300951706964
1.38459276407781 0.645672994207933
1.38926288578821 0.650407130431663
1.38851278760977 0.650085674834014
1.39055111123075 0.645719521642806
1.38885243453216 0.642383769794343
1.39623243639407 0.64879586431625
1.40128145700188 0.654660763547637
1.38767879236351 0.635357408970395
1.39016478026839 0.635841199978263
1.38966977818249 0.636367032664545
1.38159389707836 0.625020685985587
1.38169511783927 0.607533596836824
1.38143091629847 0.605898255080707
1.38617409289615 0.618845111729727
1.37723624803937 0.6085840788057
1.37119104408901 0.604752488698657
1.37290175605357 0.604636741180605
1.37270368614903 0.60345894275471
1.37549544615341 0.604997007513984
1.37446384732141 0.604257712956274
1.37814085971496 0.610391641624539
1.38056246706005 0.612527002739187
1.37568050384779 0.594605799749537
1.38014591255920 0.603321449473732
1.38861722488589 0.604477751612522
1.38771877303613 0.606386559535599
1.39606240421711 0.613028614665349
1.40211912671568 0.620134131035771
1.39881557636389 0.61680099030349
1.39939811823365 0.616525124999173
1.40608575146015 0.622316540818405
1.41221264249182 0.628561117010578
1.41357418462388 0.634562892269913
1.41903379616724 0.643249563585584
1.42181922540036 0.645791063657695
1.42512059351287 0.651110068199977
1.42844789803816 0.655164709821099
1.42561494867844 0.65363493755023
1.43000555689094 0.663428361120226
1.42866163641981 0.660196519274184
1.42720541660101 0.661198651680789
1.43307698381553 0.667196904668441
1.43462250621352 0.665920491840061
1.43394551313031 0.667841997618042
1.43430765616409 0.666141316409036
1.43398155851666 0.668038675080404
1.43661626226089 0.670812226233986
1.43367711652212 0.668770241827452
1.42558538309320 0.66043481893554
1.42197448015236 0.657873302822305
1.4250029967697 0.660024358771791
1.42713870184791 0.661993282758966
1.42720609793696 0.65963143372819
1.4269064168976 0.663630861149574
1.42726266882191 0.661225180222422
1.42367551093318 0.640755551279018
1.41898300551246 0.639098863588805
1.41540804823564 0.631981116461908
1.41849066494494 0.635499474898666
1.41847496508869 0.634122455308796
1.41752051462514 0.633900587151172
1.41922151624182 0.635946174044699
1.42826880873813 0.644814697785406
1.43064105311208 0.64312240913265
1.42618882036949 0.635901069843229
1.42591571474226 0.63740664698149
1.42212769276334 0.632881112230021
1.42321335721352 0.630594630494834
1.42600936549598 0.633329020765213
1.42463233088919 0.639957288470952
1.42444893077468 0.641121105304073
1.42687166874957 0.638257583072279
1.42636912608828 0.63737853038633
1.42629973182718 0.637651821870213
1.43276382691192 0.652382645524886
1.43336972210225 0.653399288980086
1.43258934000917 0.653083940233984
1.43386361784688 0.655301770664848
1.43559892596822 0.662606637198392
1.43390697859624 0.663867781108035
1.42672604508255 0.654344456415871
1.41904533236141 0.648052901340223
1.41754264299234 0.641886468864845
1.41357142053935 0.639544605222344
1.41765035211469 0.651280091040317
1.42032557245283 0.655558877044963
1.42047619447417 0.656896370004093
1.42470999681687 0.660480387955344
1.42773172217994 0.669379367161884
1.42643327653420 0.668768808242894
1.42874321250949 0.669582609899053
1.42500277353637 0.666692438833601
1.41126493531678 0.641148642658019
1.41133088109204 0.64429237859054
1.41353283086910 0.645516905515703
1.41326711915476 0.645462415486919
1.41367759637692 0.645511888709984
1.41347061695416 0.643976567599833
1.41343526854215 0.64386812508749
1.40588839480202 0.636710701850098
1.40202004659646 0.631998236980115
1.40065957518658 0.631755371110952
1.39570932102492 0.615931653925644
1.39486228912525 0.614839033233569
1.40247223546102 0.630561426141466
1.39717869910409 0.623538868824552
1.38632535087501 0.604137250756122
1.38727672567441 0.606298365564565
1.39239466687262 0.613037591626813
1.39080632214097 0.609900907691811
1.39565142982978 0.615435717312483
1.3799077524853 0.610976036705152
1.38405854098967 0.614357152770062
1.38612415320186 0.617017975940928
1.38571990137472 0.615320036661443
1.38655702738352 0.618694444952091
1.38826098824288 0.617941009666524
1.37756834657839 0.604637174581747
1.38054033127216 0.612092223407347
1.38394823908704 0.619480619535251
1.38164659936738 0.616299194374173
1.38227367263097 0.617087855983116
1.38245757660619 0.614391090320742
1.38273640814271 0.613312696698534
1.38006724755521 0.610675922874008
1.37951769393194 0.610571840669025
1.38045011211976 0.610246796698722
1.38439580378737 0.615195046268837
1.38326402961202 0.612084266827781
1.38441602766715 0.613301752534216
1.38369519357897 0.614956757592049
1.38389873854705 0.61147298066852
1.39118072305593 0.614159262723554
1.39545297319371 0.630011896461426
1.38439596965078 0.6091358472563
1.37954172383411 0.608689049006622
1.38220158175319 0.613368837721154
1.38108216361193 0.604508467436078
1.38548045395278 0.61097270799475
1.38246776557323 0.610953528827021
1.37408845174765 0.602782010106655
1.37084751373419 0.594981458782227
1.37478734881792 0.597138202847116
1.37396941633418 0.594596511591886
1.37707780981821 0.601870165631041
1.37459233649457 0.60176121592089
1.38581783247984 0.608793337337924
1.38624584850617 0.60876764536376
1.38030120055823 0.601769394991429
1.37447946609226 0.592135397554425
1.36837710209249 0.582738181017203
1.36010289694091 0.563250770362712
1.35183651303373 0.540680829211331
1.36134627932093 0.554525626768513
1.35921816654717 0.554351468281794
1.36092049197771 0.556221455039383
1.3559670181402 0.546566212484256
1.35896302724431 0.555420462153816
1.36432759234927 0.561413033975487
1.36332087144243 0.565332974050254
1.35871988022266 0.55846722106922
1.37412855454404 0.596241529471487
1.37358325809001 0.594982658061103
1.37853011467932 0.609400706098597
1.37892573682145 0.606490795149966
1.38427856414087 0.608236534087726
1.38244339462455 0.607381636871076
1.37622282626818 0.600856120887479
1.37807136092481 0.60690563334176
1.36812896524964 0.599065561657746
1.36309686589968 0.600467409744143
1.36316878794510 0.59770122563913
1.36030797675726 0.588402147476184
1.36077839057310 0.60153326352883
1.37023333525415 0.613770072591056
1.37270951726216 0.614956444018387
1.3696643090512 0.609977134741239
1.36045389655956 0.589286662589089
1.36579582525660 0.600205940930041
1.36062884050433 0.594503858479286
1.36540951041787 0.596723091869307
1.36578655171769 0.596422452848248
1.36904179817914 0.599524170268317
1.37705903103252 0.60702194521072
1.36939390441861 0.586430364462425
1.37146413836034 0.593203516396292
1.37297873843902 0.596497092292839
1.37104385417257 0.59972436050332
1.36454002951098 0.596559669687189
1.36694626947286 0.600971713525123
1.36857060993609 0.603629563634311
1.37453628836933 0.610736499866667
1.37497079428699 0.608274665081239
1.37412197306373 0.607138532791647
1.36732773655886 0.598847981106384
1.36624048943316 0.596304867486852
1.36846310633274 0.597810484976134
1.37132135833853 0.599942762395532
1.37523773052790 0.604216184410324
1.37233121275403 0.598961187668557
1.36893882257349 0.594718357312895
1.37693195592895 0.61180317908194
1.37571079524521 0.610967642607199
1.37232119694761 0.605505347931616
1.37128860013690 0.603749611059737
1.36892627688252 0.60421175782909
1.36763364101173 0.595700609614023
1.36584968937099 0.591939019287442
1.36818139141097 0.593978767987584
1.36524682362311 0.592832787463439
1.36167323162408 0.587186136918874
1.36450453648076 0.587783262325287
1.36540652869163 0.587912378185536
1.36556059434757 0.586453265194281
1.36042874020380 0.579608629406691
1.35926541592908 0.571966802116662
1.36206812813390 0.575605978540918
1.36065746393654 0.57519561951953
1.35937947846049 0.573809139545753
1.35688525153791 0.573632014122682
1.34476896516508 0.539419157908791
1.34712250290809 0.537873588848831
1.34288495997787 0.529675598191757
1.34083283536085 0.522038224132008
1.33037066229700 0.514021082937385
1.33301900233321 0.519595604579771
1.32722317304473 0.506561331385577
1.3274251933199 0.508192450643076
1.32812830169450 0.510535955700682
1.33163746424456 0.519207048989438
1.33777215535408 0.52432397154588
1.33721688035113 0.522188827450584
1.33760210712075 0.523704536560749
1.33995949023820 0.52499639766622
1.33736532530939 0.521769624760046
1.33749829183593 0.521217736431416
1.33430578882491 0.516807298512537
1.33580238599433 0.520257450393841
1.33485028857068 0.519235532650512
1.33613387044672 0.521118438958543
1.33962053305425 0.524558430518357
1.33629415763057 0.520501002304543
1.33671924051193 0.519167643996777
1.32954502301471 0.510567139655276
1.32589939781289 0.499058462661931
1.32126325234787 0.495559472859563
1.31988648861249 0.495989635754274
1.32046521469476 0.501215663384035
1.31966564129963 0.497405289678454
1.31561667248492 0.497135717080102
1.31805036214343 0.505526942221248
1.31650752780892 0.494620718765918
1.3099248298727 0.482258669360694
1.30780420036477 0.486215398311588
1.31406385664469 0.498124151365665
1.31156916066837 0.492818483988736
1.31265060632185 0.491688525214239
1.31223321656192 0.489552297386318
1.30913458635327 0.487287250330511
1.30857231392035 0.484373880088331
1.31522686244108 0.49199785625806
1.31444939994336 0.505330396719779
1.31550203176706 0.503415318781642
1.30808365937513 0.483175781258212
1.31725872624523 0.500287255556714
1.31397177865927 0.49142510533431
1.30841500382912 0.487908830141187
1.30596220735428 0.483611593360219
1.3039075220198 0.480788553184563
1.30667599290868 0.484220134069462
1.30213834761200 0.474899861666009
1.30114847302155 0.475616739104884
1.31312409925839 0.49942046066266
1.30684685192095 0.482754950176882
1.29448362717002 0.479762499993803
1.29655438104173 0.485502499027936
1.28524635140823 0.478000439084629
1.29104055822101 0.488989653759324
1.29085303935831 0.486922893530166
1.29029841730657 0.488688638456507
1.27992339174803 0.482369993993662
1.27085365620466 0.451338544524903
1.26974387352649 0.444918609605333
1.26083598959048 0.423560599277337
1.27272265584767 0.465073969016049
1.26577764414065 0.450403106359611
1.25508310240158 0.422438398266911
1.25460555482076 0.419335235720289
1.25082140927808 0.415057876570312
1.25776918381988 0.42718538513445
1.25595116401158 0.420729849043035
1.24920693826529 0.416572103137600
1.24345461519674 0.410329493036703
1.24682237122363 0.419183153105145
1.24919323982664 0.420925913601882
1.24735886698067 0.415682805407906
1.23983166782591 0.40627259525731
1.24562823908304 0.417957556887124
1.25220536659195 0.428612959850013
1.26033769300176 0.443816677207513
1.25915234654273 0.443722468132888
1.26067444351921 0.447990377077651
1.26207684210475 0.448545339834438
1.25526697839326 0.435939203391155
1.24986219492416 0.431729800217451
1.25330063360808 0.445210009307332
1.25727984782204 0.447242965218332
1.26098820007444 0.461281510019783
1.25937508501166 0.456098642700425
1.25790482261225 0.454843271371855
1.2569838258034 0.45686078447109
1.25413985191301 0.449696459324931
1.24505166654079 0.446462019338724
1.23679595777242 0.428707062349902
1.23778636231343 0.433474629832840
1.23621301886104 0.428940233468378
1.23839227736639 0.433127501019727
1.23551893708625 0.429477022308413
1.24167841436095 0.443848364624380
1.24522280292354 0.448707110236201
1.24889543189460 0.453057419426103
1.24259249414440 0.437227844973297
1.24150932643509 0.441403944140753
1.24273913172399 0.444044869282874
1.25304314300021 0.460083473168806
1.25320974641792 0.459809845416508
1.26200387080364 0.4763696403543
1.2653934436631 0.483230106529837
1.26416116348996 0.479684683566177
1.26588714657653 0.482912033158937
1.27279125175379 0.492548083880711
1.27878049027010 0.495105427534923
1.27876988935021 0.501095750028063
1.29363755444644 0.513547585539694
1.29203951371788 0.512174870803902
1.2881695621715 0.505202218508982
1.28563121636368 0.504051548190423
1.28683538418487 0.509530104952408
1.28508906980281 0.50390755089819
1.28345046564055 0.504762094228895
1.28110886400939 0.509935433162673
1.28879876900395 0.512328399082792
1.29684935517819 0.527487363129631
1.29636480171338 0.527128521599916
1.2930685661122 0.522847726705381
1.29655883119924 0.527786384115671
1.29199890195150 0.519243125134965
1.2918872539469 0.520741671760589
1.29210354539299 0.519556776983959
1.29789033596642 0.525253349073321
1.30318736724293 0.539559354427760
1.30533027527544 0.540354172936585
1.30447014493631 0.538620916163849
1.30886795707913 0.534055793963481
1.29940691553537 0.523232469186328
1.2996936655983 0.527921976728995
1.30767527946196 0.539998799879703
1.30917976674695 0.543142479544646
1.30665525226986 0.541684115278976
1.29864120041300 0.531957214926103
1.29041469638534 0.521003681693189
1.28932768173261 0.52492681369597
1.28922511238384 0.52467503199044
1.28945185275937 0.524713786924935
1.29064107083540 0.532344447817521
1.29079460508830 0.531577393434583
1.28704732447294 0.52178250603781
1.28722118508374 0.513145863194898
1.28797547129362 0.516852824905965
1.27269682782355 0.499915766445155
1.27691171795943 0.508008758967885
1.2792433581622 0.51049265306201
1.27779879649999 0.510117717745111
1.27893827478115 0.51089784687669
1.28185744113545 0.512313406681303
1.27971141732323 0.509783605078993
1.27641821934272 0.506542832767973
1.27383286225690 0.505614689984067
1.27587675606665 0.510229787745935
1.28335691224225 0.522754458973362
1.28127384894372 0.520731497152538
1.27933707860597 0.520517538634901
1.26405123467861 0.502292600730045
1.26003393368779 0.495476798028119
1.27086601154769 0.519702274971789
1.27475370977284 0.521582057951611
1.27271372128966 0.516478899846101
1.27100840001382 0.51371904523072
1.27486294141006 0.51863481491576
1.28040969586561 0.521680297794092
1.29116543577067 0.536184863187886
1.29479338674828 0.542028649270491
1.29233864991199 0.541033889236503
1.28901227204840 0.53780921176754
1.28673023742988 0.540002730818516
1.28571507804762 0.537364767954013
1.26633483878846 0.5256597901245
1.26423456300761 0.525552502685888
1.26434004312390 0.528913457345889
1.26836111844981 0.53537643467219
1.27104919492276 0.538618413751761
1.26437780489090 0.524360145840926
1.26436869817377 0.530147984427041
1.25817521021363 0.51716774202718
1.25062459608568 0.507894512467532
1.24661716847378 0.504805323316491
1.24750322751961 0.502274119744603
1.24670424869379 0.50086184101135
1.24439423364651 0.497126679180924
1.24460162381031 0.497475352264471
1.24374076797155 0.499415647005206
1.23638387726556 0.477929008529176
1.23725024640525 0.480766651020175
1.23273119997560 0.4728971814082
1.23346759827432 0.472259600590696
1.23890085446023 0.481964785697307
1.2416566007064 0.482792524537912
1.24079195710856 0.482312244488656
1.24272776757031 0.476562879736305
1.24227060277867 0.47611934882211
1.24452953166340 0.476749654665289
1.24733837544229 0.479048431888901
1.24225876141738 0.470162568144283
1.24140664400886 0.467228839161698
1.23423257885176 0.462197501080906
1.23361040116823 0.461740519875994
1.23520727055157 0.460352269818674
1.23717383872549 0.463220084521630
1.22991077575211 0.457938632218701
1.22747136634528 0.450788459609175
1.23204050700025 0.453601966995114
1.23165775284280 0.45309941724963
1.23259627965508 0.454497767034377
1.22471555140970 0.439611297615229
1.22603910422699 0.44204366471589
1.22572483968297 0.441217794968205
1.22446696761603 0.437565012310188
1.23103388653813 0.443410181253945
1.23360813794081 0.447431094184956
1.23552468980243 0.440969289712482
1.23594602520832 0.438919668688403
1.22279666335796 0.431574973094818
1.22068721152733 0.430807812271026
1.2243735368764 0.432693412951796
1.22465256069206 0.433600189508459
1.22773414772586 0.435912733348628
1.22954685407310 0.439247143412168
1.22791697683809 0.438145195073035
1.22992045405706 0.439530348263609
1.22868510105455 0.434629332221958
1.23148911328111 0.435368690457868
1.22952199852666 0.412739661293922
1.23089208726195 0.415554530275691
1.23028126937769 0.413354015658731
1.23179021689443 0.413126010127008
1.2308103844659 0.412952925553659
1.22138259276440 0.401012757459825
1.21933596936372 0.398840120485588
1.21704874913078 0.394404642589488
1.21581610301780 0.389915927810308
1.21761160295651 0.393876978133683
1.21216240085619 0.387903508747159
1.21550756855648 0.393574091078817
1.21426594984406 0.392677187139658
1.21946953637212 0.399163640924933
1.21804530624301 0.395760560323218
1.21672154831730 0.394723650652644
1.21961432188063 0.400163223446764
1.22137652655413 0.397190635544725
1.22628828386949 0.404558907870841
1.22944281741954 0.406351708287494
1.23173837630496 0.407571166741669
1.23490736019481 0.416223125048788
1.23546381317215 0.42233951412558
1.22887659718519 0.417442013844686
1.22584830159679 0.415052731543685
1.22563110726518 0.419162049767661
1.22406738228339 0.415786468098418
1.22144670713721 0.410840198058064
1.22322490850827 0.413803535404159
1.21884597224444 0.4106450138419
1.21910435186534 0.410898603899002
1.21752865282414 0.407602567836048
1.21536337251000 0.405113537145859
1.211534000682 0.400170102429274
1.20534979483057 0.39492548104234
1.20302651237287 0.391650788910812
1.20423430997254 0.40641822295237
1.20333023070855 0.407591570133874
1.20073757875099 0.403821528508633
1.20002732653690 0.403823731619987
1.20017721775456 0.404165211412744
1.20040845930967 0.405619786389724
1.20859248909113 0.419468359442485
1.20820574953198 0.416424254198468
1.20701529060455 0.415180929474556
1.21182970420706 0.416489793636194
1.20246045925413 0.40222810868395
1.20544671481324 0.407265058772694
1.20759522737852 0.407828774936253
1.20699268664580 0.407551894398885
1.20844696168177 0.415463950857814
1.21134083517328 0.418533188860322
1.21214420685392 0.418152421529597
1.20568911979864 0.402773252129753
1.20492431991841 0.403911974955131
1.20308835624781 0.404713485455225
1.20827085964011 0.421670005557936
1.20806859658775 0.420003223686276
1.21160136421564 0.425363490804707
1.20821700294879 0.424635086728615
1.21687581123571 0.435128003102581
1.21300425725280 0.431626309687274
1.21373325957881 0.424791837814209
1.22044777769041 0.437840863101972
1.22666535815084 0.451390755137498
1.24208413406709 0.470670502074395
1.24168357342887 0.467687223625298
1.23854365163526 0.466877111267219
1.23373025132099 0.450527828683194
1.23311277423599 0.452525485982945
1.22874823181195 0.445485216570576
1.22092355200492 0.423057369934314
1.22280148945799 0.425000397248605
1.22101315148482 0.421717317642273
1.22023345821975 0.421913317161830
1.21849068787650 0.418516324578283
1.20261604557108 0.411208839784353
1.20709913285707 0.421595570872563
1.20901037190322 0.421130176555166
1.20797034028836 0.422398087622972
1.21005330280015 0.425352289346237
1.21174304830327 0.427035811090992
1.21726323528652 0.442396470607036
1.2061973726928 0.400395702220013
1.21272210556033 0.410633115537825
1.21467524213276 0.411367944928868
1.21298135433369 0.409120354323131
1.20671763215439 0.404496415113668
1.20367357455023 0.399477282468414
1.20417186891403 0.400321968559851
1.19875579468779 0.381714250745992
1.20380511735699 0.389119622598258
1.20238664446829 0.389431556832122
1.19655493628617 0.384649066752494
1.19719676200709 0.385971498332763
1.20455926824164 0.396354012230283
1.20442367697363 0.395981886125187
1.21171471337793 0.408501517036026
1.20719510708368 0.40337469755238
1.20830266685340 0.402346817195755
1.20255747787913 0.392792347295078
1.20564234248539 0.400386793925446
1.20670218418801 0.408507769710142
1.20893576055546 0.413892984016829
1.20834718289257 0.407512487134804
1.20829781641304 0.407876910242608
1.21162364865477 0.415367220189591
1.20992891727487 0.420164787972542
1.21298589430658 0.424930099801852
1.21357387085148 0.425094092124305
1.21721705435462 0.428043701896604
1.2163662523052 0.425686084714994
1.21738819925231 0.433964213935613
1.22009143681545 0.436804061438591
1.22468702314696 0.442383765448701
1.22622234532126 0.441028212966207
1.22725339343787 0.441608653101552
1.22063041351450 0.416647820612743
1.21534382291028 0.408952298684369
1.21836889200168 0.424320970070795
1.22938710370147 0.444507807307415
1.22957387830263 0.441250409709959
1.22586067309779 0.43920552063488
1.21677521154000 0.413378540699721
1.21441409795109 0.414013390180261
1.20326846541659 0.376951414189405
1.20301788488953 0.382853535521162
1.20121394518582 0.381022822422038
1.20116216994370 0.376488139472169
1.20260019768354 0.382987143613537
1.19991594180908 0.380035181792434
1.19921322171108 0.377392236459965
1.19090339901908 0.376017040503742
1.18642231133955 0.369843121227794
1.18641464911837 0.369602967037639
1.18627983990169 0.368628603882801
1.18557287649411 0.367960248414270
1.18498225046775 0.366747072362246
1.18729763609544 0.36853213723904
1.18102949593540 0.349914544038951
1.18095950098623 0.348662189720378
1.18136104414984 0.349915025189774
1.18656269345917 0.354870492530285
1.18464744640361 0.353661131974785
1.18111217577849 0.350100261568033
1.18120687244378 0.349247794468776
1.18522398050197 0.35374935141375
1.17925098109798 0.337754123090159
1.18355271147508 0.347086741049627
1.17758007070407 0.339074430867208
1.17164923239560 0.332107481289967
1.16849764346994 0.327619466839467
1.17670348460910 0.333699389101716
1.17829818578365 0.334913886135533
1.18248280799402 0.339538533068585
1.18166344918673 0.334842712966978
1.17439968035606 0.324578476992974
1.17655505446952 0.329258992694601
1.18195214887318 0.337188814363827
1.18135554554035 0.337309465387197
1.17916288106458 0.336035649121171
1.17658868447081 0.329875099131868
1.17458197819664 0.326916875198355
1.18476418089746 0.335586343865731
1.18077068885564 0.329695167269592
1.18255522198509 0.334488291777226
1.17850988968041 0.327372689546678
1.17592510529442 0.32471124932798
1.17733822188505 0.324542046213365
1.18061577206240 0.329945452662264
1.17755023650073 0.322541239107106
1.17956167538415 0.323885438231250
1.18222782757637 0.32844849240038
1.18499090176364 0.335310089458551
1.19204908861886 0.341283215060248
1.19229504409016 0.340423424223370
1.19454825670533 0.341526353310915
1.19027454232556 0.338602499803533
1.18988245908829 0.337050001651205
1.19052851989356 0.338992230986039
1.19453496354283 0.344051089208598
1.20222329174243 0.363710353082903
1.20892711029248 0.375710527125175
1.21119998681657 0.376551917052715
1.21205589479324 0.380010972555167
1.21437936044481 0.380674512396996
1.21873200251973 0.384485513033522
1.22349117536924 0.387590524318701
1.21888831295851 0.382959442184915
1.21063845179954 0.360973741980733
1.20050045141233 0.348022180950905
1.19963802337352 0.344133187059016
1.19351146933347 0.337535938757444
1.20484919207864 0.346204062600867
1.19788753858613 0.337873616941625
1.19796396775952 0.336468566106578
1.20238061783346 0.343409897424109
1.20265691379213 0.34305433981367
1.20109045488999 0.340408450484368
1.20384839118256 0.346070962998231
1.21242315984380 0.364455329922441
1.21438347235808 0.367092605518918
1.21485929321011 0.367043900951818
1.21665637903256 0.366758896166725
1.21724415159548 0.367805279104229
1.21884263041291 0.371792724205784
1.21996285027878 0.372527778917197
1.22327565365702 0.378202180435531
1.22550465980549 0.375949096494967
1.22646446065952 0.381023915711168
1.22576446840836 0.381630570960964
1.22532538730509 0.38111087644902
1.23072136900482 0.390121712149605
1.23634066511459 0.399338065735776
1.23485867457536 0.397576928979417
1.22925618741174 0.388809978319708
1.22543992337493 0.382389385307285
1.22526245950454 0.385655285559921
1.22340877772103 0.382827199882467
1.22319976906080 0.38335813920589
1.22245320313267 0.384883899645216
1.22196365601694 0.384918921142285
1.22390126737731 0.39216170935235
1.22081928114521 0.388338492063438
1.22272988716570 0.389942284403321
1.22242742302387 0.391320780759493
1.23013588313425 0.406027550642825
1.22533567777476 0.391506318926933
1.22799296182789 0.399312976001183
1.22473206373940 0.394811127342258
1.22021108283441 0.389090843516169
1.22228527044135 0.393859415459514
1.22471908994639 0.397758889651338
1.22307548339137 0.402109576030688
1.22323589991357 0.405526829788827
1.22466873660256 0.40710182440229
1.22300414963796 0.404269914007047
1.22958220938252 0.416073920865965
1.22100259147017 0.405634429718372
1.22359868966088 0.408898793598374
1.22373847959816 0.409559982534746
1.22139987115132 0.406254697545417
1.21766999288676 0.401502754857831
1.22104307047976 0.405152008299069
1.21856029755112 0.404064281905836
1.20890636341790 0.388527378561953
1.20816600005715 0.387186966752512
1.20855711553508 0.386840882999657
1.21586721665226 0.397770224464346
1.21334572057451 0.396577348864813
1.20465257458612 0.390650718258914
1.20016381120681 0.384569858371738
1.20916735917785 0.409551753292709
1.21209355565257 0.414413256835386
1.21094038151331 0.411113232178817
1.21095108699193 0.414019630738542
1.21204385948723 0.413624346925114
1.21316582090433 0.415553495608292
1.22462188737325 0.447801711182314
1.22837623754015 0.454937092314743
1.23474465230377 0.457310836377046
1.23227337843824 0.459715597311386
1.22714865295122 0.447195992721376
1.22607782257862 0.449751439673128
1.22350732534621 0.447550949280666
1.22012116726233 0.445111553877976
1.21918483708206 0.445467068163157
1.22086694735184 0.448072443321083
1.21941405599929 0.442078783134982
1.22048839098297 0.445007874990638
1.21934476178698 0.444427424952549
1.22159861268511 0.447839544048308
1.22170603482391 0.447444118873097
1.22371989896775 0.449116521119677
1.22751539189696 0.455967430940746
1.22961172902667 0.460665358940785
1.23246041820757 0.465129139108934
1.23385009030949 0.465825589801738
1.23247800226571 0.46647879200325
1.23691802264430 0.470039998018756
1.23339007958937 0.453141489312209
1.23493472284474 0.456146682933793
1.23690895051622 0.462392108003863
1.24061178237293 0.468694648131897
1.23728978041923 0.465812503493703
1.24113201824700 0.470623948985057
1.24257281205612 0.472009919821557
1.24475715868065 0.475336318702793
1.24653469208817 0.476727211258293
1.24644113377558 0.477172657588292
1.24412245618568 0.474583030378218
1.24601632812217 0.475126654203562
1.24727290499515 0.47620504973581
1.24752039996658 0.474796785280427
1.24634381003129 0.470284578112772
1.24442261766575 0.467592455647821
1.25195355758227 0.472281940094193
1.25077418419121 0.469432239676428
1.24820038490448 0.464712824459371
1.24871455898907 0.47244695179367
1.2484893822517 0.463871413497027
1.24606443090816 0.463431772831139
1.24329753332354 0.460168076775573
1.24295075860469 0.458338427635788
1.24313737057102 0.453011272178657
1.24527945593548 0.456022730639844
1.24302701442070 0.45620918378353
1.24201789469442 0.456344660048250
1.24169876596992 0.453099779336367
1.2436305573466 0.449047957968817
1.24087283209283 0.455389736468025
1.23759230720146 0.450378042137457
1.24348779407646 0.45858762489741
1.24215464735269 0.457926298198340
1.24052132676385 0.458501690854165
1.23115942242779 0.448072632992318
1.23421594216364 0.450707359245081
1.23855988692236 0.456547732752852
1.24705033974581 0.469587159839594
1.24799424620876 0.469773187474374
1.25194687626617 0.475483841547009
1.25527327710127 0.480442496322546
1.2618357395549 0.485377970588724
1.26542378819056 0.496846459991959
1.26802090592456 0.501557386636853
1.27302307638428 0.507375723161106
1.27520428422274 0.51014574626103
1.26560329742888 0.493701984712794
1.26209008850438 0.484619525084905
1.26591666584001 0.487817738747942
1.26552159323333 0.486355476131587
1.25911489969582 0.472277470006598
1.25369355145581 0.463432678248567
1.25363046583821 0.462799605516687
1.24795103117165 0.451036025879143
1.23923863204912 0.436404540419116
1.24141480757467 0.439202623349834
1.24180605650332 0.437607628584872
1.24287872189305 0.440432088777552
1.24072101284505 0.439356273932949
1.24082955874432 0.441396176426597
1.23600172993779 0.430036000509469
1.23939302469183 0.436339770570045
1.23855226737269 0.435393585578807
1.24327028733584 0.438251813521425
1.23886308707543 0.433397733388851
1.24335022788626 0.438558027378644
1.23473273136084 0.418457155457518
1.23605234168668 0.430276177082487
1.23663124498358 0.431201266288365
1.24100835850391 0.438407662233026
1.24195386410711 0.438289466514919
1.24643170736218 0.445257687161125
1.24801342632075 0.447642750008076
1.24802495075863 0.44922902197356
1.24464808072437 0.43683739488388
1.23605907460763 0.418550291984627
1.23770711937842 0.419398057195074
1.23559592683822 0.420847025185818
1.23764557544895 0.424631405215352
1.23370193873581 0.420418385074849
1.23096367381714 0.417024023664423
1.22762592763214 0.409342142848349
1.22533363032152 0.399107665570924
1.22634125563366 0.398871480011571
1.22792825059780 0.401929919698512
1.22982642837782 0.404462259068611
1.23183017826718 0.412462077033727
1.23859461113167 0.423722312151034
1.23408806307619 0.407336067787428
1.22713733418406 0.397158431352987
1.22669452374898 0.397482865201482
1.22946224239240 0.400725800378369
1.22907256066478 0.402080418058967
1.22855564928442 0.402642323234120
1.22528266560600 0.395697421070298
1.22007534231311 0.394643583021696
1.22170150667747 0.396090662451994
1.21783732460269 0.392622123903029
1.21684771006656 0.391629955262051
1.21741525391657 0.393038085300449
1.22031027964455 0.395448851945629
1.21448809537912 0.389668125719768
1.21270112392316 0.386254224295164
1.21427651410276 0.38875327399213
1.21254514961449 0.386584908948699
1.21260786678114 0.388379233629871
1.21036684430297 0.387917409198333
1.20666790201219 0.382397003380594
1.21690366170227 0.399812185964028
1.21735887955152 0.401563144017863
1.21762168948279 0.404472337088989
1.21412256161657 0.397945870608413
1.21476836693285 0.393560895541205
1.21309479074543 0.388121733364407
1.21272929970544 0.388873102026365
1.21400275873909 0.393808368571221
1.21354657419682 0.392369298931584
1.21094845256678 0.38927720021976
1.21153762736994 0.390991598514635
1.22347937968950 0.418753554714338
1.22484283041292 0.420196551148302
1.22594371653148 0.428894249776976
1.22420335848572 0.422172922103585
1.22293171431066 0.42284368175962
1.22702130889520 0.440966345661768
1.23659259776972 0.454110493419097
1.23447877658624 0.450639205618948
1.23542551314907 0.452857876610215
1.23616979410819 0.456026245611441
1.23445424625817 0.452889650496838
1.23936848900325 0.463535462025193
1.23879675591409 0.463638120322523
1.23056127014670 0.455052355985012
1.23115593186228 0.45516433980718
1.23178565901881 0.455211051479647
1.24455102442990 0.490719242962394
1.24211123153980 0.478232616745298
1.24418754480643 0.478427048865534
1.24326613359482 0.478120278651902
1.24559645003085 0.483704931912084
1.24379159962493 0.475924283017649
1.23928400308362 0.468374902363974
1.23872489051081 0.467640026419668
1.23806161361002 0.467499640894013
1.23804802410797 0.469122615637615
1.23863040750311 0.472320983570774
1.23927588813522 0.468243850581981
1.23759009381145 0.466005663483040
1.23076721028225 0.444953733322329
1.22938562574292 0.440158246582502
1.23062843956400 0.439412985753326
1.22730362347463 0.435722830990598
1.23230176396666 0.437167258359361
1.23697810009641 0.440791765555568
1.23809375185802 0.446724540172307
1.23509131425340 0.444525332377683
1.23747593347208 0.453390801760372
1.23923489464860 0.454456329645716
1.23579936330087 0.445350763025974
1.23886154440414 0.445933944012338
1.24134038237431 0.452026626055788
1.24218487520663 0.454712134349471
1.23853701282072 0.448592415679196
1.24703593174915 0.456174066151971
1.25194258036778 0.46401988265757
1.25431624356529 0.466138307088055
1.2650650072944 0.476550638980926
1.26511972155986 0.479044488500793
1.26842796875444 0.488469865300923
1.26956953284108 0.487043754479554
1.27103749503658 0.491070870339221
1.27004641757593 0.493073389621771
1.26336146865251 0.482253061371563
1.26317719538702 0.484327274370061
1.26192339348424 0.483214287928259
1.26497988639507 0.486015914184481
1.26890765701094 0.490613439569922
1.26947197451109 0.491824997575503
1.27365998497856 0.496099649096516
1.27679767675981 0.498398220545345
1.27208520526406 0.491649543301821
1.26731994027372 0.486501475058521
1.26426253488131 0.483506085558101
1.25952345618588 0.464538864106056
1.26436305250935 0.469765772631376
1.26520711858374 0.472680138531361
1.26712102174292 0.474768723212335
1.26753260703915 0.47681114003717
1.26762540109770 0.476984664889672
1.26862648346485 0.475920346871142
1.2644368669829 0.46927904529333
1.26372426394566 0.464912448977392
1.26233892620538 0.4622809341136
1.26219391337742 0.460476589677274
1.26173865196706 0.459504071466342
1.25761844919898 0.455435416322789
1.26381198033481 0.466971152651037
1.26412327200179 0.466151707186024
1.26135741101226 0.464979100420383
1.25897699812093 0.463336113394700
1.25860481122205 0.461320782695145
1.26234741076415 0.464842950452433
1.26665692715451 0.46769821953156
1.26613189100119 0.466260179125829
1.27068920928009 0.470551441916018
1.26550703870472 0.466021830283423
1.26643324115954 0.466245386450487
1.27331915101459 0.480218859775324
1.27260265132434 0.479144522630612
1.27251105567802 0.479894221895514
1.27604136151141 0.480287217970408
1.28058656233323 0.492387934792251
1.27250217104838 0.479962149812995
1.27132598574717 0.477358687808937
1.26875823894433 0.468973473101209
1.27368826219078 0.4747194176258
1.27509775830463 0.474561887119287
1.27178098730267 0.471658027639425
1.27117508393179 0.469742633050719
1.27373232043885 0.470474763791193
1.27167361057652 0.465356154773373
1.26661228985068 0.457854398272003
1.26100397659085 0.452546709796543
1.25894243609522 0.450432461181263
1.25952889791755 0.450608764814636
1.25630318130806 0.449987237773445
1.25437560015451 0.445989798433421
1.24922421434580 0.433432918025885
1.24590019936413 0.427441675216337
1.23792746043538 0.419542071454119
1.24013077901579 0.419979534680229
1.24084965919797 0.423384082811765
1.24128076239199 0.425348543848387
1.24068886976770 0.427177936470967
1.24178081336350 0.42756829528785
1.24181217941319 0.427667406093742
1.25089036161227 0.435701676726359
1.24601469070167 0.43350927800225
1.23998560370499 0.421270381889849
1.24330694983971 0.4252689914697
1.24386344443237 0.425773469273101
1.24547675104358 0.429761479124922
1.24041256601496 0.422385725542067
1.24194433294471 0.427980886866468
1.23901952376348 0.425545089093477
1.2373864466378 0.426617368109754
1.23987378149693 0.43419031813314
1.23785881336208 0.431411538814963
1.23898042659643 0.431923309997947
1.23831729233431 0.433438899194282
1.23876213542934 0.432219509355293
1.23944198494475 0.437036024203599
1.23867857958761 0.434386163672194
1.24205498651796 0.435364169351864
1.24233114663293 0.434367060136724
1.24116543033254 0.43331704655146
1.23861221430380 0.430860514999384
1.23850574065612 0.431665028025659
1.23987492134128 0.43340006517446
1.24679928734784 0.446499576737697
1.24287642104129 0.44174818541371
1.24573274893779 0.446890287963211
1.24372716346188 0.437870682258791
1.24900452464609 0.447801458971234
1.25029018074509 0.449085426310853
1.2469344997496 0.447425154906156
1.24507614294100 0.446784159069640
1.24623715345602 0.44935360337992
1.24836323511668 0.452339035483537
1.24633990268866 0.451415316733153
1.24837834029668 0.451970575925296
1.24746961119738 0.45209401213776
1.24617848566758 0.450200605344839
1.24623121315458 0.449923883828514
1.25031272697489 0.451307413608386
1.25242010724871 0.450684700593605
1.25130367768156 0.450290954593555
1.25028218500770 0.450624708380789
1.25302522669914 0.454599593456165
1.25378698805264 0.454891297310498
1.25646971367876 0.456650404977439
1.25553373775093 0.45552979552009
1.25484789187902 0.455022104190382
1.25436494531313 0.451891131078764
1.25446213336689 0.452474086647751
1.24692567242750 0.444897665850549
1.24234865001698 0.43780742685828
1.24027541031451 0.437397842519104
1.23642645666395 0.432131485779022
1.23813781176315 0.433685410901569
1.23409189127267 0.429146520650155
1.22981473691168 0.425116085703791
1.22566865006766 0.418398362489666
1.22381741565941 0.414187945064275
1.22927319699577 0.423024628955536
1.22862614665771 0.422747583154936
1.23336849482490 0.428885923782939
1.23211559768879 0.429724049355382
1.22768457567093 0.42236151564851
1.22512282979523 0.416007214187537
1.22648671042575 0.417988226818065
1.22642381795961 0.41832076846691
1.22838344917145 0.419271611781477
1.23169100917920 0.423473991564923
1.24022441849315 0.435562053661424
1.23763875712545 0.434412769529296
1.23592603922317 0.432184234772864
1.23499831397134 0.43056418549194
1.23716121271940 0.430868823534809
1.23671935866287 0.428260653038788
1.23574070709653 0.428125004288302
1.22865013875354 0.418998745685825
1.22867598887904 0.418601819181343
1.22892630451341 0.42028913214588
1.23135605492141 0.421363389096154
1.22756223026335 0.417812874507354
1.23905064278498 0.433691755694179
1.23473970731089 0.432772550888922
1.23493311348380 0.430907108832298
1.23272750376598 0.429898386186616
1.22960560070716 0.430213064774429
1.22443908432134 0.420636225478127
1.22230696929968 0.414185007654558
1.22126001240573 0.414444164812873
1.22173941242222 0.415861772725418
1.23757427356981 0.463610263764084
1.23524570723344 0.46251035791745
1.23745196685488 0.462456671931441
1.24087129390306 0.46559927228763
1.24115690244499 0.469630254392283
1.24673056820165 0.474209545455623
1.25299859562312 0.480942492344913
1.26186906802399 0.493614618841528
1.25896372641027 0.489929806094895
1.25493460439706 0.48543842759949
1.25536651188810 0.487525790802542
1.26024268240923 0.497011584399445
1.25988607463497 0.494910484647557
1.25738974166474 0.489423114209774
1.25892184763459 0.490008337541085
1.26080035812322 0.49141934587807
1.26080680744408 0.493250425390149
1.26108801540289 0.495040416450328
1.26136178127573 0.497911736778107
1.26371856603905 0.496274519841754
1.26696674176215 0.499182711100102
1.27195270402278 0.507517631718462
1.27701437653568 0.514813572400836
1.27471719204240 0.510312792188065
1.27491602417959 0.509296642179317
1.27326761530854 0.508443342317966
1.27232752921792 0.508188960583234
1.27473084410232 0.50844781755039
1.27553226985943 0.507091547347579
1.28079822859847 0.516430949611173
1.27720823336197 0.512191458484634
1.27843545820246 0.517388264227375
1.27752421594329 0.513252937883154
1.27269486959390 0.506595026731679
1.27385401390678 0.506758285908679
1.27300144368018 0.500283586282294
1.27264817189044 0.499317365165512
1.27835269563823 0.514163265485826
1.2770538154978 0.509894295253845
1.27643479709576 0.507640987920877
1.27813306317530 0.510806839036106
1.27939037354382 0.51188207717806
1.2795141751938 0.501569200808409
1.28429397944304 0.517161642983505
1.27665888538410 0.493345205555717
1.27470265508576 0.49130522799173
1.26676735173085 0.478009720737762
1.26390570677428 0.4748833583431
1.26449784414844 0.475449634156511
1.25827564058977 0.466726533948495
1.25926470712327 0.468317617430559
1.26251368831216 0.474725448134144
1.26169191303325 0.470936666308402
1.26350070176556 0.470039910847793
1.26090248672554 0.465572817872515
1.25372258164318 0.451186742356264
1.25181431230075 0.449237786963335
1.25344818550493 0.448870605855397
1.25201643696151 0.449785033613311
1.25112469328955 0.451876533993299
1.24113228304808 0.415399422871915
1.24305333118547 0.428008505594034
1.23897872623664 0.422476542006161
1.23298709370124 0.415167993320897
1.22902530418295 0.413783920273999
1.23010185828989 0.411497088115758
1.23763072602712 0.420822639673973
1.22599955463199 0.409144502908802
1.22690803772607 0.409081267678627
1.22362856776364 0.401726423082861
1.22084360738703 0.399162287324131
1.22935574703682 0.42768176942566
1.22648182176599 0.419656695038187
1.23689167585505 0.439583234163591
1.23398816310326 0.438154885137659
1.23186650274213 0.435888759035145
1.23287687590931 0.438443630327547
1.22620683028879 0.435433006440498
1.21997725016901 0.431217406632702
1.21270671467298 0.410948411058811
1.21548338556874 0.411222479929888
1.20822174989545 0.389714916336315
1.21110457112720 0.394296141731546
1.21614978339645 0.404497300357132
1.21399560772131 0.399824720438344
1.21350737729220 0.398630809192537
1.21348472077481 0.394613206948364
1.21492980019329 0.398303046306853
1.20929662016180 0.385272227506697
1.20538304752797 0.379475997246634
1.20303000921478 0.379089548879218
