CBK	MRK	TKA	VOW
19.83	27.72	13.59	31.02
19.8	27.52	13.59	31.49
19.44	27.54	13.7	31.68
19.64	27.47	13.85	31.81
19.64	27.47	13.85	31.81
19.64	27.47	13.85	31.81
19.64	27.47	13.85	31.81
19.72	27.62	13.91	31.9
19.8	27.82	13.92	32
19.8	27.82	13.92	32
19.8	27.82	13.92	32
19.4	27.72	13.82	31.4
20.28	27.82	14.13	32.11
20.48	27.64	14.35	32.55
20.97	27.67	14.34	32.85
21.56	27.44	14.52	34.05
21.63	27.67	14.79	35.45
21.11	27.82	14.33	35.23
21.24	29.18	14.75	36.1
21.27	29.22	14.7	36.01
21.68	29.18	14.74	35.95
22	29.13	14.53	36.08
22.26	28.92	14.68	36.36
22.78	29.2	14.85	37.18
22.48	30.38	14.93	37.16
22.14	30.84	15.19	38.53
22.1	31.24	15.01	39.19
22.1	31.04	14.67	38.48
22.15	30.86	14.85	38.48
21.73	30.79	15.07	38.63
21.29	30.66	15.56	38.61
21.29	31.54	15.89	38.38
21.23	31.34	16.36	38.34
21.57	31.21	16.5	38.61
21.8	31.14	16.45	38.7
22.05	31.64	16.34	39
21.68	31.57	16.23	38.86
21.81	31.57	16.36	39.21
21.88	31.82	16.62	39.89
21.85	31.89	16.51	39.91
21.9	31.76	16.44	40.65
21.89	31.39	16.9	41.08
21.67	31.31	16.58	41.09
22	31.19	16.51	40.56
21.8	31.19	16.4	39.96
21.69	31.04	16.46	39.81
21.47	31.48	16.46	40.16
21.69	32.14	16.34	40.19
21.75	31.87	17.1	39.86
21.99	32.2	17.84	39.43
21.9	32.04	17.73	39.76
22.23	32.59	18.62	40.69
21.81	32.42	18.24	40.71
21.92	32.38	18.22	40.9
22.16	32.52	18.66	42.9
22.23	32.04	18.47	43.57
22.41	32.09	18.23	43.81
22.56	34.03	18.18	44.57
22.76	33.75	18.35	46.31
23.29	34.16	18.39	47.35
23.39	34.18	18.15	46.87
23.15	33.83	18.18	46.32
23.7	33.68	17.84	45.97
22.89	32.62	17.61	44.84
23.24	32.7	17.61	44.69
23.27	32.45	17.61	45.36
22.71	32.57	19.13	43.67
22.96	32.6	19.97	44.15
23.11	33.2	20.99	44.07
23.44	34.38	19.17	44.69
24.02	34.51	19.15	45.12
24.33	34.08	19.2	46.27
24.33	34.08	19.2	46.27
24.33	34.08	19.2	46.27
23.37	32.92	18.51	44.39
22.67	32.29	17.83	43.46
22.79	32.45	17.97	43.99
22.79	32.6	17.97	44.27
23.51	33.75	18.28	46.42
23.45	33.45	18.24	46.07
23.59	33.68	18.48	47.67
23.36	33.65	18.66	52.38
22.86	33.8	19.15	52.78
23.17	33.8	19.31	52.57
23.32	34.81	19.7	52.91
23.02	35.21	19.86	52.13
23.12	35.36	20.04	53.88
23.36	35.19	19.92	53.71
23.3	35.06	19.48	52.83
23.36	34.71	19.56	53.23
23.29	34.61	19.55	54.13
23.88	34.8	19.6	54.48
23.38	34.71	19.22	53.73
23.37	34.76	19.4	53.48
23.65	34.71	19.35	53.46
23.65	34.31	19.22	54.89
23.65	34.31	19.22	54.89
23.7	34.28	19.43	57.99
24.56	35.21	19.76	60.09
23.93	35.31	19.53	59.79
23.88	34.71	19.17	57.44
23.88	34.71	19.17	57.44
23.83	34.81	19.12	58.06
24.23	34.86	19.31	59.29
24.16	35.69	19.07	57.61
24.35	35.07	19.28	57.99
24.38	35.36	19.6	57.74
24.37	35.99	19.56	57.49
24.37	35.99	19.56	57.49
24.46	35.82	19.86	55.86
25.36	36.11	20.23	56.76
25.33	35.46	19.87	56.94
25.14	35.97	20.09	57.16
25.96	35.94	20.12	57.39
25.91	36.14	20.4	57.27
26.11	35.74	20.05	56.29
26.01	35.74	20.2	56.34
24.36	35.64	20.09	55.33
24.51	35.54	20.09	56.37
25.49	35.56	20.75	58.44
25.42	35.21	20.76	59.4
25.4	35.77	20.94	60.39
25.27	35.77	21.12	60.27
25.07	35.59	20.89	59.5
24.96	35.77	21.05	59.84
25.22	35.66	20.66	59.73
25.6	36.02	20.8	60.2
25.45	37.12	20.96	60.25
25.17	37.58	21.09	59.8
25.12	37.17	20.98	60.19
24.79	37.3	21.17	61.02
24.88	37.73	21.19	62.54
24.66	38.23	21.32	62.6
24.48	38.33	21.47	60.94
24.84	38.08	21.47	62.32
25.42	38	21.82	62.55
25.32	38.36	21.68	65.65
25.14	38.33	21.51	65.9
24.79	38.46	21.22	66.2
24.98	38.18	21.95	67.06
25.47	38.1	21.85	67.97
25.53	38.13	22.24	71.36
25.3	37.73	22.34	70.14
25.5	37.65	22.27	71.18
26.07	38	22.54	73.41
26.36	37.98	21.93	74.51
25.85	37.98	21.62	72.11
26.8	37.73	22.14	72.61
27.02	37.73	22.5	74.46
26.54	37.53	22.49	73.81
27.25	37.73	22.62	73.39
27.43	38.33	22.22	72.11
27.12	38.33	21.5	69.88
28.78	38.05	21.07	70.61
31.88	38.73	21.44	70.01
32.75	38.73	21.47	70.81
31.58	37.98	21.24	69.83
32.48	38.15	21.32	69.16
31.33	37.88	21.75	68.62
30.92	37.58	21.48	67.65
31.46	37.63	21.46	69.33
31.58	37.93	21.3	69.91
31.08	37.3	21.2	70
31.08	36.54	20.94	68.68
31.61	36.82	20.51	67.93
31.67	37.38	21.23	68.3
32.42	37.93	21.33	68.22
33.54	37.22	21.25	67
35.04	38.03	21.74	66.18
34.68	37.68	22.26	67.8
33.21	37.02	21.91	65.55
33.18	36.21	22.55	65.76
32.93	35.97	22.04	62.75
32.45	34.46	21.78	64.25
35.08	35.21	22.85	68.9
36.86	36.34	23.03	69.71
35.18	36.65	22.45	68.11
33.84	35.66	21.86	66.6
33.86	35.66	21.8	66.43
33.05	34.96	21.48	65.88
32.65	34.46	21.58	65.85
31.76	34.21	21.2	64.75
33.81	34.21	21.42	64.91
33.22	34.46	21.96	66.59
33.61	34.81	22.24	67.95
32.77	34.68	22.15	67.08
32.7	34.96	22.47	67.33
32.6	35.04	22.34	60.89
32.85	34.66	22.34	59.59
32.55	35.01	21.98	58.41
31.58	35.21	21.73	58.31
30.17	34.61	20.91	57.54
29.45	33.25	20.87	57.08
29.63	32.95	20.46	57.36
30.75	33.65	20.66	58.44
30.24	33.85	20.46	58.05
30.77	33.8	20.5	58.21
30.67	33.65	20.5	58.41
31.89	34.94	20.94	59.39
31.94	35.11	20.84	60.37
32.45	34.51	20.86	61.42
31.97	34.78	20.67	61.44
32.14	33.96	21.01	60.99
31.81	34.21	20.95	61.09
32.32	34.16	21.01	61.47
32.93	34.71	21.33	62.8
33.67	35.21	21.28	62.69
33.67	35.21	21.28	62.69
34.37	35.06	21.46	64.52
33.66	34.58	21.33	64.3
32.27	34.33	21.65	63.31
32.29	34.21	21.42	60.71
32.24	34.21	21.37	60.64
32.8	34.26	21.42	60.09
33.41	34.46	21.4	59.67
33.13	35.21	21.3	59.44
32.93	34.71	21.05	58.79
32.42	35.31	20.63	57.58
32.66	35.72	21.15	57.09
33.7	36.17	21.98	58.27
32.78	36.46	21.93	58.99
31.7	35.97	21.33	57.84
31.6	34.96	21.18	57.23
31.19	33.95	20.55	54.25
28.63	31.14	19.68	51.08
30.17	32.7	19.74	53.43
30.17	31.84	19.43	52.08
29.86	32.29	20.45	50.9
31.3	32.45	21.01	54.53
30.22	31.84	21.09	52.43
31.65	32.4	21.98	52.73
31.69	32.6	21.91	52.58
30.93	32.19	21.44	49.93
30.58	32.09	21.83	49.43
30.88	32.55	21.81	48.06
30.14	32.95	21.98	45.82
30.14	33.35	21.58	46.22
29.81	33.4	20.81	44.17
31.39	33.56	21.11	46.12
31.8	34.21	20.94	45.32
31.75	34.08	21.09	45.66
32.53	32.8	21.42	46.65
32.36	31.82	21.05	48.62
31.24	31.14	20.58	47.45
30.98	31.9	20.89	47.75
31.19	32.19	21.24	49.67
31.39	32.95	21.71	49.82
31.55	33.1	21.56	50.01
31.96	33.55	21.76	53.58
31.88	33.15	21.36	52.79
31.55	32.7	21.32	51.4
31.83	32.19	21.6	52.23
32.14	32.45	21.46	51.98
34.26	32.7	21.36	51.25
34.94	32.5	21.37	50.98
35.25	32.04	20.94	49.27
34.13	31.77	20.46	48.07
35.33	31.14	20.55	48.32
34.92	30.31	19.74	47.67
35.82	31.01	19.74	48.33
36.02	30.94	20.31	48.4
36.97	30.68	20.25	48.77
38.5	29.68	19.43	47.37
37.94	29.02	19.3	47.67
37.84	29.68	19.42	48.77
37.84	29.68	19.42	48.77
37.84	29.68	19.42	48.77
37.84	29.68	19.42	48.77
37.84	30.38	19.63	50.83
36.15	30.58	19.63	50.48
36.15	30.58	19.63	50.48
36.15	30.58	19.63	50.48
37.08	30.58	20.14	52.13
37.09	31.14	20.3	53.93
37.21	30.56	20.09	52.33
36.82	30.18	19.97	52.01
35.74	29.75	19.66	50.53
35.13	29.68	19.08	49.9
33.75	28.32	18.28	49.07
33.69	28.65	18.61	49.2
33.82	29.08	18.25	49.53
33.54	29.18	18.18	49
33.62	29.78	18.26	49.6
34.03	29.58	18.15	50.58
34.3	31.59	17.9	49.83
33.31	31.69	17.82	50.28
32.88	31.48	17.99	49.25
32.77	32.34	17.87	49.4
32.67	31.99	18.28	49.93
33	32.32	18.95	49.63
34.11	32.7	19.37	50.45
34.36	32.04	19.4	51.15
33.64	32.32	19.68	53.18
33.7	33.69	19.66	53.85
34.44	33.69	19.76	53.36
34.87	33.7	19.35	54.13
34.26	33.58	19.56	54.43
35.38	33.38	19.67	53.83
34.97	33.05	19.91	53.93
34.92	32.85	19.82	53.91
34.69	31.19	19.43	53.83
34.1	32.07	19.55	53.18
33.74	31.72	19.38	53.36
33.75	31.92	19.45	54.29
34.01	32.19	19.63	56.64
33.67	31.69	19.43	56.66
33.36	31.77	19.36	55.83
33.39	31.89	19.41	55.83
33.44	32.79	19.45	56.94
33.74	33	19.49	56.86
33.81	33	19.89	58.34
33.82	33.43	19.82	58.59
33.44	33.95	20.22	59.99
34.1	34.46	20.78	60.64
34.13	34.41	21.09	61.32
33.38	34.43	20.86	60.02
33.33	34.68	20.96	59.99
33.9	35.72	20.92	62.44
33.34	36.27	21.25	67.35
33.34	36.27	21.25	67.35
34.15	36.07	21.01	66.14
34.43	36.22	21.19	65.82
34.64	36.72	21.07	64.5
34	36.22	21.19	64.8
34.31	35.72	21.7	66.1
33.85	36.85	22.04	65.2
33.75	37.22	21.81	67.1
34.49	37.3	22.04	72.61
34.43	37.22	21.38	72.51
34.58	38.17	21.41	71.71
35.15	38.48	21.16	71.38
34.84	37.98	20.96	68.82
34.8	39.24	20.94	71.81
33.82	39.24	20.55	74.6
34.51	39.49	20.5	72.86
34.46	39.54	20.61	74.19
35.07	39.39	21.22	76.03
34.82	39.49	21.99	80.27
36.2	39.24	22.34	81.76
35.48	39.09	21.81	79.1
35.36	36.97	21.78	76.64
35.94	36.72	21.94	77.1
35.94	36.72	21.94	77.1
35.94	36.72	21.94	77.1
36.61	36.72	22.14	74.75
37.38	36.54	21.83	75.77
36.91	35.74	21.87	74.67
37.15	35.46	21.77	74.75
37.81	35.51	22.03	76.31
38.19	36.62	22.23	73.04
37.89	35.82	21.95	72.12
37.5	35.82	21.86	70.45
36.21	35.56	21.42	69.9
35.28	34.71	21.04	68.77
35.79	34.71	21.29	72.76
35.52	35.36	21.07	73.63
35.79	35.72	21.32	76.03
35.79	35.72	21.32	76.03
36.23	35.53	21.54	75.77
35.4	34.25	21.37	73.37
35.38	34.61	21.47	73.68
34.64	33.95	21.45	74.04
35.79	34.21	21.62	75.44
36.25	34.21	21.99	75.27
35.89	34.06	21.68	73.98
36.72	35.01	21.93	72.6
35.92	35.46	21.88	74.21
35.84	35.21	22.04	74.14
35.2	35.24	22.18	73.42
35.53	36.22	23.11	74.01
35.74	37.12	23.62	75.42
35.74	37.12	23.62	75.42
36.18	37.38	23.47	74.59
36.79	37.78	23.83	75.65
37.2	37.28	23.95	77.46
36.05	35.56	23.26	74.44
36.25	35.87	23.44	74.01
36.76	35.36	23.49	73.63
36.76	35.36	23.49	73.63
35.98	35.01	23.39	74.39
36.46	35.46	23.37	77.61
36.3	35.77	23.01	77.1
36.33	36.97	23.28	79.22
35.88	37.43	23.62	77.51
35.53	37.98	23.71	77.97
35.99	37.73	23.75	83.49
35.99	37.73	23.75	83.49
35.48	37.88	23.52	81.55
34.67	37.98	23.01	82.65
34.82	37.88	22.85	85.75
35.18	37.88	23.12	89.83
34.66	36.57	23.01	87.79
34.51	36.32	22.75	84.82
34.51	36.97	22.95	86
34.69	38.83	23.01	86.41
35.44	39.92	23.11	87.69
36.12	38.73	22.96	89.32
35.36	38.83	22.92	89.58
35.42	40.95	23.26	90.29
34.73	41.5	23.34	89.01
35.02	41.58	23.72	92.77
34.79	42.03	24.02	92.88
35.23	41.75	23.9	95.66
34.54	41.24	24.13	97.3
34.42	41.25	24.46	98.68
34.72	41.12	25.04	100.72
34.58	41.47	24.98	99.96
34.41	41.35	24.72	97.61
34.36	40.75	24.49	95.92
35.46	41.17	24.8	96.12
35.91	40.69	24.64	96.12
35.05	41.1	24.34	93.31
35.78	41.75	24.18	92.88
36.69	42	24.02	93.54
37.38	42.03	23.52	92.54
36.52	42.25	22.75	92.03
36.03	41.2	22.55	90.88
35.74	39.99	22.34	89.68
34.77	39.24	21.73	86.77
34.98	41.2	21.73	84.77
34.67	41.15	21.86	87.43
34.46	42.25	22.01	88.45
34.56	41.4	21.78	83.29
34.03	39.99	21.46	80.78
33.62	41.5	21.24	80.38
32.72	39.74	20.91	82.22
32.11	38.38	20.61	82.19
32.21	38.73	20.25	83.03
30.86	38.48	19.58	78.2
29.63	36.72	18.94	72.02
30.52	36.22	18.76	71.86
30.06	35.46	18.41	70.71
30.75	36.47	18.72	73.98
29.76	36.85	18.99	73.06
30.51	36.72	19.57	75.16
29.71	36.02	19.81	76.18
29.04	36.72	19.33	74.44
27.61	35.97	18.76	72.09
28.03	35.61	18.71	71.89
29.15	36.42	19.15	74.8
27.66	36.44	18.42	71.73
26.84	35.46	17.87	66.98
26.89	32.7	17.28	65.55
25.67	33.95	17.05	63.76
26.69	34.46	17.51	69.02
27.02	35.72	17.9	67.75
25.85	35.21	17.33	62.91
25.95	35.72	17.44	62.94
26.56	35.97	17.67	64.35
27.1	37.22	18.46	69.02
26.54	37.22	17.65	67.21
25.68	35.47	17.32	63.73
26.59	35.21	16.69	62.35
26.92	35.77	16.97	64.42
26.02	35.46	16.49	63.35
26.59	35.46	16.46	63.53
25.19	33.7	16.11	59.21
25.49	33.95	16.18	59.82
25.22	33.9	16.16	54.94
25.62	34.21	15.57	56.52
26.23	34.46	15.82	59.54
25.35	34.71	15.34	59.82
25.23	34.71	15.24	58.8
25.18	35.09	15.59	63.91
24.03	34.96	14.88	64.58
23.08	33.95	14.42	61.87
20.68	33.2	14.03	53.63
21.55	30.94	14	53.66
21.99	33.65	13.8	53.33
23.26	33.45	14.11	56.24
21.89	31.49	13.19	52.05
21.01	31.14	12.47	48.47
21.68	32.57	12.58	52.77
23.01	31.34	13.57	58.7
22.91	31.7	14.15	58.8
23.79	33.7	14.37	59.72
23.95	34.12	13.75	62.61
24.2	32.47	14.06	60.56
24.19	32.7	13.78	62.3
25.62	33.1	14.85	65.39
25.05	34.21	14.47	63.27
24.88	33.2	13.93	59.49
24.85	33.2	14.27	57.75
25.51	33.7	14.52	63.14
25.56	33.95	15.36	64.01
25.31	32.95	15.19	61.51
25.1	32.5	15.14	61.51
25.62	33.8	15.29	63.66
25.46	34.46	15.72	65.29
25.06	34.03	15.34	66.21
26.02	33.6	15.8	69.28
25.67	34.21	15.19	66.47
26.89	33.75	15.24	66.72
27.81	34.46	15.39	67.23
26.9	33.7	14.93	65.96
27.35	34.21	14.9	65.32
27.7	33.55	14.6	66.72
26.58	33.5	15.11	64.22
27.21	33.65	15.23	67.16
27.54	33.2	15.11	65.85
26.71	33.2	14.9	66.47
27.35	34.76	14.7	68
28.04	36.97	15.2	70.56
28.69	37.21	15.67	71.48
28.36	36.57	15.5	69.69
27.94	35.61	15.54	69.59
28.45	35.06	15.6	71.84
28.73	34.71	15.6	72.32
28.38	34.96	15.7	70.87
26.69	33.84	15.24	65.7
25.7	33.7	14.96	66.21
26.2	32.7	14.75	66.72
26.1	32.7	15.13	67.49
25.74	33.7	15.25	65.39
25.31	34.46	15	65.32
25.19	34.96	14.73	63.66
24.95	35.61	14.28	63.35
23.9	35.21	13.86	60.97
24.08	35.21	13.54	64.12
23.54	35.31	13.28	61.36
24.54	36.12	14.11	64.42
24.54	37.45	14.67	66.44
24.13	36.97	14.62	64.17
25.31	37.78	15.18	66.77
25.05	36.97	15.19	66.98
25.49	37.63	15.36	69.02
25.49	37.63	15.36	69.02
25.49	37.63	15.36	69.02
26.64	37.63	15.79	70.2
26.28	37.22	15.75	69.54
26.85	38.23	16	68
26.85	38.23	16	68
26.85	38.23	16	68
28.2	38.47	16.6	75.2
27	38.37	16.4	76
28.54	36.89	16.15	78.76
27.85	37.39	16	77
28.5	37.09	16.81	78.11
27.4	35.91	16.48	76.4
27.17	34.68	16.48	73.6
25.9	32.47	15.55	70
25.12	33.45	14.7	68.2
25.55	33.25	14.65	67.56
27.68	35.91	14.35	69
27.63	34.63	15.1	68.65
27.32	33.46	15.5	70.85
26.76	32.25	15.4	71.9
25.9	31.35	15	66.83
26.2	31.43	15.35	66.81
25.65	31.43	15.2	68.35
25.75	31.48	14.8	68.01
26.02	30.5	14.8	67.5
26.3	31.97	14.96	69.7
26.8	31.19	15.4	68.4
25.75	31.88	15.6	66.75
25.93	31.38	15.88	66.1
25.66	30.99	16.48	67.5
25.9	31.58	16.6	67
26.1	31.48	18.14	66.25
25.5	31.48	17.7	64.06
25.65	31.48	17.48	63.1
25.62	32.47	17	64.16
25.4	32.22	17.21	65.5
25.23	32.47	17.15	66.48
25.32	31.97	17.07	65.45
25.09	31.97	17	64.11
24.94	32.22	16.81	63.52
24.55	31.38	17.3	62.1
25.25	30.7	17.42	63.55
25.5	30.5	17.65	67.05
25.85	29.52	18.18	62.85
25.62	29.71	17.86	59.5
25.48	32.66	18.41	58.5
24.95	31.87	16.63	55.36
24.62	30.79	16.25	56
24.3	30.5	16.22	55.3
24.4	29.71	16.6	58.3
25.2	29.61	16.7	57.81
25.45	30.5	16.32	56.9
25.6	30.89	16.4	56.45
25.83	29.32	15.87	54.4
26.78	29.56	16.01	54.65
27.54	29.52	16.82	56.7
28.25	30.1	17.95	57.05
28.25	30.5	18.35	57.3
27.91	30.4	18.7	56.85
27.86	30.7	18.4	56.5
28.1	30.6	18.12	58.05
28.2	31.24	18.3	58.2
27.5	31.48	17.7	56.86
26.93	31.48	17.6	55.79
27.74	31.19	18.15	59.5
27.85	31.53	17.69	60
27.86	31.48	18	60.13
27.56	31.24	17.94	61.45
27.61	31.48	18.43	61.2
28.14	31.48	18.21	60.47
28.14	31.48	18.21	60.47
28.14	31.48	18.21	60.47
28.85	31.43	19.4	60.09
29.5	31.24	19.39	61.25
29.88	32.47	19.5	61.54
29.8	32.92	19	62.53
29.7	32.96	18.8	62.1
29.63	34.34	20.08	63.64
29.92	31.58	19.86	63.92
29.99	31.6	21.38	67
29.61	31.97	21.01	68.4
30.08	31.29	21.46	70.68
29.43	31.26	21	68.99
29.69	32.17	20.6	69.75
30.25	32.07	20.9	71.2
30.39	32.22	20.25	70.05
30.35	32.22	21.09	69.45
31	32.06	20.8	71.7
30.8	31.88	20.28	67.3
30.45	31.89	19.91	65.8
30.65	31.58	20.84	66.42
30.25	31.97	20.2	65.55
29.95	33.01	20.4	65.9
30.25	33.45	20.1	65.12
29.7	33.94	19.45	65.02
30.3	33.75	19.55	64.95
30.5	33.75	19.2	64.32
30.15	33.5	20	65.11
29.75	33.45	19.6	65.5
29.75	33.45	19.6	65.5
29.58	32.47	19.16	64
29.27	32.37	18.4	62.2
29.65	32.71	18.3	62.64
29.93	32.71	18.95	63.15
30.2	33.94	19.05	62.13
29.69	32.66	19.63	61.84
29.69	32.66	19.63	61.84
28.32	32.43	19.16	61.28
28.22	32.64	19.7	61.99
27.41	32.42	18.99	60.1
26.85	32.55	18.82	59.57
26.62	31.88	18.44	60.19
26.12	32.66	17.8	60.4
26.4	33.6	18.25	60.8
26.4	33.6	18.25	60.8
26.58	33.25	18.1	61.39
27.53	33.43	18.68	62.19
27.8	32.96	18.71	61.99
29.3	33.01	19.3	62.9
29	32.96	19.43	61.95
28.95	32.9	19.98	62.6
29	32.76	19.8	62.7
29.05	32.66	20	65.63
29	32.47	21.05	66.38
28.8	32.17	20.28	67.02
28.36	31.78	20	65
28.98	31.83	20.33	66.87
29.15	31.78	20.66	65.6
28.87	32.66	20.35	63.12
28	32.17	20.58	62.42
28.5	31.34	20.94	62.5
29.3	31.09	20.91	63.2
29.25	30.99	21.05	62.6
29.49	31.02	21.5	62.5
30	30.99	21.7	63.4
30.95	31.09	22.28	61.5
31.67	31.58	22.14	61.66
31.7	31.29	22	63.35
32	31.34	21.4	62.79
33.26	30.99	22.44	62.05
34.42	30.79	23.5	62.2
33.8	30.5	23.4	62.79
33.35	31	22.68	62.35
35.1	30.99	23.05	61.97
34.8	31.29	23.49	61.89
34.42	31.48	23.73	61.79
34.28	32.07	23.01	60.55
33.37	31.9	23.31	59.15
32.64	31.4	22.7	58.3
32.1	30.3	22.3	56.7
32.2	30.7	22.53	56.75
31.9	30.45	22.31	56.11
32.49	30.5	22.5	57
32.48	30.5	22.2	57.11
31.5	30.2	22.25	55.5
30.98	32.37	21.8	56.14
31	30.84	22.45	56.25
30.55	30.35	22.2	55.5
30.78	30.01	22.31	55.41
29.6	30.79	23.24	53.35
29.8	31.19	24.1	53.75
29.52	30.94	24.55	53.7
29.42	30.6	23.75	53.2
29.9	30.79	23.31	53.46
30.61	31.33	24.5	53.46
33.11	32.41	24.15	54.57
32.86	32.07	24.25	54.8
33.15	31.53	23.51	55.05
33.25	32.27	22.8	55.25
32.81	31.83	22.6	54.8
33.45	31.81	23.14	55.05
33.75	32.17	23.33	55.49
33.29	32.48	22.8	55
33.82	32.47	22.74	55.59
33.07	32.47	22.38	57.24
34.03	32.52	22.14	58.49
34.4	32.27	21.9	58.35
33.76	31.48	21.6	56.5
35.07	32.76	22.3	56.8
34.17	32.22	21.78	55.5
35.9	31.88	21.75	56.68
36.14	32.02	21.75	57.59
35.87	33.06	21.8	58.15
35.8	33.45	21.6	58.2
35.68	35.6	22.5	58.3
35.5	35.07	22.45	58.4
35.52	35.07	22.2	58.01
34.8	34.83	22.02	56.7
34.9	35.21	22.11	55.77
34.2	33.94	20.85	54.91
34.55	34.43	21.4	54.2
33.94	34.43	21.58	55.29
34.12	34.43	21.52	54.32
34.72	34.39	20.88	53.5
35.38	34.43	20.62	53.2
35.14	34.24	19.55	52.9
35.62	34.43	19.89	54.09
35.51	33.45	18.57	52.5
35.65	34.43	18.6	52.67
36.05	33.65	18.7	52.8
35.6	33.65	19.25	52.8
35.94	32.96	20.16	52.95
35.65	32.71	20.9	53.3
35.94	32.97	21	52.51
35.8	34.78	20.65	52.6
35.6	32.96	20.32	52.17
35.37	33.06	20.5	52.3
35.3	32.84	20.88	51.3
34.8	32.57	20.65	51.18
34.2	33.45	19.97	50.35
34.01	33.45	20	51.65
33.96	34.25	19.7	51.5
34.58	34.24	19.91	53.25
34.63	33.99	20.4	52.2
34.58	32.96	20.9	51.9
34.71	33.06	21.5	52.9
34.8	32.07	21.02	52.73
34.75	33.2	21.4	53.4
35.27	33.25	21.2	52.8
35.75	32.57	21.7	54.45
36.34	32.57	22.5	56.01
36.25	32.47	22.29	56.24
36	32.47	22.18	53.51
35.66	32.47	22.3	52.55
36	32.22	22.51	51.5
36.03	32.47	22.25	51.66
35.8	32.47	21.41	51.9
35.92	32.25	21.4	51.65
35.3	31.48	21.78	51.1
35	31.56	21.69	50.4
34.7	30.99	20.7	50.2
34.2	31.38	21.1	50.31
34.2	32.22	23.7	51.59
34.25	31.68	23.4	51.51
34.63	30.89	25	51.69
34.6	30.79	24.65	50.55
33.88	30.94	25.51	49.7
33.21	29.52	25.51	49
32.95	29.32	24.5	48.8
33.15	30.11	25	48.49
32.85	30.65	24.61	48.6
32.15	30.89	25.3	46.55
32.45	29.71	25.82	46.6
32.15	29.69	27.11	46.8
32.4	29.07	27.8	47.6
33.4	29.71	28.15	48.56
33.49	29.12	27.99	49.35
33.33	28.73	28.05	48.71
33.45	28.68	28	49.35
34.15	28.88	28	48.01
34.88	29.17	28.4	48.35
35.15	28.53	28.1	48.6
34.92	29.07	29	48.1
34.7	30.99	30.88	50.66
35.79	31.19	32	55.15
34.9	31.48	32.2	54.32
34.6	29.02	31.37	53.62
34.58	29.96	30.16	54.48
35.04	29.52	30.1	55.16
36.4	29.52	30.14	55.3
36.4	29.52	30.14	55.3
36.26	29.52	30.47	56.25
36.03	29.71	31.6	55.97
36.25	29.61	30.81	55.4
36.7	30.5	30.15	55.77
36.7	30.5	30.15	55.77
35.9	30.15	31.35	54.25
34.9	29.81	31.9	52.23
35	29.52	33.6	51.75
35.4	29.02	33.5	52
36.55	29.27	33.55	53.5
36.47	29.81	32	53.65
36.25	29.98	31	54.49
36.55	30.2	30.4	53.57
36.1	29.91	30.4	52.23
36.4	29.61	30.8	52.51
36.6	30.3	30.49	53.2
36.37	29.96	30.57	52.2
36.85	30.01	30	51
36	30.89	28.49	49.75
36.01	30.5	29	49.66
35.4	30.7	29.16	49.16
33.85	29.81	28.6	48.01
33.56	30.31	28.85	48
33.5	30.88	27.67	49.52
32.85	30.89	27.43	49.69
32.25	30.5	25.99	48.25
32.75	31.04	26.09	47.16
32.9	30.99	27.7	47.66
33	30.5	28.12	47.31
33.08	30.89	28	46.99
32.3	29.81	27.39	46.55
31.5	29.81	27.15	46.5
32.2	29.71	26.75	46.29
35.35	30.01	28	46.5
36.8	30.5	26.75	46.5
37.4	29.52	26.86	46.35
36.42	28.97	25.2	45.51
36.9	28.91	26.1	46
39.75	27.25	27.7	45.71
39.55	26.76	26.7	45.55
38.72	26.66	26.29	45.49
38	25.87	27.1	45
39.05	26.42	26.48	42.3
38.7	26.07	25.34	39.61
38.86	26.57	25	41.64
38.1	26.56	24.5	42.2
37.53	26.37	25.36	41.45
36.96	26.76	25.15	40.75
37.75	29.42	25.28	41.45
37.8	29.22	24.24	42.25
37.07	31.29	23.7	41.67
40.49	30.5	23.4	40.28
42	32.61	23.4	41.4
44.01	33.07	23.71	41.25
43.95	33.45	23.38	41.01
41.55	33.65	23.13	41.6
42.77	30.79	23.22	42.36
42.9	29.53	24	42.91
43	29.52	26.9	44.58
42.94	29.91	26.01	43.99
43.2	29.76	26	43.86
43.87	29.76	26.4	43.95
44.3	30.99	25.96	44
43	31.68	25.5	44.2
43	31.88	25.88	44.5
43.15	31.51	25.58	45.1
43.18	31.68	26.5	45.05
42.33	31.48	26.86	45.95
40.05	32.76	26.45	45
39.5	32.86	25.75	45.85
39.6	30.99	25.45	44.35
39.82	32.47	26.35	44.05
39.2	32.47	24.9	43.2
39.28	32.96	24.1	43.29
40.5	33.06	24	42.99
40.25	31.48	24.5	42.92
39.99	31.38	24.25	42.15
40.49	31.48	23.99	41.9
41.5	31.79	23.7	42.5
42	31.53	22.06	41.25
40.45	31.38	22.89	41
41.6	30.01	23.3	41.37
43.6	29.96	23.2	41
42.1	30.2	22.9	41.5
42.1	30.2	22.9	41.5
42.1	30.2	22.9	41.5
42.7	30.3	23.3	42.25
42.3	31.97	23.3	42.35
41	30.3	22.75	41.7
41.62	31.09	23.1	41.5
41.62	31.09	23.1	41.5
41.38	32.47	23.5	42.02
41.25	32.17	23.51	43.5
41.51	32.47	23.59	45.9
42.84	33.45	24	46.8
42.4	32.76	24.55	47.05
42.1	32.57	24.78	49
40.6	33.45	25	47
41.5	33.45	25	47.5
41.11	31.97	25.05	46.3
41.7	31.97	25.28	46.41
42	31.93	25.42	47.5
41.25	30.6	24.6	46.11
40.99	32.96	24.39	44.83
39.98	32.96	23.4	44.3
38.89	33.35	23.62	44.68
38.05	32.91	22.95	44.72
39	33.06	19.25	44
39.4	33.16	19.43	43.6
38.2	33.55	18.3	43.4
38.9	33.45	19.3	43.42
39.65	33.94	18.7	43.69
39.4	32.71	18.3	43.05
40.1	34.78	18.45	43.84
39.65	32.97	17.93	42.85
39.05	34.09	18.38	43.02
39.27	34.34	17.9	42.95
39.3	32.46	18.06	42.97
39.05	32.66	18.1	42.52
39.3	32.91	18.65	42.35
39.22	33.06	18.63	42.5
40.01	32.57	18.83	42.65
40.39	32.76	18.85	42.64
39.8	32.22	18.81	42.16
39.28	34.09	17.5	40
40.75	31.88	17.99	40.61
39.69	30.55	17.35	40.24
38.77	31.48	17.18	39.88
38.32	30.65	17.28	39.53
37.69	31.29	16.95	39.05
38.75	31.24	16.8	39.53
38.4	31.48	16.85	39.41
38	31.97	16.46	39.92
36.74	31.98	16.27	39.47
37.54	32.96	17.05	39.69
36.4	32.61	17.3	39.8
37.4	32.66	17.4	40.1
38.53	33.2	17.43	41
38.2	33.45	17.16	40.75
38.58	33.84	17.1	40.86
39	32.66	17.05	41.15
38.35	33.3	16.6	40.79
37.4	34.19	16.54	40.57
37.15	33.2	16.24	40.47
38.6	33.3	16.3	39.94
37.4	33.16	16.7	40.95
36.43	33.4	17.15	42.8
36.93	33.16	17.15	44.17
37.53	34.14	17.15	45.56
37.69	32.96	17.15	44.98
37.45	33.16	17.2	46
37.49	33.84	18.1	45
37	33.45	18.4	46
37.4	32.96	18.01	45.55
38	32.96	18.26	46.94
39.2	32.86	18.52	46.6
38	33.46	18.39	46.3
38.85	34.83	18.37	45.95
38.4	36.5	18.59	47
38.02	36.6	18.14	47.2
38.6	36.21	18.49	47.55
39.5	37.09	18.36	49.05
39.4	39.65	18.41	50.8
39.61	37.88	18.54	50.1
38.75	38.86	18.56	50.18
38.83	37.58	18.47	50.3
38.5	38.37	18.4	50.06
37.5	36.4	17.59	50.4
38	36.4	17.2	48.99
37.98	36.86	16.95	48.4
37.8	38.57	16.8	49.6
38	37.48	16.94	50.21
37.8	37.88	16.8	51.8
37.8	36.45	17.04	50.93
37.48	36.7	17.1	51.01
36.7	37.39	17.2	51.1
36.45	37.29	17.15	48.95
36.47	36.99	16.99	48.65
36.37	35.62	17.1	49.24
35.2	36.02	17.1	50.4
34.15	36.01	17.06	50.2
34	35.61	17.21	49.92
34.33	35.22	17.01	50.15
34.04	35.91	17.3	49.9
33.65	36.4	17.48	49.9
33.41	35.33	17.42	49.31
33.1	35.91	17.3	48.44
32.65	35.71	17.02	46.84
32.63	35.91	17.05	47
32	35.91	16.51	49
32.64	35.42	16.1	50.3
32.42	35.71	16.35	50.4
31.7	34.93	15.65	50
32.31	35.32	15.4	49.6
32.93	35.73	15.95	50.9
32.55	35.91	15.4	50.33
33.3	35.42	15.27	50.8
33.62	36.4	15.59	49.85
33.53	38.17	15.39	50.35
33.71	37.89	15.39	52.5
33.38	40.83	15.5	54.5
33.38	40.83	15.5	54.5
33.08	41.81	15.19	55.35
33.63	39.86	15	56.3
33.5	40.83	14.53	56.38
33.4	40.48	14.61	55.45
33.12	41.32	14.45	55
33.1	40.24	14.39	55.1
32.05	39.35	14.1	53.65
31.58	41.32	14.23	56.25
31	38.86	14	56.13
31.12	40.63	14.06	55.35
30.08	38.97	14.26	54.5
31.05	41.32	14.7	55.2
30.75	41.32	14.44	53.63
31.2	39.7	15.25	53.72
32.68	41.32	16.19	53.9
32.75	41.91	16.2	54.1
32.25	41.91	15.78	53.3
32.29	42.8	16.29	55.1
32.32	44.27	16.3	56.1
33.25	44.08	16.8	58.87
33.52	43.8	17.09	60.28
33.8	44.96	17.16	59.5
33.35	46.34	17.16	60.04
33.3	45.05	17.37	60.63
33.25	45.75	17.25	60.5
33.71	47.42	16.7	58.67
33.71	48.55	16.11	57.9
33.01	47.81	16.15	57.7
33.25	48.06	15.76	57
33.3	49.19	16.25	58.4
33.4	48.45	16.11	58.55
33.14	48.7	16.03	58.25
32.15	48.8	16.26	59.1
31.71	47.86	16.25	57.7
31.85	44.76	16.7	57.3
31.26	44.27	16.46	55.7
31.29	46.14	15.65	56.4
31.03	46.34	14.95	55.43
30.9	46.44	15.2	57.95
30.28	46.04	15.23	61
29.81	44.27	15.19	60
29.1	43.98	14.71	56.89
29.37	45.8	15.5	56.4
29	44.91	15.86	55.4
29.6	46.24	15.96	57.5
30.05	44.08	17.16	58
30.1	43.78	17.2	56.45
31	41.85	17	58.25
31.15	43.58	16.96	57.5
30.7	42.94	16.84	56.97
30.3	42.91	16.48	54.44
29.7	41.81	16.82	52.7
29.73	42.31	16.5	51.6
29.64	44.27	16.95	51.94
29.55	45.58	16.92	53.8
28.4	46.24	16.62	51.85
28.3	44.26	16.2	52.39
28.69	43.29	16.41	53.15
28.69	43.29	16.41	53.15
28.69	43.29	16.41	53.15
29.06	42.8	16.8	53.95
29.95	45.99	16.53	56.27
30.89	46.24	16.5	55.69
30.89	46.24	16.5	55.69
30.2	47.22	17.14	54.5
30.23	47.22	17.09	53
30.95	46.68	17.5	56.1
31.85	45.45	18.05	58
32.42	43.58	18.15	57.35
32.05	42.31	18.35	56.65
31.19	43.09	18	54.78
32.1	42.8	18.12	54.05
32.15	41.32	17.99	54.71
32	40.73	18.7	56.15
31.66	40.34	19.02	55.43
31.94	41.81	19.16	57.49
32.2	40.09	18.8	57.5
31.8	41.62	18.44	57.79
31.9	41.81	18.79	59.11
32.31	42.6	18.73	59.15
32.71	41.83	19.15	58.3
32.99	43.1	19.5	57.83
32.6	43.58	19.57	57.2
32.72	43.79	19.84	56.1
32.98	44.27	20.24	55.1
32.98	44.76	20.1	55.13
32.06	44.37	20.03	55.91
31.28	43.78	19.84	55.3
30.52	44.13	19.43	55.05
30.65	44.32	19.5	55.9
30.55	44.32	19.18	56.35
30.63	45.75	19.45	57.75
30.6	45.75	19.26	57.2
30.75	44.76	19.71	57.24
30.95	44.27	20	57.15
30.75	45.75	20.05	57.97
30.92	46.24	20.04	58.17
30.51	46.93	19.91	57.4
30.37	47.18	20.69	57.3
30.03	46.73	20.6	58.8
29.15	46.73	20.33	59.99
28.85	48.21	19.94	59.72
28.5	47.18	19.33	58.5
28.43	48.21	19.49	59.25
28.75	48.7	19.89	59.2
28.69	48.9	19.88	59.85
28.37	47.72	18.52	59.38
28.44	48.65	18.95	59
28.45	46.63	18.15	59.7
28.6	46.29	17.9	60.55
28.6	46.68	18.01	61.6
29.2	46.73	18	62.1
30.09	46.24	18.25	62.4
30.11	47.72	17.85	61.53
29.93	45.26	17.5	59.49
29.59	44.08	17.24	56.1
29.68	44.76	17.48	55.55
29.7	41.32	16.84	55.1
29.7	41.91	16.82	54.19
29.7	42.6	16.45	55.79
28.95	40.04	15.43	55.51
28.39	40.34	15	50.4
28.6	39.86	14.98	50
28.74	39.94	15.66	52.48
28.97	43.29	16.19	53.82
29.65	40.44	16.67	53.79
30.35	40.34	16.67	54
31.41	42.8	16.49	51.93
30.75	40.53	16.48	51.3
30.3	38.86	15.93	48.2
30.19	38.07	15.55	48.7
30.42	41.22	15.6	49.96
30.65	41.22	15.29	49.35
30.81	39.8	15.6	50.75
31.12	40.78	16.67	51.74
31.15	40.53	16.5	51.75
31.08	40.83	16.68	52.1
31.08	40.83	16.68	52.1
31.08	40.83	16.68	52.1
30.92	42.27	16.71	51.12
31.08	42.81	16.98	53
31.23	42.06	17.27	53.7
31.29	40.09	17.4	54.5
31.2	39.45	17.46	54.35
31.53	39.37	17.51	55.2
31.67	38.83	17.35	55.1
31.78	38.47	17.4	55.8
31.82	38.47	17.36	55.8
31.76	38.76	17.53	56
31.76	38.76	17.53	56
31.9	39.56	17.55	56.25
31.85	40.83	17.35	56
32.1	40.03	16.98	55.5
32.05	40.05	16.66	55.23
32.37	41.21	16.77	54.77
32.32	41.52	17.18	55.39
32.33	41.95	17.06	56.5
32.36	40.86	17.1	58.25
32.08	40.83	17.16	58.01
32.09	41.43	17.17	58.3
32.25	40.83	17.52	59
32.25	41.32	18.21	59.25
32.5	40.44	18.4	59.2
32.4	41.32	18.26	59.67
32.17	41.11	18.26	60.03
31.9	40.34	17.92	59.75
31.85	40.34	17.99	59.55
31.72	40.6	17.87	59.91
30.74	40.34	17.91	60.1
30.3	39.79	17.31	59.18
29.86	38.86	17.08	58.5
29.45	38.47	17.77	57.55
29.34	39.29	17.47	58.1
29.35	39.55	17.5	58.34
29.23	39.16	17.56	59.83
29.3	38.91	17.11	59.69
29.34	39.29	16.87	59.86
29.54	40.73	16.98	58.29
29.52	41.32	16.75	57.25
28.95	41.42	16.15	56.35
29.29	41.32	16.3	56.55
28.83	41.86	16.17	55.35
28.4	41.81	15.73	55.01
28.6	41.6	15.36	54.8
29.2	41.32	15.69	55.7
29.32	39.85	15.32	55.3
29.32	40.14	15.17	55.05
29.84	40.05	15.32	54.62
29.88	40.33	15.14	54.85
29.95	40.13	15.29	54.2
30.09	40.24	15.06	53.75
29.85	40.19	15.13	54.23
29.89	40.37	15.5	55.5
29.85	40.83	15.57	56.03
29.9	40.53	15.77	55.75
28.9	40.63	15.77	55.7
28.35	40.24	16.02	55.79
28.18	39.84	15.87	53.8
28.67	39.35	15.76	53.66
28.24	39.84	15.66	53.4
27.75	39.72	15.27	53.3
27.64	39.99	15.58	53.1
27.4	40.24	15.85	53.6
27.29	41.03	15.61	53.08
27.43	41.17	15.58	52.85
26.83	42.31	15.22	52
27.2	42.55	15.32	51.75
27.1	42.64	15.4	51.25
26.95	44.27	15.42	51.7
26.4	44.27	15.32	51.45
25.71	43.63	15.05	51.3
25.87	43.87	15.18	52.08
26.02	44.54	15.35	52.73
26	43.39	15.44	51.8
26.15	43.98	15.81	52.85
26.54	43.34	15.77	53.61
26.55	43.29	15.6	53.3
26.15	42.11	15.52	52.05
25.6	41.8	15.42	52.25
26.14	42.26	15.67	53.3
26.16	40.49	15.75	53.4
26.73	41.12	15.68	53
26.28	41.1	15.66	52.5
26.83	41.71	15.57	52.22
27.4	41.52	15.4	52.94
27.2	41.32	15.47	52.45
27.15	41.76	15.22	51.89
26.98	41.62	14.98	49.29
26.87	41.42	14.95	48.65
26.65	40.54	14.78	48.45
26.72	41.47	14.79	48.5
26.85	41.32	14.75	49.39
27.05	41.43	15.07	50.32
27.17	42.31	15.1	50.21
26.69	41.32	15.16	49.26
26.72	41.34	15.08	48.89
26.51	41.34	15	47.7
27.32	41.71	14.9	48.65
27	41.32	14.69	47.51
27.15	42.31	14.92	49.38
26.47	42	14.69	50.19
24.96	41.81	14.5	49.2
24.13	41.75	14.26	49.67
23.45	40.83	14.05	47.65
20.64	38.37	13.46	45.76
20.86	38.96	13.1	43.45
21.32	39.55	12.96	43.45
19.75	39.13	12.17	40
20.01	37.88	11.9	40.55
19.05	39.35	11.83	38
17.7	40.09	11.2	35.65
15.58	38.27	9.93	32.95
15.4	37.6	10.26	35.05
16.9	37.83	10.62	37.95
17.6	37.78	10.45	37.44
17.28	38.81	10.63	36.91
17.27	39.06	11.05	36.91
18.02	40.83	11.3	39.05
17	41.81	11.34	38
17.26	44.03	11.64	38.15
17.4	42.01	11.62	39.76
17.91	41.52	11.99	40.45
18.1	40.49	11.55	39.1
17.4	41.03	12.25	38.99
17.2	40.32	12.33	38.52
17.92	40.57	12.57	40.55
17.84	40.83	13.1	40.95
17.43	41.81	12.99	40.65
16.21	40.93	12.8	40.99
16.8	41.81	12.82	41.24
17.06	41.76	12	41.25
16.95	41.41	11.51	41.19
16.8	41.56	11.42	40
16.7	41.17	11.84	41.4
16.66	40.58	11.72	42.59
17.9	40.14	11.91	43.75
18.26	39.99	11.98	42.72
18	41.81	12.13	44.35
17.95	40.2	11.94	42.27
17.68	38.42	11.79	42.01
18.45	38.52	12	42.6
18.1	38.62	12.23	42.8
18.09	38.57	11.86	42.39
19.05	38.27	12.16	44.8
18.61	38.4	12.35	44.55
19.55	38.42	13.18	45.73
20.43	38.52	13.9	47.54
19.32	38.36	13.75	47.31
18.91	38.22	13.65	46.4
19.57	37.68	14.49	48.46
19.76	38.22	14.65	48.51
20.11	36.94	15.34	48.64
20.9	37.73	15.37	50.12
21.61	37.73	15.66	50.6
21.4	37.63	15.44	50.4
21.6	37.11	15.29	50.8
21.37	37.47	15.37	51.05
21.38	40.34	15.53	52.7
21.4	39.6	16	53.2
20.8	40.24	15.99	51.2
20	40.1	15.5	49.6
19.33	40.93	15.77	48.7
19.11	41.32	15.59	48.35
18.9	39.86	16.07	48.75
18.77	40.72	16.06	49.1
19.49	40.62	17.31	52.35
19.81	40.24	17.15	52.85
19.04	39.29	16.89	51.7
18.79	37.99	16.72	50.75
18.44	38.86	16.48	50.75
17.67	39.16	16.65	49.95
17.27	39.17	16.11	48.7
17.32	38.12	16.1	48.73
18.1	38.58	16.45	50.45
17.33	38.42	16.48	50.35
16.99	37.98	16.29	49.51
17.09	38.35	15.72	49.2
17.12	38.37	16.01	50.08
17.12	38.37	16.01	50.08
17.12	38.37	16.01	50.08
17.12	38.37	16.01	50.08
17.2	39	16.21	51.63
17.47	40.82	16.39	52.5
17.47	40.82	16.39	52.5
17.47	40.82	16.39	52.5
17.77	39.89	16.55	51.6
17.88	39.4	16.98	52.7
18.14	38.71	17.26	52.7
18.1	38.12	17.16	52.29
18.3	38.66	17.19	52.74
18.3	38.17	17.41	52.8
18.06	39.34	17.34	50.83
17.94	38.07	16.98	50.9
17.4	37.39	16.69	50
17.66	37.98	16.33	49.6
17.3	37.88	16.01	48.55
18.95	37.46	16.4	49.75
18.74	37.88	16.59	50.04
18.5	37.9	16.42	49.8
18.6	37.88	16	50.31
18.8	38.16	16.16	52.3
19.25	37.78	16.28	51.6
19.54	37.63	16.39	51.5
19.92	36.4	16.65	53.2
19.62	35.42	16.5	54.2
19.28	35.32	16.25	54.25
19.07	35.19	16.35	55.5
19.28	35.42	16.77	55.21
18.97	35.42	17.07	54
18.75	34.93	16.98	54
18.46	35.37	16.35	52.36
18.36	35.17	16.39	51.39
18.3	34.78	16.36	52.2
18.53	35.06	16.28	52
18.3	36.01	16.19	50.88
18.44	34.83	16.3	52.1
18.53	31.27	16.61	52.02
18.25	31.78	16.48	51.75
18.43	31.29	16.7	51.7
18.33	31.29	16.48	50.7
18.56	30.94	16.48	50.47
18.42	30.65	16.6	51.25
18.22	30.05	16.74	50.29
18.49	29.56	16.85	52.3
18.6	30.3	17.26	53.29
18.6	32.96	17.3	53.7
19.05	33.45	17.35	55.34
19.51	32.96	17.55	57.1
19.58	31.97	17.81	59.02
19.53	31.25	17.29	58.1
20.16	31.93	17.18	57.94
20.4	33.17	17.3	57.71
20.82	33.94	17.6	58.35
20.99	33.78	18	58.1
20.62	32.44	17.91	56.7
20.5	32.41	17.69	57.29
20.6	32.59	17.69	57.45
20.75	32.96	18.09	59.1
20.78	33.04	18.39	58.7
20.96	33.06	18.5	60
20.98	33.3	18.18	59.83
20.98	32.51	18	60.99
20.7	32.81	18.07	62.15
20.53	32.81	17.96	60.59
20.27	33.45	18.04	60.43
20.01	33.35	17.94	59.65
20.67	34.53	18.03	60.46
20.67	34.53	18.03	60.46
20.67	34.53	18.03	60.46
20.27	35.02	18.08	59.42
20.75	33.94	17.63	58
20.55	33.3	17.51	57.58
20.3	33.94	17.65	57.65
19.48	33.94	17.59	57.76
19.44	33.94	17.46	57.26
20.03	33.94	17.24	57.8
19.8	34.78	17.05	57.35
19.8	35.02	17.2	58.21
19.62	35.09	17.29	59.43
20.19	35.71	17.62	60.95
20.01	35.07	17.5	58.65
20	34.74	17.41	58.1
20.04	35.24	17.51	58.83
19.94	35.17	17.35	57.8
19.95	34.68	17.09	57.75
20.2	34.43	17.22	56.01
19.95	32.96	17.01	53.9
19.83	32.95	16.89	54.1
20.03	32.47	17	53.7
20.03	32.42	16.79	54.97
20.03	32.42	16.79	54.97
19.79	32.24	16.8	53.8
19.59	32.66	16.6	54.29
19.46	32.57	16.7	54.28
19.42	32.06	16.49	54.1
19.73	32.46	16.77	56.3
19.71	32.36	16.6	55.47
19.29	31.68	16.72	55
19.5	31.78	16.9	56.2
19.44	31.93	16.96	56.7
19.45	32.86	16.97	56.31
19.44	33.75	17.4	56.34
19.53	32.86	17.14	56.78
19.4	32.28	16.95	56.65
19.51	32.07	17.45	56.72
19.35	31.87	17.38	58.99
19.26	31.48	17.21	58.72
19.34	31.19	17.18	59.17
19.35	31.34	17.35	59.41
19.45	30.66	17.59	58.78
19.28	31.38	17.52	58.12
19.14	29.52	17.51	56.58
19.27	29.8	17.36	56.5
18.7	30.14	17.45	55.76
17.8	30.01	17.27	55.4
17.8	29.52	17.25	55.34
17.84	27.93	17.39	56.07
17.65	27.74	17.12	55.3
17.5	28.5	17.29	54.6
17.49	27.62	17.17	54.95
17.27	26.56	17.02	55.15
16.95	26.22	16.95	53.65
16.43	26.33	16.27	51.37
16.85	27.65	16.61	53
16.5	26.76	16.44	53
16.6	26.07	16.5	52.39
16.19	26.46	16	49.25
15.98	26.56	15.57	47.6
15.01	26.22	15.46	46.05
14.75	26.76	15.19	47.55
14.56	25.43	14.86	47.5
15.14	26.2	15.44	48.41
15.2	26.96	15.3	48.8
15.35	26.57	15.52	48.5
14.99	25.51	15.01	46.7
14.91	25.34	14.98	45.07
14.83	25.63	14.79	46.05
15.37	25.55	15.17	46.8
15.37	24.75	14.9	45.68
15.34	24.84	15.2	45
14.61	23.71	14.63	43.99
14.16	23.02	14.55	42.91
13.85	22.43	14.29	42.4
13.09	21.74	14.08	40.37
13.27	22.04	14.04	41.03
13.14	22.87	14.09	42.95
13.45	21.63	14.17	44.01
12.78	20.66	13.64	42.75
12.34	19.68	12.9	40
11.3	19.73	12.67	39.2
11.35	19.18	12.9	41.44
11.25	18.74	12.39	40.3
11.47	18.45	12.52	40.75
11.81	19.68	13.41	44.65
11.73	19.18	13.5	46.95
11.5	19.58	13.21	47.15
11.14	19.78	13.16	45.75
10.16	19.85	13.08	45.05
9.89	19.71	12.17	42.93
10.22	21.07	12.59	45.9
9.8	21.05	11.97	45.92
10.68	21.33	12.69	47.2
10.81	21.64	12.8	48
10.75	21.64	12.78	47.1
10.77	21.45	12.69	48.05
10.61	21.4	12.43	47.4
10.54	21.63	12.61	48.1
10.65	21.15	12.25	47.95
11.26	20.91	12.39	49.5
11.15	20.94	12.88	48.35
11.53	21.02	13.3	49.58
11.71	20.64	13.95	48.9
12.11	20.59	13.83	48.3
11.77	20.07	13.81	47.9
11.76	19.94	13.71	48.49
11.42	20.12	13.72	46.12
11.16	20	13.49	46.61
11.14	19.78	13.44	46.4
10.89	20.46	13.6	45.15
10.22	20.51	12.6	42.01
10.01	20.48	12.11	43.4
9.6	21.26	11.99	42.8
9.91	22.38	12.34	44.57
10.08	21.55	11.87	43.82
9.9	21.64	12.65	45.35
10.14	22.68	12.84	46.65
10.16	22.64	12.84	44.5
9.95	22.13	12.66	43.83
9.69	21.84	12.56	43.76
9.35	22.02	12.55	43.09
8.98	20.92	12.12	41.4
8.52	19.99	11.51	40
8.51	20.98	11.91	41.02
7.91	19.86	11.19	38.6
7.54	18.96	10.87	36.12
7.67	18.56	11.2	36.64
7.54	19.28	11.4	39.66
7.32	19.48	11.3	39.02
6.68	18.2	11.2	36.52
6.62	17.74	10.61	37.49
6.7	18.27	10.35	38.75
6.4	18.32	10.05	36.85
6.06	17.92	10.08	35.75
5.7	18.11	9.48	36.16
5.3	18.57	9.32	35.23
5.81	18.75	9.09	32.96
6.78	19.14	9.76	34.61
7.21	18.96	10.51	37.8
6.93	18.53	10.58	37.24
7.43	19.98	10.96	39.63
7.41	19.32	11.42	39.23
7.95	20.17	12	40.98
8.01	19.69	11.94	41.25
8.16	21.44	11.98	42.8
7.71	20.37	11.44	40.32
6.75	20.23	11.25	37.09
6.97	21.49	11.49	36.32
7.01	21.15	11.15	37.49
7.24	21.75	11.28	38.51
6.8	20.17	10.69	36.2
6.94	20.56	10.34	36.35
7.23	21.74	10.57	38.07
7.35	22.64	10.5	38.7
8	23.01	10.77	40.23
8.2	23.91	10.67	39.61
7.9	24.99	10.9	38.8
7.49	23.28	10.7	36.3
7.06	23.12	10.85	36.09
6.99	23.23	10.7	36.7
7.19	22.33	10.56	37.67
7.1	22.11	10	36.81
7.55	21.47	10.11	38
7.5	22.41	9.99	37.91
7.7	21.89	9.98	38.4
7.63	22.77	9.99	38.9
7.46	22.63	10.03	38.53
8.12	24.27	10.49	39.6
8.19	24.13	10.65	39.71
7.97	24.5	10.94	39.65
7.83	24.83	10.83	38.69
8.35	24.74	11.19	40.25
9.4	24.74	11.46	40.35
9.35	24.85	11.95	40.7
10.33	25.19	12.19	41
9.6	25.02	12	39.6
9.54	25.71	12.2	41
9.08	26.15	11.9	39.91
9.06	25.53	11.65	39.64
8.36	23.63	11.26	38.01
8.72	24.33	11.42	39.39
8.75	23.96	11.31	39.33
8.46	23.85	11	38.41
8.36	23.17	11.02	37.63
8.6	23.19	11.25	38.85
8.51	23.93	11.06	38.24
8.34	24.06	10.5	35.39
7.9	23.18	10.1	35.38
8.03	26.35	10.88	35.99
7.97	26.5	10.6	35.4
7.97	26.5	10.6	35.4
7.97	26.5	10.6	35.4
7.97	26.5	10.6	35.4
7.52	25.19	10.03	33.76
7.45	24.99	10.65	34.74
7.45	24.99	10.65	34.74
7.45	24.99	10.65	34.74
8.2	25.96	11.24	38.66
8.36	26.41	11.29	37.9
8.2	27.2	11.65	38.5
8.08	27.07	11.51	37.25
7.65	27.36	11.08	35.47
7.93	26.16	11.15	35.61
7.84	27.15	10.91	36.36
8	27.84	11.15	36.64
7.92	27.43	11.24	37.02
7.89	27.3	11.55	36.31
7.94	28.04	11.76	37.62
7.65	27.25	11.13	36.68
7.53	27.45	11.25	37.22
7.2	26.28	11.27	36.99
7.6	26.32	10.83	35.6
7.35	26.66	10.73	34.99
7.15	27.34	10.49	34.3
6.88	26.63	10.17	34
6.84	25.73	10.16	34.7
6.8	26.22	10.09	36.51
6.6	26.23	10.08	37.06
6.73	27.45	10.3	38.58
6.6	27.44	10.41	38.85
6.38	26.91	10.19	36.31
6.62	27.06	10.54	37.9
6.46	26.73	10.4	36.91
6.1	26.37	9.82	35.74
6	26.32	9.85	36.53
6.04	27.06	10	37.53
5.99	26.66	9.91	35.54
5.93	26.91	9.7	34.38
6.2	27.45	9.86	35.58
6.41	27.09	9.95	35.46
6.36	24.09	10.05	36.4
6.13	23.71	9.99	35.4
6	24.43	9.93	36.09
6.02	24.71	9.73	37.85
5.9	24.6	9.06	37.11
5.81	24.52	8.74	36.4
5.65	23.12	8.05	35.25
5.7	22.27	8.48	36.68
5.92	22.04	8.91	37.1
5.94	21.75	8.55	36.96
5.75	21.25	8.5	35.77
5.84	21	8.29	35.07
5.68	21.71	8.07	34
5.54	20.89	7.61	33
5.33	19.98	7.42	32.59
5.33	20.57	7.2	30.19
5.63	19.69	7.01	28.66
5.93	21.15	7.49	30
6.05	21.56	7.3	29.5
6.65	22.46	7.62	31.26
6.8	22.95	8.23	32.54
6.81	23.6	8.29	32.3
6.85	23.46	8.07	32.08
7.18	24.3	8.39	33.3
6.62	22.76	7.95	31.75
6.89	22.95	8.24	32.81
6.76	21.8	7.91	31.76
6.75	23.39	7.91	31.78
6.6	22.48	7.62	30.75
6.2	21.6	7.36	29.2
6.34	21.74	7.37	29.39
6.82	22.26	7.91	30.6
6.6	22.75	7.64	30.5
6.75	22.87	7.9	31.95
7.26	23.58	8.19	33.99
7.23	23.17	8.09	32.5
7.39	23.41	7.88	32.27
7.05	23.02	7.81	31.35
7.31	23.07	7.8	32
7.5	23.3	8	33.03
7.92	22.63	8.26	33.17
7.92	23.38	8.57	32.2
8.55	22.63	8.71	33.02
8.55	22.63	8.71	33.02
8.55	22.63	8.71	33.02
8.95	22.99	8.65	33.85
9.14	23.22	9.04	34.97
8.43	22.95	8.84	34.04
8.32	23.02	8.68	31.22
8.75	22.79	9.03	32.35
8.68	22.83	9.1	31
8.85	23.68	9.18	31.5
8.85	23.68	9.18	31.5
9	23.37	9.35	30.62
9.2	23.66	9.79	31.28
9.44	25.09	10.12	32.33
9.16	24.39	9.63	32.12
8.3	25.09	9.14	31.3
8.82	25.03	9.31	32.5
8.91	25.8	9.17	31.73
8.84	25.54	9.09	31
8.98	26.09	9.18	31.03
9.04	26.13	9.46	30.77
9.08	26.93	9.41	30.84
8.57	26.76	9.01	29.35
8.7	26.87	8.89	29.45
8.48	26.71	8.81	29.87
8.9	27.31	8.84	30.88
8.82	27.26	8.55	30.12
8.85	27.94	8.7	29.87
9.1	27.96	8.77	29.51
8.96	28.97	8.89	29.54
9.2	29.32	8.8	29.55
9.75	28.43	9.06	30.71
9.8	28.3	9.35	31.82
9.95	26.81	9.31	31.5
10.32	26.4	9.64	32.38
10.5	25.87	9.57	31.29
11.27	27.15	9.69	32.15
11.03	26.37	9.58	31.77
11.81	27.03	9.67	32.31
12.46	27.92	9.75	33.53
12.47	29.17	9.92	33.97
11.57	28.8	9.79	33.67
12.88	28.4	10.29	34.9
12.66	26.68	10.55	35.79
12.34	26.56	10.59	36.48
11.91	26.17	10.33	36.05
11.99	25.9	10.53	35.95
11.59	25.38	10.19	35.01
11.92	25.02	10.33	35.29
12.39	24.3	10.09	34.23
12.6	25.57	9.89	35.37
12.27	24.8	9.85	36.26
12.18	24.89	10.04	36.81
11.82	22.83	10.1	36.01
12.27	22.73	10.25	37
12.28	23.22	10.75	37.83
12.41	23.45	10.91	37.41
13.25	22.92	11.41	37.9
13.26	22.69	11.38	37.77
13.08	22.64	11.33	37.07
12.73	22.43	11.15	36.14
13.14	23.12	11.45	37.23
13.38	23.51	11.62	37.66
13.35	23.71	11.57	37.27
13.46	23.8	11.6	37.55
13.14	23.85	11.58	36.49
13.56	24.1	11.82	36.68
13.12	23.91	11.33	35.37
13.16	24.18	11.2	35.71
13.13	23.78	11.07	35.5
13.35	25.04	11.58	36.3
13.32	24.64	11.61	36.8
13.39	24.93	11.65	37.28
13.42	24.41	11.69	37.1
13.33	24.23	11.5	37.61
13.45	24.1	11.59	38.18
13.84	24.12	11.58	38.15
14	23.42	11.52	37.95
14.15	23.61	11.73	38.02
13.47	23.71	11.59	37.72
13.22	24.2	11.32	37.37
13.01	24.01	11.24	37.72
12.96	23.92	11.14	37.61
13.25	24.69	11.57	38.35
13.21	24.89	11.76	39.48
13.51	25.58	11.27	40.95
13.71	25.57	11.74	42.25
13.78	25.78	12.46	42.47
13.63	25.63	12.37	42.74
13.65	25.09	12.45	43
13.62	24.89	12.82	45
13.5	25.38	12.49	44.59
13.28	25.48	12.25	43.81
13.13	24.61	12	43.5
13	25.47	12.2	44.08
12.76	25.19	12.05	44.43
12.73	25.94	12.34	44.66
12.96	27.74	12.87	46
12.93	26.86	12.89	45.85
13.42	28.35	13.44	46
13.7	27.76	13.46	46.57
13.58	28.09	13.44	45.7
13.91	28.14	13.62	45.34
13.75	28.43	13.4	43.9
13.68	27.45	12.85	42.86
13.71	28.12	13.03	43.93
13.59	27.7	12.75	43.3
13.66	28.24	13.16	43.16
13.76	28.33	13.35	43.7
13.79	27.95	13.27	44.14
14.24	27.84	13.37	44.66
14.79	29.02	13.13	43.5
14.32	27.93	12.68	41.68
14.43	28.14	12.43	40.5
13.67	27.79	11.85	39.1
13.42	27.2	11.59	39.7
13.24	26.77	12.06	39.56
12.95	27.49	12.15	39.5
12.52	27.23	11.52	38.59
13.3	27.15	11.81	39.72
13.5	27.07	11.55	38.59
14.1	27.06	12.28	40.35
14.11	27.74	12.15	40.6
13.95	26.8	11.94	39.85
14.25	27.23	12.05	39.97
14.6	27.86	12.47	41.99
15.05	28	12.32	41.54
15.94	27.89	12.46	42.37
15.56	27.54	12.57	43.12
16.06	28.79	12.95	43.56
16.49	30.15	13.02	43.89
16.01	29.85	12.73	43.1
16.41	30.24	12.94	43.95
16.63	30.08	13.08	43.94
15.91	29.51	12.74	42.98
15.78	29.66	12.63	42.77
15.61	29.56	12.36	41.99
16.06	29.52	12.58	42.75
16.49	29.29	12.9	44.1
16.8	29.52	13.15	43.02
16.84	29.77	13.8	42.85
17	29.64	14.35	43.39
17.5	31.09	14.75	44.65
16.75	31.29	14.54	44.51
16.07	31.28	14.68	44.42
16.12	31.04	14.61	44.63
15.86	30.65	14.93	44.7
15.64	30.26	14.83	44.57
15.3	29.96	14.6	44.5
15.25	30.23	14.63	45.23
15.16	31.73	14.86	45.1
15.29	31.71	15.56	45.05
14.76	30.99	14.61	43.65
15.5	30.79	14.62	43.29
15.6	30.65	14.74	42.53
15.31	31.32	14.7	41.99
15.55	31.51	14.68	41.76
16.24	32.17	15.25	42.66
16.09	32.45	15.5	43.08
15.95	31.46	15.27	42.47
15.79	31.91	15.51	42.26
16.14	32.19	15.45	41.45
16.32	32.77	15.81	41.93
16.1	33.18	15.5	41.75
16.4	33.51	15.62	43.1
16.06	33.06	15.85	43.69
15.84	32.86	15.53	42.95
15.69	32.32	15.46	42.59
15.77	32.57	15.55	42.54
15.31	32.71	15.65	42.14
15.39	32.71	15.84	43.31
15.29	32.65	15.61	43.84
15.36	33.36	15.72	43.44
15.12	31.77	15.69	43.85
15.03	31.48	14.9	43.98
15.26	32.27	15.07	44.47
15.49	32.37	15	44.6
15.21	32.53	14.98	43.49
15.32	32.47	15.09	43.44
15.32	32.47	15.09	43.44
15.32	32.47	15.09	43.44
15.32	32.47	15.09	43.44
15.41	32.63	15.39	44.02
15.55	32.5	15.67	44.15
15.55	32.5	15.67	44.15
15.55	32.5	15.67	44.15
15.84	33.3	16.07	44.65
16	33.61	16.23	44.28
16	33.42	16.21	42.3
15.79	33	16.35	41.63
15.93	33.6	16.43	41.96
15.96	33.45	16.34	41.3
15.73	33.74	16.12	41.05
15.54	33.75	16.44	41.12
15.56	32.84	17.03	42.5
16.17	33.04	17.15	42.15
16.23	33.15	17.33	43.22
16.37	32.02	17.67	42.15
15.95	31.53	17.41	41.65
16.26	31.48	17.66	41.47
16.01	33.22	17.56	41.69
16.38	32.96	17.54	41.29
16.13	32.91	16.9	41.11
16.1	33.56	16.79	41.1
16.05	34.19	16.85	41.36
15.8	33.39	16.49	40.68
15.51	33.45	16.26	40.46
15.69	33.25	16.21	40.39
15.53	33.79	16.15	39
15.35	33.91	15.98	39.22
15.15	35.02	15.54	38.84
15.38	35.44	15.58	39.44
15.53	36.75	16.12	39.23
16.18	36.41	15.92	38.6
16.23	36.22	16.1	38.94
16.01	35.69	16.51	39.49
15.8	36.84	16.08	39.57
15.76	37.88	16.31	38.95
15.9	37.61	16.25	39.32
15.76	36.8	16.28	39.33
15.88	36.87	16.26	39.72
15.77	36.89	16	38.93
15.85	36.7	16.08	38.9
15.61	35.42	15.65	38.04
15.7	35.83	15.48	37.8
15.6	35.33	15.47	37.9
15.63	34.93	15.59	37.8
15.55	34.63	15.8	38.41
15.53	36.06	16.25	39.7
15.42	36.97	15.95	39.34
15.5	37.73	16.05	39.45
15.49	38.17	15.96	39.06
15.48	37.95	16.02	39.41
15.35	37.98	15.69	38.2
15.25	38.19	15.34	38.07
14.68	37.09	14.54	36.52
14.36	36.42	14.76	36.55
13.9	37.39	14.33	35.92
14.03	37.39	14.33	36.01
14.2	38	14.61	36.71
13.89	37.69	14.37	35.87
13.97	37.43	14.46	35.89
13.39	37.33	13.8	34.7
13.5	36.99	14.25	34.68
13.61	36.8	13.96	34.36
13.9	37.48	14.45	35.11
13.75	37.63	14.62	34.94
13.95	36.89	14.9	35.9
13.68	37.04	14.99	35.92
13.8	37.33	15.12	35.54
14.24	38.37	15.3	35.94
14.31	38.16	15.54	36.4
14.46	40.97	15.71	36.62
14.65	41.42	15.7	36.07
14.99	41.42	15.17	36.12
14.85	41.08	15.5	36.6
14.85	41.08	15.5	36.6
14.85	41.08	15.5	36.6
15.16	41.24	15.75	37.31
14.59	41.32	15.32	36.95
14.5	41.33	15.15	37.13
14.58	43.26	15.06	37.59
14.34	42.84	15.15	37.76
14.64	44.02	15.25	37.95
14.36	44.3	14.98	38.13
14.54	43.78	14.99	38.87
14.7	45.22	15.24	38.6
14.93	45.7	15.31	38.36
14.93	44.73	15.49	38
14.77	42.77	14.96	37.34
14.35	42.8	14.32	36.61
14.38	43.96	14.48	36.75
14.3	43.04	14.54	37.36
14.15	43.61	14.63	37.17
14.3	44.99	14.75	37.26
13.89	43.53	14.25	36.2
13.65	42.87	13.94	36.13
13	41.52	13.51	34.89
13.18	42.8	13.65	35.37
12.88	43.16	13.37	35.05
13.1	43.4	13.44	35.71
13.04	43.53	13.03	35.28
12.84	42.5	13.01	34.81
13.11	42.8	13	35.06
13.56	44.27	13.45	35.88
13.43	43.57	13.3	35.02
13.3	44.37	13.4	34.85
13.49	44.37	13.45	35.29
13.2	44.11	13.19	34.97
13.31	44.27	13.4	35.55
13.33	44.52	13.65	35.67
13.43	45.26	13.63	35.72
13.42	45.06	13.69	35.77
13.1	45.95	13.5	35.24
13.27	46.49	13.45	35.4
13.64	46.98	13.48	35.68
13.96	48.41	13.8	35.87
14.05	48.9	13.83	36.18
13.83	50.36	13.89	35.88
13.97	49.05	13.53	35.4
14.39	48.01	13.58	35.75
14.43	47	13.4	35.36
14.31	46.66	13.14	34.73
14.28	47.56	13.21	35.09
14.59	47.66	13.37	34.96
14.58	48.13	13.1	34.58
14.72	49.09	13.14	34.14
14.26	50.32	13.25	34.2
13.9	48.79	13.1	33.96
13.92	48.53	13.36	33.58
14.14	47.64	13.6	34.14
14.17	47.38	13.63	34.32
14.55	47.92	13.75	34.69
14.66	48.33	13.84	34.68
14.48	48.7	14.01	34.72
14.4	47.85	14.14	34.34
14.24	47.61	13.88	33.73
14.26	46.72	13.95	33.58
13.95	44.61	13.81	33.67
13.87	44.2	13.76	33.51
13.73	47.17	13.93	33.47
13.49	47.34	13.91	33.22
13.41	46.36	13.83	32.82
13.28	46.45	13.88	33.07
13.49	46.73	13.79	32.6
13.31	46.6	13.69	32.13
13.42	46.48	13.9	31.99
13.39	46.58	13.88	32.3
13.65	47.05	13.81	32.54
14.05	47.4	14.22	32.92
13.92	44.39	14.04	32.65
13.96	44.76	13.98	32.93
13.9	44.45	14.23	32.68
13.96	43.28	14.43	33.16
13.9	46.17	14.39	33.25
14.16	46.24	14.71	33.88
14.24	45.89	14.82	33.73
14.18	46.24	14.72	34
13.98	46.07	14.8	34.2
13.55	45.89	14.63	33.52
13.44	46.17	14.65	33.38
13.09	45.49	14.12	32.5
12.97	44.91	13.93	31.84
13.17	45.24	14.18	31.86
13.45	44.64	14.09	31.25
13.28	44.28	14.62	31.1
13.12	44.18	14.45	30.71
13.32	43.98	14.62	31.07
13.36	43.04	14.63	31.29
13.47	43.49	14.82	31.25
13.3	43.24	14.77	30.98
13.27	42.69	14.74	30.89
13.35	41.55	15.15	31.76
13.49	41.38	15.33	32.11
13.6	41.94	15.29	32.23
13.79	41.51	15.44	32.52
13.88	41.91	15.47	32.3
13.78	42.11	15.4	31.84
13.5	42.54	15.28	31.56
13.71	41.74	15.38	31.82
13.86	42.63	15.45	31.77
13.91	42.05	15.63	31.97
14.13	42.34	15.69	32.21
14.22	42.5	15.65	32.35
14.39	42.9	15.57	32.05
14.19	42.6	15.5	32.17
14.43	42.74	15.63	32.58
14.97	43.07	15.87	33.52
14.77	42.68	15.66	33.36
15	42.79	15.65	32.58
15.37	43.5	15.89	32.65
15.38	43.53	15.92	32.31
15.23	43.29	15.9	32.44
15.37	43.36	15.91	32.35
14.91	43.29	15.92	31.91
14.72	43.06	15.62	31.59
14.86	43.9	15.66	31.54
14.76	44.06	15.6	31.05
14.85	43.68	15.69	31.03
15.04	44.89	15.69	31.38
14.97	45.3	15.69	30.99
15.32	46.13	16.08	31.55
15.44	46.73	16.26	32.09
15.5	46.88	16.41	31.98
15.41	45.93	16.25	34.5
15.19	45.2	16.28	34.27
15.12	44.86	16.26	33.9
15.23	45.34	16.45	33.64
15.03	44.82	16.39	33.34
15.25	44.35	15.89	34.33
15.14	43.37	15.88	34.3
15.1	44.04	15.8	34.5
15.09	43.81	15.79	34.53
15.1	44.12	15.68	35.39
14.77	43.39	15.02	35.07
14.96	43.21	15.1	34.9
14.89	42.83	15.13	34.2
14.65	42.41	14.9	33.66
14.33	41.71	14.7	33.95
14.41	42.79	14.79	34.35
14.43	43.25	14.68	34.99
14.33	42.96	14.7	34.82
14.41	43.78	14.94	35.42
14.43	44.17	15.07	36.14
14.83	44.24	15.13	35.04
14.93	44.27	15.2	34.6
14.9	44.26	15.3	35.06
14.97	43.85	15.33	35.05
15.25	44.24	15.51	35.1
15.3	44.4	15.8	35.47
15.34	43.56	15.85	35.75
15.15	43.22	15.91	35.64
15.26	43.25	15.91	35.35
15.19	43.23	15.72	35.03
15.31	43.53	16	35.09
15.17	43.49	15.99	35.1
15.24	43.44	15.78	34.79
15.2	42.92	15.85	34.46
15.09	42.64	15.77	34.16
15.1	42.59	15.8	34.07
15.22	42.96	16.1	34.31
15.18	42.92	16.11	34.28
15.25	42.65	16.16	34.27
15.01	42.89	16.2	33.95
15.2	42.78	16.25	34.13
15.19	43.28	16.2	34.47
15.12	44.46	15.98	34.36
15.17	44.54	16.09	33.87
15.22	44.72	15.95	33.92
15.22	44.69	15.73	34.25
15.09	44.49	15.45	33.96
15.02	45.75	15.64	33.7
15.07	45.99	15.93	33.95
15.1	47.45	15.78	33.9
15.07	47.22	16.09	33.82
14.98	48.74	15.98	33.93
14.9	48.01	15.97	33.61
14.98	48.75	16.13	33.3
15.01	49.34	16.12	33.48
15.08	49.21	16.05	34.11
15.08	48.79	16.16	33.96
15.08	48.79	16.16	33.96
15.09	48.78	16.2	33.67
15.15	49	16.26	33.45
15.11	48.83	16.16	33.35
15.16	49.8	16.2	33.35
15.16	49.8	16.2	33.35
15.4	50.23	16.3	34.05
15.41	49.44	16.42	34.88
15.56	48.33	16.17	34.86
16.07	48.45	16.31	35.9
16.26	48.22	16.36	35.97
16.29	48.3	16.57	36.18
16.21	48.12	16.45	35.93
16.07	48.01	16.25	35.49
16.19	47.67	16.32	35.4
16.27	48.13	16.51	35.32
16.41	50.3	16.6	35.28
16.41	51.66	16.64	35.87
16.33	50.9	16.69	35.93
16.32	50.36	16.62	35.96
16.23	51.12	16.92	35.78
16.19	50.42	16.38	35.53
16.3	50.33	16.38	36.03
16.19	50.16	16.24	36.09
16.11	49.34	16.19	35.82
16.11	49.21	16.12	35.86
16.32	50.06	16.39	36.81
16.38	50.15	16.36	37.39
16.85	51.35	16.45	36.93
16.76	51.85	16.59	36.41
16.8	52.14	16.7	36.5
16.92	51.46	16.77	37.3
17.03	51.64	16.75	37.16
16.84	51.61	16.6	36.99
16.82	50.73	16.7	36.88
16.97	50.52	16.92	37.39
16.97	50.77	16.73	38.38
17.14	50.46	16.91	38.23
16.8	50.18	16.84	37.82
16.86	52.58	17.23	38.02
16.92	54.85	17.3	37.91
16.8	56.08	17.39	37.98
16.61	55.8	17.16	37.55
16.78	54.79	16.92	37.17
16.67	55.89	16.97	36.88
16.85	56.96	17.3	37.11
16.9	57.21	17.34	37.35
16.99	56.37	17.2	37.77
17.13	56.67	17.25	37.73
17.5	57.06	17.2	37.49
17.54	56.87	17.27	37.37
17.5	57.21	17.12	37.34
17.32	57.09	16.71	36.38
17.18	57.11	16.62	36.33
16.9	56.28	16.55	36.16
16.96	56.34	16.7	36.1
16.85	55.49	16.58	36
16.9	56.87	16.64	36.18
16.75	56.48	16.28	35.21
16.46	56.08	16.25	35.09
16.64	55.83	16.13	35.43
16.63	55.3	16.18	35.39
16.69	55.72	16.22	35.75
16.63	55.69	16.14	36.25
16.74	55.53	16.17	36.63
16.74	55.53	16.17	36.63
16.74	55.53	16.17	36.63
16.68	54.25	15.93	36.3
16.74	53.03	15.74	36.61
16.74	54.11	15.89	36.72
17.04	56.36	15.79	36.57
16.91	55.59	15.76	36.18
17	56.77	15.83	36.16
17.2	60.09	15.79	36
17.37	60.49	15.77	35.71
17.5	60.51	15.82	35.85
17.91	60.51	15.7	35.51
17.8	60.06	15.77	35.26
18.03	59.57	15.97	35.19
17.97	60.88	15.76	35.32
17.61	60.33	15.24	34.38
17.16	59.28	14.99	33.23
17.16	60.21	14.99	33.12
17.12	61.64	14.79	32.95
17.13	60.85	14.73	33.25
17.17	61.59	14.61	32.47
17.15	61.49	14.66	32.88
17.33	56.88	14.53	32.45
17.05	58.64	14.25	32.15
17.06	57.95	14.02	31.88
16.95	58.23	14.21	32.24
17.06	59.03	14.24	32.5
16.4	58.05	14.37	32.41
16.4	60.02	14.48	33.01
16.55	60.85	14.52	33.2
16.42	61.63	14.51	33.63
16.47	62.12	14.5	33.52
16.1	61.98	14.3	33.18
16.03	60.47	14.27	33.16
16.23	61.21	14.35	33.76
16.17	61.74	13.91	34.14
16.27	61.11	13.89	34.19
16.3	60.8	14.03	34.28
16.59	61.29	14.37	34.76
16.6	61.98	14.35	35.5
16.57	61.54	14.36	35.69
16.64	61.9	14.45	35.7
16.4	61.81	14.41	35.39
16.28	61.34	14.37	35.16
16.94	61.74	14.38	35.6
17.15	62.39	14.5	35.4
17.8	62.01	14.87	35.68
17.71	61.85	14.93	35.74
18	62.8	15.13	36.65
18.04	62.48	14.88	36.63
17.82	62.35	14.87	36.31
17.6	60.57	14.83	36.24
17.8	61.24	14.68	36.68
17.75	61.95	14.7	36.66
17.92	62.47	14.55	36.34
18.08	62.18	14.57	36.76
18.27	62.88	14.62	37.05
18.69	61.99	14.69	37.1
18.66	62.39	14.76	36.89
18.72	66.64	14.99	37.56
18.83	67.38	15.09	37.43
18.67	67.39	14.93	37.24
18.66	67.45	14.7	37.78
18.43	66.71	14.49	38.35
18.25	66.8	14.42	38.33
18.06	65.72	14.21	38.03
17.75	63.95	14.26	37.68
17.85	64.47	14.4	38.04
17.93	66.41	14.53	38.28
17.96	64.81	14.39	37.82
18.03	65.92	14.54	38.36
17.93	65.52	14.49	38.49
17.92	65.43	14.38	38.56
18	67.1	14.36	38.77
17.65	66.23	14.16	37.9
17.82	66.04	14.23	38.78
18.15	66.54	14.3	40.01
18.15	66.97	14.36	40.85
18.5	65.44	14.31	39.69
18.51	66.11	14.71	40.24
18.48	67.49	14.74	40.6
18.43	66.04	14.64	40.59
18.64	67.05	14.85	40.95
18.52	68.16	15.05	41.58
18.72	67.54	15.24	42.4
18.66	66.9	15.4	42.2
18.44	69.56	15.3	43.05
18.41	68.38	15.26	43.19
18.53	69.67	15.43	42.95
18.53	71.57	15.69	43.79
18.43	72.25	15.49	44.76
18.32	72.8	15.5	44.03
18.25	73.69	15.62	44.23
19.32	73.5	15.75	44.29
19.83	73.56	15.55	44.35
19.67	71.57	15.4	44.04
19.68	71.62	15.46	44.33
20.03	71.62	15.57	44.74
21.79	71.43	15.57	45.07
21.3	71.01	15.67	44.42
21.09	70.64	15.78	44.46
20.93	70.17	15.78	44.33
20.78	70.64	15.57	43.86
20.95	70.5	15.65	43.45
21.38	70.34	15.43	43.24
21.77	70.13	15.82	44
21.94	70.19	15.92	44.85
21.41	70.62	15.92	44.51
21.78	69.95	15.68	43.93
21.74	68.33	15.53	43.36
21.09	68.57	15.4	42.9
21.2	67.91	15.59	42.91
21.04	68.51	15.58	42.33
21.08	68.62	15.51	42.75
21.27	68.62	15.74	42.8
21.32	68.77	15.78	42.43
21.59	69.19	15.81	43.69
21.68	69.16	15.89	43.98
22.21	69.41	15.99	44.96
22.44	69.35	16.07	44.93
22.14	69.41	16.3	45.08
21.78	69.63	16.23	45.17
21.35	68.82	16	44.13
21.13	66.56	16.06	44.58
21.38	67	16.15	44.52
21.78	67.71	16.44	45.85
21.62	66.61	16.36	45.8
21.79	66.77	16.6	47.22
21.7	65.5	16.46	48.1
21.53	66.19	16.45	50.15
22.04	66.42	16.56	51.86
22.39	66.91	16.74	51.55
22.24	66	16.7	51.5
22.82	66.87	17	51.72
22.74	67.88	17.32	50.33
22.7	68.9	17.37	51.2
22.84	69.09	17.41	51.41
22.75	68.6	17.6	54.01
22.42	68.54	17.5	51.6
21.89	68.08	17.35	50.11
21.76	68.48	17.55	49.78
22.01	69.77	17.66	48.74
22.43	70.51	17.6	48.7
22.15	68.31	17.45	48.05
21.8	66.97	17.13	47.57
22.06	68.08	17.45	47.43
21.94	69.16	17.67	47.18
21.65	69.45	17.51	47.33
20.86	67.88	17.16	46.55
20.9	67.78	17.03	46.2
20.66	68.71	16.77	45.65
21.08	68.72	17.01	46.33
20.9	66.95	17	45.8
21.53	68.28	17.08	46.74
21.14	66.02	16.8	45.2
20.98	65.55	16.62	44.58
21.84	67.88	16.94	45.45
22	67.62	17.23	45.25
22.45	69.78	17	45.23
22.93	69.7	17.36	45.58
22.9	70.69	17.18	45.35
22.52	71.13	17.1	46.45
22.25	71.45	17.2	46.95
22.28	70.89	17.16	46.02
22.1	70.84	17.11	44.77
22.67	71.13	17.22	45.63
22.88	71.62	17.36	45.25
23.29	71.63	17.37	44.83
23.35	71.83	17.4	44.45
24.05	72.05	17.44	44.32
23.96	72.74	17.45	44.17
24.12	72.49	17.44	44.64
24.1	72.41	17.44	44.42
24.46	68.87	17.51	44.2
24.83	68.81	17.53	44
25.1	68.46	17.56	43.9
25.19	68.55	17.28	44
25.1	68.87	17.15	44.4
25.12	68.29	17.09	44.55
25.03	68.97	17.13	45.68
25.13	68.98	17.08	46.53
25.18	69.46	17.07	46.42
25.45	69.85	17.16	46.52
25.46	70.56	17.25	46.58
25.72	69.66	17.1	46.59
25.72	69.67	17.07	46.78
25.89	70.63	17.13	46.43
25.72	69.66	17.1	46.25
25.76	68.39	17.03	45.95
25.62	68.5	17.05	45.64
26.6	68.97	16.99	45.01
26.9	69.6	17.08	45.27
26.73	68.97	17.05	44.9
26.78	68.23	17.12	44.56
26.88	68.18	17.45	44.2
26.85	68.61	17.45	44.2
26.85	68.61	17.45	44.2
26.97	68.65	17.5	44.9
26.87	68.47	17.55	44.98
26.68	68.73	17.63	45.03
26.02	68.82	17.62	44.61
26.23	69.09	17.94	45.1
26.46	68.88	18.35	46.1
26.66	68.87	18.92	45.7
26.38	68.47	18.92	45.21
26.11	68.62	19.05	45.35
26.15	68.57	19.04	45.82
25.98	69.51	18.86	46.09
26.5	71.72	19.02	47.58
26.92	71.67	19.08	47.65
26.7	77.08	19.04	47.68
26.5	77.34	18.84	47.01
26.09	76.48	18.76	46.67
25.63	76.98	18.58	46.1
26.2	78.71	18.77	46.56
25.87	78.7	18.62	45.73
25.5	78.95	18.72	45.56
25.19	79.87	19.26	46.08
26.6	82.45	19.65	46.81
27.13	82.84	20.31	48.9
28.25	84.85	21.95	49.04
28.31	84.44	21.13	49.25
27.99	84.42	21.06	48.8
29	85.54	20.75	50.05
28.14	85.69	20.79	49.35
27.95	83.72	20.56	49.07
28.38	84.42	20.58	49.66
28.87	84.32	20.23	50.2
29.02	84.99	20.14	49.68
29.53	85.07	20	50.62
29.1	84.41	19.78	55.4
29.42	82.78	20.5	58.27
29.13	82.15	20.2	57.89
29.6	81.66	20.28	57.16
29.61	82.15	20.29	57.72
30.37	83.04	20.23	59.2
30.52	83.79	20.53	58.94
30.79	83.64	20.73	58.25
31.25	84.95	21.2	59.03
31.13	84.15	21.01	58.93
31.49	84.95	21.51	59
31.63	83.92	21.62	59.6
30.54	82.64	21.25	58.66
31.03	82.76	21.51	57.54
30.28	81.87	21.1	55.42
30	81.88	21.14	55.55
30.34	82.4	22.2	57
29.54	81.9	22.03	56.65
28.79	81.66	21.31	55.29
28.91	82.15	21.44	55.7
29.74	82.36	22.13	55.98
29.82	78.66	22.08	56.14
29.94	75.32	22	57.66
29.93	75.9	22.21	58.32
29.57	76.9	22.87	58.15
31.24	78.61	22.92	58.2
31.07	78.7	22.74	59
31.36	80.51	23	58.53
31.05	81.51	22.88	61.18
32	79.19	22.98	61.28
32.76	79.68	23.2	62.13
32.8	78.12	23.07	61.55
32.94	77.21	23.04	61.05
32.97	77.43	23.5	61.27
33.13	77.97	23.96	62.4
32.88	77.16	23.83	62.31
33.1	76.98	23.89	63.99
33.26	76.88	23.96	65.3
33.31	77.26	23.65	64.51
33.96	77.11	23.91	64.02
33.2	75.73	24.55	63.01
33	74.7	24.92	63.7
31.88	77.54	24.37	62.2
31.77	76.36	24.28	62.71
31.65	77.67	24.35	62.54
31.65	77.67	24.35	62.54
31.65	77.67	24.35	62.54
31.7	77.03	24.29	61.54
31.92	76.74	25.32	62.17
32.3	76.7	25.61	63.85
32.15	77.31	26.83	64.05
31.39	79.94	26.97	63.69
31.7	80.38	27.63	64.72
32.51	80.58	26.87	65.05
32.75	83.63	26.5	64.7
32.85	82.64	26.13	61.21
32.85	82.64	26.13	61.21
32.46	83.3	26.98	61.17
31.71	83.63	26.66	60.3
31.22	84.12	26.6	58.75
31.7	83.97	28.46	58.5
31.79	85.65	28.58	58.7
32.44	87.31	28.86	61.33
33.19	86.33	28.3	61.2
33.19	87.66	28.53	60.47
31.95	85.49	29.09	58.39
31.41	82.97	27.38	56.66
31.01	82.74	26.58	56.17
29.46	80.91	25.74	54.41
28.77	78.42	25.73	53.98
29.5	80.05	25.88	53.96
28.5	76.75	23.98	53.5
28.98	77.46	25.93	55.4
28.57	78.56	25.13	54.88
29.33	78.65	26.29	55.85
29.92	80.04	27.54	55.85
30.06	80.06	27.61	56.04
28.87	78.53	26.78	54.82
29.3	78.81	26.75	55.31
28.98	79.27	27.69	55.1
28.79	79.8	27.25	54.81
28.51	79.28	27.03	53.61
27.27	76.69	25.43	52.04
27.28	72.89	25.51	51.87
26.13	71.33	23.93	51.43
26.53	72.75	24.31	52.43
26.12	70.82	24.11	51.73
24.82	67.34	23.26	51.82
25.78	71.41	22.9	50.75
26.92	72.61	24.15	53.36
26.85	71.61	23.87	52.75
26.78	71.72	24.1	53.49
27.11	72.21	24.55	53.68
27.54	72.07	24.58	52.58
27.93	72.93	25.1	52.92
27.71	68.47	25.8	53.57
27.85	68.65	25.13	53.22
27.54	67.69	25.06	52.24
27.17	67.38	25.18	52.42
27.61	68.86	26.14	53.62
28.44	69.95	26.77	54.83
28.8	70.19	27.6	55.2
28.98	71.52	28.64	55.14
28.14	69.75	27.6	53.93
28.37	68.7	27.66	54.42
28.33	66.18	28.31	54.26
28.37	66.52	28.34	54.11
27.83	66.61	27.69	53.23
28.2	66.29	28.05	53.67
27.17	66	27.1	53.21
26.36	63.77	26.56	52.74
25.76	63.24	26.25	52.3
25.94	62.93	25.54	51.56
26.99	66.41	26.37	53.31
26.66	68.14	26.84	53.21
25.82	66.21	25.71	52.23
26.84	68.08	25.86	54.32
26.66	69.26	25.92	55.02
26.86	70.59	26.53	54.64
27.76	68.49	27.23	59.45
27.84	69.31	27.15	58.97
27.44	70.27	27.4	58.75
27.22	69.22	27.2	58.03
27.98	69.96	27.76	58.85
27.91	69.77	27.62	58.55
28.44	70.06	27.94	59.2
27.86	69.21	27.65	58.35
28.12	68.24	27.99	59.3
25.76	68.21	28.14	61.21
26.01	68.09	28.27	61.37
25.6	67.7	26.1	61.45
25.6	68.56	26.61	62.17
25.6	69.68	26.55	62.1
26.06	70.55	27.19	62.43
26.26	74.03	27.18	63.5
25.75	74.21	26.82	63.83
25.48	74.55	26.4	63.44
26.03	75.18	26.8	62.37
25.71	75.21	26.13	62.1
26.15	75.05	25.69	62.82
27.12	75.22	25.94	62.43
27.52	75.47	26.22	62.15
27.35	75.89	26.07	62.5
27.25	76.49	26.64	62.9
27.3	76.24	26.58	62.35
27.19	76.38	26.99	63.31
27.54	75.86	27.35	63.35
27.56	75.42	27.25	63.67
27.31	74.94	26.74	63.35
27.26	73.63	26.56	62.05
27.06	74.64	26.53	62.15
27.03	72.71	26.21	61.35
27.07	73.59	25.92	63.05
27.16	75.5	26.12	64.28
27.26	74.68	25.99	64.83
27.96	74.75	26.4	65.01
28.01	75.77	26.58	65
27.69	74.96	26.21	64.92
28.27	77.09	26.44	65.8
27.57	73.49	26.38	66.65
26.77	75.66	26.12	65.25
26.45	76.78	25.39	66.02
26.3	78.43	26.02	66.65
26.42	79.77	26.48	67.6
26.63	80.43	26.6	67.55
26.55	82.27	26.57	67.18
26.38	82.11	26.66	66.95
26.39	81.56	26.19	67.98
26.67	81.66	26.24	68.85
26.71	81.1	27.18	69.65
26.59	80.52	27.86	69.59
26.5	80.38	27.92	69.31
27.12	79.96	27.81	70.29
27.15	80.33	27.7	70.03
27.68	80.67	27.88	70.24
27.98	79.15	27.85	70.26
27.77	78.6	28.16	70.3
27.09	78.17	27.63	69.97
27.5	78.02	28.06	71.35
27.35	78.21	28	73.95
27.39	79.92	28.44	73.5
27.69	79.49	28.68	74.25
27.62	80.08	28.81	74.78
27.74	81.76	29.99	76.74
27.9	80.67	30.82	77.2
27.95	81.2	30.12	78.7
28.1	81.27	29.54	77.4
27.81	81.27	29.08	77.3
28.23	81.86	29.85	77.65
27.81	83.55	29.34	78.36
29.01	84.11	29.24	79.05
29.15	83.57	29.8	80.45
29.15	84.07	29.75	81.25
28.73	82.98	29.72	80
28.94	82.97	29.43	80.6
28.88	82.38	29.56	80
28.93	83.87	29.4	80
28.63	84.35	29.18	80
28.67	84.99	29.28	84.25
28.64	84.69	29.05	85.5
28.08	84.47	28.65	80.75
28.02	84.39	28.6	80.71
27.92	84.12	28.84	81.17
28.06	83.97	29.16	82.96
28.1	84.15	29.03	82.96
27.84	82.71	29.13	81.32
27.34	81.15	28.46	80.01
27.06	80.24	28.49	82
27.23	82.71	28.84	85.5
27.17	81.51	29.14	82.25
27.12	80.44	28.66	81.35
27.32	80.88	29.23	81.7
27.38	80.79	30.3	81.88
27.46	81.38	30.71	81.75
27.54	81.52	31.86	82.6
27.53	81.23	31.66	81.9
27.56	81.15	32.13	83.3
27.63	80.85	31.85	82.59
27.69	80.91	32.39	84.15
27.93	80.57	32.75	84
28.01	80.13	32.93	83.35
28.26	81.34	33.61	84.66
28.11	79.85	33.27	84.8
28.65	79	34.57	85.37
28.74	78.81	34.66	85.55
28.51	77.78	34.31	84
28.51	77.78	34.31	84
28.51	77.78	34.31	84
28.75	77.89	35.26	85.18
28.81	77.81	35.42	85.6
28.85	77.27	35.69	85.89
28.85	77.27	35.69	85.89
29.51	78.67	36.69	84.9
29.87	79.42	35.96	85.48
29.86	84.6	34.73	84.17
29.54	85.1	34.54	86.29
29.68	83.92	34.41	85.34
30.23	84.84	33.93	83.9
30.86	85.34	33.3	82.6
31.3	84.56	34.35	82.84
31.66	86.07	35.08	83
31.64	87.6	35.72	84.58
31.47	87.62	36.06	84.38
31.37	88.08	35.93	84.36
31.48	86.54	36.29	84.69
32.89	85.97	36.08	85.01
32.35	87.86	35.01	84.37
32.7	87.88	34.69	84.67
32.49	91.7	35.52	84.75
32.58	89.82	35.59	84.48
32.75	89.4	35.19	84.6
32.54	90.3	35.37	85.3
32.5	90.06	35.77	86.66
32.43	89.46	36.21	85.51
32.51	89.4	36.77	85.62
32.62	89.53	36.54	85.1
32.81	90.63	36.36	85.02
32.43	91.74	36	84.72
32.3	90.5	36.79	84.56
32.15	90.18	36.33	84.22
31.96	90.86	36.4	85.53
31.66	90.7	36.39	85.13
31.85	92.42	36.4	86.1
32.05	93.84	38.79	88.27
32.4	97.06	39.3	88.31
32.55	96.72	39.15	87.63
32.83	96.27	39.49	87.94
32.92	96.89	39.38	94.94
33.22	97.7	38.96	95
32.99	96.5	39.17	94.75
32.9	96.85	38.83	94.94
32.96	95.93	39.06	94.91
31.68	92	37.1	92.62
31.2	94.05	37.05	95.34
30.72	91.87	37.26	93.71
30.66	90.39	37.01	93.22
30.73	91.95	35.79	90.9
30.84	92.7	36.48	94.05
31.12	93.5	37.07	96.4
31.44	95.39	37.79	100
31.45	93.82	37.43	103.05
31.77	94.18	37.12	103.85
30.86	93.61	36.65	102.32
30.04	91.5	35.28	101.33
30.42	92.31	36.15	102.85
30.33	91.67	34.93	104.24
31.58	91.89	35.34	104.66
31.59	93.4	35.67	105.7
31.88	93.44	36.3	108.3
32.81	94.59	36.37	110.8
33.37	97	36.4	117.7
32.31	96.35	36.6	113.95
32.41	96.23	36.55	113.5
32.34	95.3	35.96	110.5
32.42	95.98	36.86	113.62
33.12	96.52	37.04	112.5
33.11	96.35	37.06	111.8
33.33	97.33	37.4	112.2
33.54	99.47	37.91	111.57
33.49	98.66	37.58	110.94
33.49	98.66	37.58	110.94
33.49	98.66	37.58	110.94
34.24	100.1	37.87	110.4
34.19	99.29	37.83	111.09
34.25	96.83	38.81	110.92
34.19	97.74	38.92	111.79
35.51	98.96	39.42	112.53
35.47	96.76	39.21	114.55
35.16	96.58	38.86	115.22
34.77	95.52	38.53	115.12
36.03	95.77	39.25	114.45
36.3	96.43	39.14	113.73
35.34	95.68	38.71	112.27
36.07	100.01	39.06	113.57
36.77	100.14	39.07	112.32
36.8	98.55	39.32	111.48
36.75	97.83	39.59	111.39
36.75	97.83	39.59	111.39
36.75	97.25	40.68	111.88
36.45	96.64	41.07	110.43
36.89	100.05	41.34	110.75
36.62	100	42.08	109.56
36.51	98.24	41.67	107.5
37.53	97.82	41.64	106.8
36.57	98.75	41.37	105.1
36.88	98.19	41.58	105.39
36.71	97.5	41.8	105.81
36.3	98.75	41.79	106.52
36.19	98.24	41.6	108.47
35.7	98.02	41.68	108.8
36	97.18	42.24	108.96
36.38	96.48	42.5	108
36.76	96.18	42.95	111.1
36.84	96.3	42.94	116.49
36.53	98.26	42.26	113.18
36.44	99.87	42.22	111.93
36.44	99.87	42.22	111.93
36.86	100.24	42.82	114.14
36.49	99.65	42.71	112.56
36.56	97.81	43.42	112.79
36.64	99.44	44.44	113.95
37	98.81	45.81	115.2
37.27	104.28	45.4	114.72
36.36	102.68	43.49	111.88
35.45	102.95	43.11	109.43
35.24	102.32	42.52	108.91
35.83	102.72	43.49	107.89
35.26	101.65	43.32	108.59
35.19	103.67	43.69	109.87
35.5	106.55	44.55	110.55
36.79	106.55	44.92	113.66
36.89	103	45.82	114.55
36.62	102.51	45.12	114.47
36.68	102.75	45.44	115.29
36.11	102.66	44.79	113.25
35.7	101.2	44.53	113.22
35.46	102.26	44	113.71
35.08	100.44	43.4	114.38
34.49	101.12	42.62	113.6
34.97	101.94	43.72	116.65
35.49	102.05	44.13	118.1
35.08	102.51	44.25	117.1
35.43	103	44.32	120.6
35.68	103.59	44.51	122.17
35.23	101.44	43.68	121.97
35.58	103.6	45.41	123.74
35.66	103.84	46.14	124.12
34.95	102.08	45.15	122.04
34.67	100.9	44.91	120.74
35.18	99.29	45.39	122.88
35.08	100	45.44	122.83
35.42	99.72	44.93	123.4
34.92	99.24	44.45	121.7
34.49	97.64	43.6	120.25
34.69	98.64	44.34	121.28
33.73	98.26	43.17	121.53
34.05	98.11	43.39	123.05
33.6	97.54	42.55	122.19
33.15	95.21	41.76	121.99
31.96	93.32	41.03	120.55
31.71	91.41	40.29	124.83
30.77	89.16	40.13	128.48
31.68	91.79	41.01	132.54
30.55	92.77	40.67	134.21
30.42	92.75	40.58	137.6
29.13	91.66	39.96	139.23
29.53	95.2	39.02	141.23
31.07	94.98	39.21	140.87
31.32	95.37	39.52	139.46
29.97	93.55	38.06	141.23
29.11	92	38.2	143.76
29.89	94.34	39.66	144.97
29.45	93.84	40.54	145.23
29.64	91.74	40.6	146.78
28.89	89.53	39.53	145.7
30.06	92.3	40.09	146.9
30.25	92.23	40.91	147.52
30.02	91.51	41.12	150.6
29.89	92.1	42	151.33
29.8	91.57	42.11	149.51
29.5	91.48	42.4	148.86
29.62	92	42.4	149.87
29.43	91.48	41.92	149.2
29.38	90.59	42.18	149.81
29.92	92	42.41	150.57
30.09	94.14	42.9	151.6
30.36	94.1	43	152.91
30.99	94.71	42.81	152.14
30.24	92.96	41.84	150.35
30.18	94.46	41.71	150.9
28.61	93.32	40.61	149.41
28.22	92.26	39.79	150
28.5	97.7	40.14	150
28.18	99.82	40.02	150.02
28.38	99.84	40.81	151.5
27.23	96.99	40.19	151.93
26.92	97.58	40.01	151.01
27.39	98.19	41.48	152.25
28.9	98.42	42.7	153.59
28.55	97.54	42.91	154.02
29.73	98	44.16	155.67
28.44	96.74	44.52	156.61
28	96.45	44.94	157
28.11	94.03	44.52	158.06
28.33	90	45.17	158.76
28.39	84.6	44.66	158.5
28.94	83	45.07	161.04
29.52	86.66	44.93	159.1
29.88	87.41	45.5	160.28
30.02	87.93	44.71	160.92
30.05	89.39	45.01	167.97
30.02	89.45	45.24	171.23
30.39	89.65	44.65	172.4
30.21	90.12	44.12	175.24
30.59	89.75	45.24	183.57
31.25	89.66	45.09	182.43
31.25	89.4	44.64	179.29
31.09	89.21	43.35	173.67
31.31	88.68	43.28	174.08
30.83	88.4	42.66	175.57
