
                   54.25
      52.229999999999997
                   51.75
                      52
                    53.5
      53.649999999999999
      54.490000000000002
                   53.57
      52.229999999999997
      52.509999999999998
      53.200000000000003
      52.200000000000003
                      51
                   49.75
      49.659999999999997
      49.159999999999997
      48.009999999999998
                      48
      49.520000000000003
      49.689999999999998
                   48.25
      47.159999999999997
      47.659999999999997
      47.310000000000002
      46.990000000000002
      46.549999999999997
                    46.5
      46.289999999999999
                    46.5
                    46.5
      46.350000000000001
      45.509999999999998
                      46
      45.710000000000001
      45.549999999999997
      45.490000000000002
                      45
      42.299999999999997
      39.609999999999999
      41.640000000000001
      42.200000000000003
      41.450000000000003
                   40.75
      41.450000000000003
                   42.25
      41.670000000000002
      40.280000000000001
      41.399999999999999
                   41.25
      41.009999999999998
      41.600000000000001
      42.359999999999999
      42.909999999999997
      44.579999999999998
      43.990000000000002
      43.859999999999999
      43.950000000000003
                      44
      44.200000000000003
                    44.5
      45.100000000000001
      45.049999999999997
      45.950000000000003
                      45
      45.850000000000001
      44.350000000000001
      44.049999999999997
      43.200000000000003
      43.289999999999999
      42.990000000000002
      42.920000000000002
      42.149999999999999
      41.899999999999999
                    42.5
                   41.25
                      41
      41.369999999999997
                      41
                    41.5
                    41.5
                    41.5
                   42.25
      42.350000000000001
      41.700000000000003
                    41.5
                    41.5
      42.020000000000003
                    43.5
      45.899999999999999
      46.799999999999997
      47.049999999999997
                      49
                      47
                    47.5
      46.299999999999997
      46.409999999999997
                    47.5
      46.109999999999999
      44.829999999999998
      44.299999999999997
                   44.68
      44.719999999999999
                      44
      43.600000000000001
      43.399999999999999
      43.420000000000002
      43.689999999999998
      43.049999999999997
      43.840000000000003
      42.850000000000001
      43.020000000000003
      42.950000000000003
      42.969999999999999
      42.520000000000003
      42.350000000000001
                    42.5
      42.649999999999999
      42.640000000000001
      42.159999999999997
                      40
      40.609999999999999
      40.240000000000002
      39.880000000000003
      39.530000000000001
      39.049999999999997
      39.530000000000001
      39.409999999999997
      39.920000000000002
      39.469999999999999
      39.689999999999998
      39.799999999999997
      40.100000000000001
                      41
                   40.75
      40.859999999999999
      41.149999999999999
      40.789999999999999
                   40.57
      40.469999999999999
      39.939999999999998
      40.950000000000003
      42.799999999999997
      44.170000000000002
      45.560000000000002
      44.979999999999997
                      46
                      45
                      46
      45.549999999999997
      46.939999999999998
      46.600000000000001
      46.299999999999997
      45.950000000000003
                      47
      47.200000000000003
      47.549999999999997
      49.049999999999997
      50.799999999999997
      50.100000000000001
                   50.18
      50.299999999999997
      50.060000000000002
      50.399999999999999
      48.990000000000002
      48.399999999999999
      49.600000000000001
      50.210000000000001
      51.799999999999997
                   50.93
      51.009999999999998
      51.100000000000001
      48.950000000000003
      48.649999999999999
      49.240000000000002
      50.399999999999999
      50.200000000000003
      49.920000000000002
      50.149999999999999
      49.899999999999999
      49.899999999999999
      49.310000000000002
      48.439999999999998
      46.840000000000003
                      47
                      49
      50.299999999999997
      50.399999999999999
                      50
      49.600000000000001
      50.899999999999999
      50.329999999999998
      50.799999999999997
      49.850000000000001
      50.350000000000001
                    52.5
                    54.5
                    54.5
      55.350000000000001
      56.299999999999997
      56.380000000000003
      55.450000000000003
                      55
      55.100000000000001
      53.649999999999999
                   56.25
      56.130000000000003
      55.350000000000001
                    54.5
      55.200000000000003
      53.630000000000003
      53.719999999999999
      53.899999999999999
      54.100000000000001
      53.299999999999997
      55.100000000000001
      56.100000000000001
      58.869999999999997
      60.280000000000001
                    59.5
      60.039999999999999
      60.630000000000003
                    60.5
      58.670000000000002
      57.899999999999999
      57.700000000000003
                      57
      58.399999999999999
      58.549999999999997
                   58.25
      59.100000000000001
      57.700000000000003
      57.299999999999997
      55.700000000000003
      56.399999999999999
                   55.43
      57.950000000000003
                      61
                      60
      56.890000000000001
      56.399999999999999
      55.399999999999999
                    57.5
                      58
      56.450000000000003
                   58.25
                    57.5
      56.969999999999999
      54.439999999999998
      52.700000000000003
      51.600000000000001
      51.939999999999998
      53.799999999999997
      51.850000000000001
      52.390000000000001
      53.149999999999999
      53.149999999999999
      53.149999999999999
      53.950000000000003
      56.270000000000003
      55.689999999999998
      55.689999999999998
                    54.5
                      53
      56.100000000000001
                      58
      57.350000000000001
      56.649999999999999
      54.780000000000001
      54.049999999999997
      54.710000000000001
      56.149999999999999
                   55.43
      57.490000000000002
                    57.5
      57.789999999999999
      59.109999999999999
      59.149999999999999
      58.299999999999997
      57.829999999999998
      57.200000000000003
      56.100000000000001
      55.100000000000001
      55.130000000000003
      55.909999999999997
      55.299999999999997
      55.049999999999997
      55.899999999999999
      56.350000000000001
                   57.75
      57.200000000000003
      57.240000000000002
      57.149999999999999
      57.969999999999999
      58.170000000000002
      57.399999999999999
      57.299999999999997
      58.799999999999997
      59.990000000000002
      59.719999999999999
                    58.5
                   59.25
      59.200000000000003
      59.850000000000001
      59.380000000000003
                      59
      59.700000000000003
      60.549999999999997
      61.600000000000001
      62.100000000000001
      62.399999999999999
      61.530000000000001
      59.490000000000002
      56.100000000000001
      55.549999999999997
      55.100000000000001
      54.189999999999998
      55.789999999999999
      55.509999999999998
      50.399999999999999
                      50
      52.479999999999997
                   53.82
      53.789999999999999
                      54
                   51.93
      51.299999999999997
      48.200000000000003
      48.700000000000003
      49.960000000000001
      49.350000000000001
                   50.75
      51.740000000000002
                   51.75
      52.100000000000001
      52.100000000000001
      52.100000000000001
      51.119999999999997
                      53
      53.700000000000003
                    54.5
      54.350000000000001
      55.200000000000003
      55.100000000000001
      55.799999999999997
      55.799999999999997
                      56
                      56
                   56.25
                      56
                    55.5
      55.229999999999997
      54.770000000000003
      55.390000000000001
                    56.5
                   58.25
      58.009999999999998
      58.299999999999997
                      59
                   59.25
      59.200000000000003
      59.670000000000002
      60.030000000000001
                   59.75
      59.549999999999997
      59.909999999999997
      60.100000000000001
                   59.18
                    58.5
      57.549999999999997
      58.100000000000001
      58.340000000000003
      59.829999999999998
      59.689999999999998
      59.859999999999999
      58.289999999999999
                   57.25
      56.350000000000001
      56.549999999999997
      55.350000000000001
      55.009999999999998
      54.799999999999997
      55.700000000000003
      55.299999999999997
      55.049999999999997
      54.619999999999997
      54.850000000000001
      54.200000000000003
                   53.75
      54.229999999999997
                    55.5
      56.030000000000001
                   55.75
      55.700000000000003
      55.789999999999999
      53.799999999999997
      53.659999999999997
      53.399999999999999
      53.299999999999997
      53.100000000000001
      53.600000000000001
      53.079999999999998
      52.850000000000001
                      52
                   51.75
                   51.25
      51.700000000000003
      51.450000000000003
      51.299999999999997
      52.079999999999998
      52.729999999999997
      51.799999999999997
      52.850000000000001
      53.609999999999999
      53.299999999999997
      52.049999999999997
                   52.25
      53.299999999999997
      53.399999999999999
                      53
                    52.5
      52.219999999999999
      52.939999999999998
      52.450000000000003
      51.890000000000001
      49.289999999999999
      48.649999999999999
      48.450000000000003
                    48.5
      49.390000000000001
                   50.32
      50.210000000000001
      49.259999999999998
      48.890000000000001
      47.700000000000003
      48.649999999999999
      47.509999999999998
      49.380000000000003
      50.189999999999998
      49.200000000000003
      49.670000000000002
      47.649999999999999
      45.759999999999998
      43.450000000000003
      43.450000000000003
                      40
      40.549999999999997
                      38
      35.649999999999999
      32.950000000000003
      35.049999999999997
      37.950000000000003
      37.439999999999998
      36.909999999999997
      36.909999999999997
      39.049999999999997
                      38
      38.149999999999999
      39.759999999999998
      40.450000000000003
      39.100000000000001
      38.990000000000002
      38.520000000000003
      40.549999999999997
      40.950000000000003
      40.649999999999999
      40.990000000000002
      41.240000000000002
                   41.25
      41.189999999999998
                      40
      41.399999999999999
      42.590000000000003
                   43.75
      42.719999999999999
      44.350000000000001
      42.270000000000003
      42.009999999999998
      42.600000000000001
      42.799999999999997
      42.390000000000001
      44.799999999999997
      44.549999999999997
      45.729999999999997
      47.539999999999999
      47.310000000000002
      46.399999999999999
      48.460000000000001
      48.509999999999998
      48.640000000000001
      50.119999999999997
      50.600000000000001
      50.399999999999999
      50.799999999999997
      51.049999999999997
      52.700000000000003
      53.200000000000003
      51.200000000000003
      49.600000000000001
      48.700000000000003
      48.350000000000001
                   48.75
      49.100000000000001
      52.350000000000001
      52.850000000000001
      51.700000000000003
                   50.75
                   50.75
      49.950000000000003
      48.700000000000003
      48.729999999999997
      50.450000000000003
      50.350000000000001
      49.509999999999998
      49.200000000000003
      50.079999999999998
      50.079999999999998
      50.079999999999998
      50.079999999999998
      51.630000000000003
                    52.5
                    52.5
                    52.5
      51.600000000000001
      52.700000000000003
      52.700000000000003
      52.289999999999999
      52.740000000000002
      52.799999999999997
      50.829999999999998
      50.899999999999999
                      50
      49.600000000000001
      48.549999999999997
                   49.75
      50.039999999999999
      49.799999999999997
      50.310000000000002
      52.299999999999997
      51.600000000000001
                    51.5
      53.200000000000003
      54.200000000000003
                   54.25
                    55.5
      55.210000000000001
                      54
                      54
      52.359999999999999
      51.390000000000001
      52.200000000000003
                      52
      50.880000000000003
      52.100000000000001
      52.020000000000003
                   51.75
      51.700000000000003
      50.700000000000003
      50.469999999999999
                   51.25
      50.289999999999999
      52.299999999999997
      53.289999999999999
      53.700000000000003
      55.340000000000003
      57.100000000000001
      59.020000000000003
      58.100000000000001
      57.939999999999998
      57.710000000000001
      58.350000000000001
      58.100000000000001
      56.700000000000003
      57.289999999999999
      57.450000000000003
      59.100000000000001
      58.700000000000003
                      60
      59.829999999999998
      60.990000000000002
      62.149999999999999
      60.590000000000003
                   60.43
      59.649999999999999
      60.460000000000001
      60.460000000000001
      60.460000000000001
      59.420000000000002
                      58
      57.579999999999998
      57.649999999999999
      57.759999999999998
      57.259999999999998
      57.799999999999997
      57.350000000000001
      58.210000000000001
                   59.43
      60.950000000000003
      58.649999999999999
      58.100000000000001
      58.829999999999998
      57.799999999999997
                   57.75
      56.009999999999998
      53.899999999999999
      54.100000000000001
      53.700000000000003
      54.969999999999999
      54.969999999999999
      53.799999999999997
      54.289999999999999
      54.280000000000001
      54.100000000000001
      56.299999999999997
      55.469999999999999
                      55
      56.200000000000003
      56.700000000000003
      56.310000000000002
      56.340000000000003
      56.780000000000001
      56.649999999999999
      56.719999999999999
      58.990000000000002
      58.719999999999999
      59.170000000000002
      59.409999999999997
      58.780000000000001
      58.119999999999997
      56.579999999999998
                    56.5
      55.759999999999998
      55.399999999999999
      55.340000000000003
                   56.07
      55.299999999999997
      54.600000000000001
      54.950000000000003
      55.149999999999999
      53.649999999999999
      51.369999999999997
                      53
                      53
      52.390000000000001
                   49.25
      47.600000000000001
      46.049999999999997
      47.549999999999997
                    47.5
      48.409999999999997
      48.799999999999997
                    48.5
      46.700000000000003
                   45.07
      46.049999999999997
      46.799999999999997
                   45.68
                      45
      43.990000000000002
      42.909999999999997
      42.399999999999999
      40.369999999999997
      41.030000000000001
      42.950000000000003
      44.009999999999998
                   42.75
                      40
      39.200000000000003
      41.439999999999998
      40.299999999999997
                   40.75
      44.649999999999999
      46.950000000000003
      47.149999999999999
                   45.75
      45.049999999999997
                   42.93
      45.899999999999999
      45.920000000000002
      47.200000000000003
                      48
      47.100000000000001
      48.049999999999997
      47.399999999999999
      48.100000000000001
      47.950000000000003
                    49.5
      48.350000000000001
      49.579999999999998
      48.899999999999999
      48.299999999999997
      47.899999999999999
      48.490000000000002
      46.119999999999997
      46.609999999999999
      46.399999999999999
      45.149999999999999
      42.009999999999998
      43.399999999999999
      42.799999999999997
                   44.57
                   43.82
      45.350000000000001
      46.649999999999999
                    44.5
      43.829999999999998
      43.759999999999998
      43.090000000000003
      41.399999999999999
                      40
      41.020000000000003
      38.600000000000001
      36.119999999999997
      36.640000000000001
      39.659999999999997
      39.020000000000003
      36.520000000000003
      37.490000000000002
                   38.75
      36.850000000000001
                   35.75
      36.159999999999997
      35.229999999999997
      32.960000000000001
      34.609999999999999
      37.799999999999997
      37.240000000000002
      39.630000000000003
      39.229999999999997
      40.979999999999997
                   41.25
      42.799999999999997
                   40.32
      37.090000000000003
                   36.32
      37.490000000000002
      38.509999999999998
      36.200000000000003
      36.350000000000001
                   38.07
      38.700000000000003
      40.229999999999997
      39.609999999999999
      38.799999999999997
      36.299999999999997
      36.090000000000003
      36.700000000000003
      37.670000000000002
      36.810000000000002
                      38
      37.909999999999997
      38.399999999999999
      38.899999999999999
      38.530000000000001
      39.600000000000001
      39.710000000000001
      39.649999999999999
      38.689999999999998
                   40.25
      40.350000000000001
      40.700000000000003
                      41
      39.600000000000001
                      41
      39.909999999999997
      39.640000000000001
      38.009999999999998
      39.390000000000001
      39.329999999999998
      38.409999999999997
      37.630000000000003
      38.850000000000001
      38.240000000000002
      35.390000000000001
      35.380000000000003
      35.990000000000002
      35.399999999999999
      35.399999999999999
      35.399999999999999
      35.399999999999999
      33.759999999999998
      34.740000000000002
      34.740000000000002
      34.740000000000002
      38.659999999999997
      37.899999999999999
                    38.5
                   37.25
      35.469999999999999
      35.609999999999999
      36.359999999999999
      36.640000000000001
      37.020000000000003
      36.310000000000002
      37.619999999999997
                   36.68
      37.219999999999999
      36.990000000000002
      35.600000000000001
      34.990000000000002
      34.299999999999997
                      34
      34.700000000000003
      36.509999999999998
      37.060000000000002
      38.579999999999998
      38.850000000000001
      36.310000000000002
      37.899999999999999
      36.909999999999997
      35.740000000000002
      36.530000000000001
      37.530000000000001
      35.539999999999999
      34.380000000000003
      35.579999999999998
      35.460000000000001
      36.399999999999999
      35.399999999999999
      36.090000000000003
      37.850000000000001
      37.109999999999999
      36.399999999999999
                   35.25
                   36.68
      37.100000000000001
      36.960000000000001
      35.770000000000003
                   35.07
                      34
                      33
      32.590000000000003
      30.190000000000001
                   28.66
                      30
                    29.5
      31.260000000000002
      32.539999999999999
      32.299999999999997
      32.079999999999998
      33.299999999999997
                   31.75
      32.810000000000002
      31.760000000000002
      31.780000000000001
                   30.75
      29.199999999999999
      29.390000000000001
      30.600000000000001
                    30.5
      31.949999999999999
      33.990000000000002
                    32.5
      32.270000000000003
      31.350000000000001
                      32
      33.030000000000001
      33.170000000000002
      32.200000000000003
      33.020000000000003
      33.020000000000003
      33.020000000000003
      33.850000000000001
      34.969999999999999
      34.039999999999999
      31.219999999999999
      32.350000000000001
                      31
                    31.5
                    31.5
      30.620000000000001
      31.280000000000001
      32.329999999999998
      32.119999999999997
      31.300000000000001
                    32.5
                   31.73
                      31
      31.030000000000001
                   30.77
                   30.84
      29.350000000000001
      29.449999999999999
      29.870000000000001
      30.879999999999999
      30.120000000000001
      29.870000000000001
      29.510000000000002
      29.539999999999999
      29.550000000000001
      30.710000000000001
                   31.82
                    31.5
      32.380000000000003
      31.289999999999999
      32.149999999999999
                   31.77
      32.310000000000002
      33.530000000000001
      33.969999999999999
      33.670000000000002
      34.899999999999999
      35.789999999999999
      36.479999999999997
      36.049999999999997
      35.950000000000003
      35.009999999999998
      35.289999999999999
      34.229999999999997
      35.369999999999997
      36.259999999999998
      36.810000000000002
      36.009999999999998
                      37
      37.829999999999998
      37.409999999999997
      37.899999999999999
      37.770000000000003
                   37.07
      36.140000000000001
      37.229999999999997
      37.659999999999997
      37.270000000000003
      37.549999999999997
      36.490000000000002
                   36.68
      35.369999999999997
      35.710000000000001
                    35.5
      36.299999999999997
      36.799999999999997
      37.280000000000001
      37.100000000000001
      37.609999999999999
                   38.18
      38.149999999999999
      37.950000000000003
      38.020000000000003
      37.719999999999999
      37.369999999999997
      37.719999999999999
      37.609999999999999
      38.350000000000001
      39.479999999999997
      40.950000000000003
                   42.25
      42.469999999999999
      42.740000000000002
                      43
                      45
      44.590000000000003
      43.810000000000002
                    43.5
      44.079999999999998
                   44.43
      44.659999999999997
                      46
      45.850000000000001
                      46
                   46.57
      45.700000000000003
      45.340000000000003
      43.899999999999999
      42.859999999999999
                   43.93
      43.299999999999997
      43.159999999999997
      43.700000000000003
      44.140000000000001
      44.659999999999997
                    43.5
                   41.68
                    40.5
      39.100000000000001
      39.700000000000003
      39.560000000000002
                    39.5
      38.590000000000003
      39.719999999999999
      38.590000000000003
      40.350000000000001
      40.600000000000001
      39.850000000000001
      39.969999999999999
      41.990000000000002
      41.539999999999999
      42.369999999999997
      43.119999999999997
      43.560000000000002
      43.890000000000001
      43.100000000000001
      43.950000000000003
      43.939999999999998
      42.979999999999997
      42.770000000000003
      41.990000000000002
                   42.75
      44.100000000000001
      43.020000000000003
      42.850000000000001
      43.390000000000001
      44.649999999999999
      44.509999999999998
      44.420000000000002
      44.630000000000003
      44.700000000000003
                   44.57
                    44.5
      45.229999999999997
      45.100000000000001
      45.049999999999997
      43.649999999999999
      43.289999999999999
      42.530000000000001
      41.990000000000002
      41.759999999999998
      42.659999999999997
      43.079999999999998
      42.469999999999999
      42.259999999999998
      41.450000000000003
                   41.93
                   41.75
      43.100000000000001
      43.689999999999998
      42.950000000000003
      42.590000000000003
      42.539999999999999
      42.140000000000001
      43.310000000000002
      43.840000000000003
      43.439999999999998
      43.850000000000001
      43.979999999999997
      44.469999999999999
      44.600000000000001
      43.490000000000002
      43.439999999999998
      43.439999999999998
      43.439999999999998
      43.439999999999998
      44.020000000000003
      44.149999999999999
      44.149999999999999
      44.149999999999999
      44.649999999999999
      44.280000000000001
      42.299999999999997
      41.630000000000003
      41.960000000000001
      41.299999999999997
      41.049999999999997
      41.119999999999997
                    42.5
      42.149999999999999
      43.219999999999999
      42.149999999999999
      41.649999999999999
      41.469999999999999
      41.689999999999998
      41.289999999999999
      41.109999999999999
      41.100000000000001
      41.359999999999999
                   40.68
      40.460000000000001
      40.390000000000001
                      39
      39.219999999999999
      38.840000000000003
      39.439999999999998
      39.229999999999997
      38.600000000000001
      38.939999999999998
      39.490000000000002
                   39.57
      38.950000000000003
                   39.32
      39.329999999999998
      39.719999999999999
                   38.93
      38.899999999999999
      38.039999999999999
      37.799999999999997
      37.899999999999999
      37.799999999999997
      38.409999999999997
      39.700000000000003
      39.340000000000003
      39.450000000000003
      39.060000000000002
      39.409999999999997
      38.200000000000003
                   38.07
      36.520000000000003
      36.549999999999997
      35.920000000000002
      36.009999999999998
      36.710000000000001
      35.869999999999997
      35.890000000000001
      34.700000000000003
                   34.68
      34.359999999999999
      35.109999999999999
      34.939999999999998
      35.899999999999999
      35.920000000000002
      35.539999999999999
      35.939999999999998
      36.399999999999999
      36.619999999999997
                   36.07
      36.119999999999997
      36.600000000000001
      36.600000000000001
      36.600000000000001
      37.310000000000002
      36.950000000000003
      37.130000000000003
      37.590000000000003
      37.759999999999998
      37.950000000000003
      38.130000000000003
      38.869999999999997
      38.600000000000001
      38.359999999999999
                      38
      37.340000000000003
      36.609999999999999
                   36.75
      37.359999999999999
      37.170000000000002
      37.259999999999998
      36.200000000000003
      36.130000000000003
      34.890000000000001
      35.369999999999997
      35.049999999999997
      35.710000000000001
      35.280000000000001
      34.810000000000002
      35.060000000000002
      35.880000000000003
      35.020000000000003
      34.850000000000001
      35.289999999999999
      34.969999999999999
      35.549999999999997
      35.670000000000002
      35.719999999999999
      35.770000000000003
      35.240000000000002
      35.399999999999999
                   35.68
      35.869999999999997
                   36.18
      35.880000000000003
      35.399999999999999
                   35.75
      35.359999999999999
      34.729999999999997
      35.090000000000003
      34.960000000000001
      34.579999999999998
      34.140000000000001
      34.200000000000003
      33.960000000000001
      33.579999999999998
      34.140000000000001
                   34.32
      34.689999999999998
                   34.68
      34.719999999999999
      34.340000000000003
      33.729999999999997
      33.579999999999998
      33.670000000000002
      33.509999999999998
      33.469999999999999
      33.219999999999999
                   32.82
                   33.07
      32.600000000000001
      32.130000000000003
      31.989999999999998
      32.299999999999997
      32.539999999999999
      32.920000000000002
      32.649999999999999
                   32.93
                   32.68
      33.159999999999997
                   33.25
      33.880000000000003
      33.729999999999997
                      34
      34.200000000000003
      33.520000000000003
      33.380000000000003
                    32.5
                   31.84
      31.859999999999999
                   31.25
      31.100000000000001
      30.710000000000001
                   31.07
      31.289999999999999
                   31.25
                   30.98
      30.890000000000001
      31.760000000000002
      32.109999999999999
      32.229999999999997
      32.520000000000003
      32.299999999999997
                   31.84
      31.559999999999999
                   31.82
                   31.77
      31.969999999999999
      32.210000000000001
      32.350000000000001
      32.049999999999997
      32.170000000000002
      32.579999999999998
      33.520000000000003
      33.359999999999999
      32.579999999999998
      32.649999999999999
      32.310000000000002
      32.439999999999998
      32.350000000000001
                   31.91
                   31.59
      31.539999999999999
      31.050000000000001
      31.030000000000001
      31.379999999999999
      30.989999999999998
      31.550000000000001
      32.090000000000003
                   31.98
                    34.5
      34.270000000000003
      33.899999999999999
      33.640000000000001
      33.340000000000003
      34.329999999999998
      34.299999999999997
                    34.5
      34.530000000000001
      35.390000000000001
                   35.07
      34.899999999999999
      34.200000000000003
      33.659999999999997
      33.950000000000003
      34.350000000000001
      34.990000000000002
                   34.82
      35.420000000000002
      36.140000000000001
      35.039999999999999
      34.600000000000001
      35.060000000000002
      35.049999999999997
      35.100000000000001
      35.469999999999999
                   35.75
      35.640000000000001
      35.350000000000001
      35.030000000000001
      35.090000000000003
      35.100000000000001
      34.789999999999999
      34.460000000000001
      34.159999999999997
                   34.07
      34.310000000000002
      34.280000000000001
      34.270000000000003
      33.950000000000003
      34.130000000000003
      34.469999999999999
      34.359999999999999
      33.869999999999997
      33.920000000000002
                   34.25
      33.960000000000001
      33.700000000000003
      33.950000000000003
      33.899999999999999
                   33.82
                   33.93
      33.609999999999999
      33.299999999999997
      33.479999999999997
      34.109999999999999
      33.960000000000001
      33.960000000000001
      33.670000000000002
      33.450000000000003
      33.350000000000001
      33.350000000000001
      33.350000000000001
      34.049999999999997
      34.880000000000003
      34.859999999999999
      35.899999999999999
      35.969999999999999
                   36.18
                   35.93
      35.490000000000002
      35.399999999999999
                   35.32
      35.280000000000001
      35.869999999999997
                   35.93
      35.960000000000001
      35.780000000000001
      35.530000000000001
      36.030000000000001
      36.090000000000003
                   35.82
      35.859999999999999
      36.810000000000002
      37.390000000000001
                   36.93
      36.409999999999997
                    36.5
      37.299999999999997
      37.159999999999997
      36.990000000000002
      36.880000000000003
      37.390000000000001
      38.380000000000003
      38.229999999999997
                   37.82
      38.020000000000003
      37.909999999999997
      37.979999999999997
      37.549999999999997
      37.170000000000002
      36.880000000000003
      37.109999999999999
      37.350000000000001
      37.770000000000003
      37.729999999999997
      37.490000000000002
      37.369999999999997
      37.340000000000003
      36.380000000000003
      36.329999999999998
      36.159999999999997
      36.100000000000001
                      36
                   36.18
      35.210000000000001
      35.090000000000003
                   35.43
      35.390000000000001
                   35.75
                   36.25
      36.630000000000003
      36.630000000000003
      36.630000000000003
      36.299999999999997
      36.609999999999999
      36.719999999999999
                   36.57
                   36.18
      36.159999999999997
                      36
      35.710000000000001
      35.850000000000001
      35.509999999999998
      35.259999999999998
      35.189999999999998
                   35.32
      34.380000000000003
      33.229999999999997
      33.119999999999997
      32.950000000000003
                   33.25
      32.469999999999999
      32.880000000000003
      32.450000000000003
      32.149999999999999
      31.879999999999999
      32.240000000000002
                    32.5
      32.409999999999997
      33.009999999999998
      33.200000000000003
      33.630000000000003
      33.520000000000003
                   33.18
      33.159999999999997
      33.759999999999998
      34.140000000000001
      34.189999999999998
      34.280000000000001
      34.759999999999998
                    35.5
      35.689999999999998
      35.700000000000003
      35.390000000000001
      35.159999999999997
      35.600000000000001
      35.399999999999999
                   35.68
      35.740000000000002
      36.649999999999999
      36.630000000000003
      36.310000000000002
      36.240000000000002
                   36.68
      36.659999999999997
      36.340000000000003
      36.759999999999998
      37.049999999999997
      37.100000000000001
      36.890000000000001
      37.560000000000002
                   37.43
      37.240000000000002
      37.780000000000001
      38.350000000000001
      38.329999999999998
      38.030000000000001
                   37.68
      38.039999999999999
      38.280000000000001
                   37.82
      38.359999999999999
      38.490000000000002
      38.560000000000002
      38.770000000000003
      37.899999999999999
      38.780000000000001
      40.009999999999998
      40.850000000000001
      39.689999999999998
      40.240000000000002
      40.600000000000001
      40.590000000000003
      40.950000000000003
      41.579999999999998
      42.399999999999999
      42.200000000000003
      43.049999999999997
      43.189999999999998
      42.950000000000003
      43.789999999999999
      44.759999999999998
      44.030000000000001
      44.229999999999997
      44.289999999999999
      44.350000000000001
      44.039999999999999
      44.329999999999998
      44.740000000000002
                   45.07
      44.420000000000002
      44.460000000000001
      44.329999999999998
      43.859999999999999
      43.450000000000003
      43.240000000000002
                      44
      44.850000000000001
      44.509999999999998
                   43.93
      43.359999999999999
      42.899999999999999
      42.909999999999997
      42.329999999999998
                   42.75
      42.799999999999997
                   42.43
      43.689999999999998
      43.979999999999997
      44.960000000000001
                   44.93
      45.079999999999998
      45.170000000000002
      44.130000000000003
      44.579999999999998
      44.520000000000003
      45.850000000000001
      45.799999999999997
      47.219999999999999
      48.100000000000001
      50.149999999999999
      51.859999999999999
      51.549999999999997
                    51.5
      51.719999999999999
      50.329999999999998
      51.200000000000003
      51.409999999999997
      54.009999999999998
      51.600000000000001
      50.109999999999999
      49.780000000000001
      48.740000000000002
      48.700000000000003
      48.049999999999997
                   47.57
                   47.43
                   47.18
      47.329999999999998
      46.549999999999997
      46.200000000000003
      45.649999999999999
      46.329999999999998
      45.799999999999997
      46.740000000000002
      45.200000000000003
      44.579999999999998
      45.450000000000003
                   45.25
      45.229999999999997
      45.579999999999998
      45.350000000000001
      46.450000000000003
      46.950000000000003
      46.020000000000003
      44.770000000000003
      45.630000000000003
                   45.25
      44.829999999999998
      44.450000000000003
                   44.32
      44.170000000000002
      44.640000000000001
      44.420000000000002
      44.200000000000003
                      44
      43.899999999999999
                      44
      44.399999999999999
      44.549999999999997
                   45.68
      46.530000000000001
      46.420000000000002
      46.520000000000003
      46.579999999999998
      46.590000000000003
      46.780000000000001
                   46.43
                   46.25
      45.950000000000003
      45.640000000000001
      45.009999999999998
      45.270000000000003
      44.899999999999999
      44.560000000000002
      44.200000000000003
      44.200000000000003
      44.200000000000003
      44.899999999999999
      44.979999999999997
      45.030000000000001
      44.609999999999999
      45.100000000000001
      46.100000000000001
      45.700000000000003
      45.210000000000001
      45.350000000000001
                   45.82
      46.090000000000003
      47.579999999999998
      47.649999999999999
                   47.68
      47.009999999999998
      46.670000000000002
      46.100000000000001
      46.560000000000002
      45.729999999999997
      45.560000000000002
      46.079999999999998
      46.810000000000002
      48.899999999999999
      49.039999999999999
                   49.25
      48.799999999999997
      50.049999999999997
      49.350000000000001
                   49.07
      49.659999999999997
      50.200000000000003
                   49.68
      50.619999999999997
      55.399999999999999
      58.270000000000003
      57.890000000000001
      57.159999999999997
      57.719999999999999
      59.200000000000003
      58.939999999999998
                   58.25
      59.030000000000001
                   58.93
                      59
      59.600000000000001
      58.659999999999997
      57.539999999999999
      55.420000000000002
      55.549999999999997
                      57
      56.649999999999999
      55.289999999999999
      55.700000000000003
      55.979999999999997
      56.140000000000001
      57.659999999999997
                   58.32
      58.149999999999999
      58.200000000000003
                      59
      58.530000000000001
                   61.18
      61.280000000000001
      62.130000000000003
      61.549999999999997
      61.049999999999997
      61.270000000000003
      62.399999999999999
      62.310000000000002
      63.990000000000002
      65.299999999999997
      64.510000000000005
      64.019999999999996
      63.009999999999998
      63.700000000000003
      62.200000000000003
      62.710000000000001
      62.539999999999999
      62.539999999999999
      62.539999999999999
      61.539999999999999
      62.170000000000002
      63.850000000000001
      64.049999999999997
      63.689999999999998
      64.719999999999999
      65.049999999999997
      64.700000000000003
      61.210000000000001
      61.210000000000001
      61.170000000000002
      60.299999999999997
                   58.75
                    58.5
      58.700000000000003
      61.329999999999998
      61.200000000000003
      60.469999999999999
      58.390000000000001
      56.659999999999997
      56.170000000000002
      54.409999999999997
      53.979999999999997
      53.960000000000001
                    53.5
      55.399999999999999
      54.880000000000003
      55.850000000000001
      55.850000000000001
      56.039999999999999
                   54.82
      55.310000000000002
      55.100000000000001
      54.810000000000002
      53.609999999999999
      52.039999999999999
      51.869999999999997
                   51.43
                   52.43
      51.729999999999997
                   51.82
                   50.75
      53.359999999999999
                   52.75
      53.490000000000002
                   53.68
      52.579999999999998
      52.920000000000002
                   53.57
      53.219999999999999
      52.240000000000002
      52.420000000000002
      53.619999999999997
      54.829999999999998
      55.200000000000003
      55.140000000000001
                   53.93
      54.420000000000002
      54.259999999999998
      54.109999999999999
      53.229999999999997
      53.670000000000002
      53.210000000000001
      52.740000000000002
      52.299999999999997
      51.560000000000002
      53.310000000000002
      53.210000000000001
      52.229999999999997
                   54.32
      55.020000000000003
      54.640000000000001
      59.450000000000003
      58.969999999999999
                   58.75
      58.030000000000001
      58.850000000000001
      58.549999999999997
      59.200000000000003
      58.350000000000001
      59.299999999999997
      61.210000000000001
      61.369999999999997
      61.450000000000003
      62.170000000000002
      62.100000000000001
                   62.43
                    63.5
      63.829999999999998
      63.439999999999998
      62.369999999999997
      62.100000000000001
                   62.82
                   62.43
      62.149999999999999
                    62.5
      62.899999999999999
      62.350000000000001
      63.310000000000002
      63.350000000000001
      63.670000000000002
      63.350000000000001
      62.049999999999997
      62.149999999999999
      61.350000000000001
      63.049999999999997
      64.280000000000001
      64.829999999999998
      65.010000000000005
                      65
      64.920000000000002
      65.799999999999997
      66.650000000000006
                   65.25
      66.019999999999996
      66.650000000000006
      67.599999999999994
      67.549999999999997
      67.180000000000007
      66.950000000000003
      67.980000000000004
      68.849999999999994
      69.650000000000006
      69.590000000000003
      69.310000000000002
      70.290000000000006
      70.030000000000001
      70.239999999999995
      70.260000000000005
      70.299999999999997
      69.969999999999999
      71.349999999999994
      73.950000000000003
                    73.5
                   74.25
      74.780000000000001
      76.739999999999995
      77.200000000000003
      78.700000000000003
      77.400000000000006

