5.32
5.23
5.22
5.23
5.13
5.05
5.12
5.17
5.18
5.13
5.15
5.14
5.13
5.13
5.17
5.22
5.24
5.23
5.2
5.19
5.26
5.26
5.11
5.14
5.17
5.22
5.21
5.22
5.22
5.22
5.2
5.2
5.21
5.21
5.28
5.27
5.31
5.34
5.32
5.26
5.23
5.19
5.18
5.15
5.11
5.09
5.09
5.08
5.09
5.12
5.14
5.17
5.18
5.19
5.17
5.17
5.18
5.22
5.21
5.18
5.16
5.12
5.1
5.08
5.1
5.07
5.06
5.07
5.19
5.16
5.08
5.04
5.05
5.08
5.07
5.09
5.09
5.08
5.08
5.06
5.07
5
5.02
5.1
5.11
5.11
5.12
5.14
5.14
5.12
5.12
5.18
5.18
5.2
5.23
5.21
5.24
5.22
5.17
5.09
5.07
5.03
5.08
5.08
5.13
5.12
5.12
5.16
5.17
5.14
5.11
5.13
5.16
5.2
5.23
5.19
5.17
5.11
5.1
5.04
5.02
5.01
5.16
5.1
5.09
5.07
5.09
5.08
5.09
5.07
5.06
5.13
5.16
5.14
5.17
5.14
5.09
5.09
5.07
5.09
5.08
5.06
5.07
5.07
5.07
5.1
5.13
5.1
5.08
5.03
4.99
5.07
5.03
5.02
5.04
5.03
5.07
5.06
5.07
5.04
5.01
5.08
5.09
5.06
4.99
4.91
4.96
4.92
4.91
4.83
4.86
4.94
4.88
4.78
4.87
4.83
4.79
4.74
4.7
4.63
4.82
4.81
4.67
4.55
4.52
4.56
4.54
4.37
4.23
4.22
4.23
4.18
4.15
3.89
3.88
3.99
4.02
4.15
3.65
3.94
3.95
4
3.98
3.97
4.06
4.06
4.28
4.32
4.33
4.54
4.5
4.56
4.58
4.64
4.58
4.54
4.48
4.47
4.52
4.42
4.44
4.46
4.46
4.59
4.62
4.57
4.55
4.57
4.49
4.48
4.45
4.48
4.46
4.43
4.43
4.48
4.5
4.49
4.49
4.46
4.46
4.49
4.51
4.5
4.58
4.57
4.56
4.59
4.55
4.48
4.49
4.48
4.47
4.44
4.48
4.51
4.48
4.45
4.44
4.44
4.41
4.37
4.32
4.36
4.44
4.46
4.47
4.49
4.48
4.53
4.53
4.48
4.49
4.5
4.54
4.53
4.48
4.5
4.54
4.56
4.52
4.53
4.56
4.65
4.66
4.67
4.62
4.66
4.71
4.66
4.62
4.62
4.63
4.64
4.6
4.6
4.62
4.6
4.61
4.55
4.53
4.51
4.51
4.52
4.5
4.5
4.51
4.51
4.51
4.48
4.49
4.44
4.43
4.4
4.42
4.42
4.4
4.42
4.32
4.32
4.3
4.32
4.34
4.36
4.38
4.36
4.4
4.43
4.47
4.5
4.51
4.51
4.55
4.62
4.63
4.61
4.62
4.62
4.6
4.62
4.6
4.59
4.64
4.71
4.66
4.63
4.61
4.61
4.64
4.64
4.66
4.65
4.66
4.77
4.74
4.65
4.57
4.64
4.62
4.6
4.67
4.74
4.76
4.74
4.67
4.64
4.69
4.74
4.73
4.73
4.74
4.8
4.88
4.84
4.78
4.68
4.69
4.72
4.67
4.68
4.69
4.74
4.71
4.72
4.7
4.68
4.67
4.64
4.59
4.61
4.65
4.68
4.7
4.71
4.72
4.75
4.85
4.84
4.78
4.74
4.8
4.96
4.95
4.91
4.79
4.74
4.84
4.83
4.76
4.76
4.84
5.01
4.99
4.93
4.93
4.98
5.01
4.98
4.97
4.92
4.92
4.85
4.83
4.81
4.76
4.8
4.83
4.75
4.7
4.67
4.81
4.79
4.83
4.82
4.78
4.87
4.85
4.83
4.88
4.88
4.87
4.86
4.81
4.84
4.82
4.93
4.98
5.02
5.04
5.15
5.15
5.15
5.14
5.07
5.14
5.15
5.14
5.11
5.12
5.16
5.14
5.12
5.1
5.14
5.2
5.19
5.2
5.23
5.29
5.29
5.24
5.23
5.23
5.27
5.27
5.29
5.3
5.36
5.3
5.27
5.25
5.25
5.22
5.22
5.22
5.25
5.3
5.39
5.39
5.35
5.39
5.44
5.63
5.59
5.56
5.47
5.47
5.41
5.23
5.22
5.33
5.48
5.43
5.44
5.41
5.38
5.42
5.43
5.45
5.41
5.41
5.56
5.51
5.48
5.47
5.55
5.57
5.58
5.59
5.65
5.76
5.71
5.66
5.63
5.67
5.72
5.69
5.66
5.67
5.66
5.68
5.75
5.73
5.74
5.75
5.82
5.82
5.81
5.79
5.8
5.78
5.76
5.76
5.79
5.85
5.83
5.83
5.82
5.87
5.89
5.87
5.85
5.87
5.89
5.95
5.91
5.91
5.9
5.91
5.88
5.88
5.89
5.88
5.88
5.87
5.83
5.86
5.88
5.9
5.85
5.83
5.83
5.81
5.81
5.82
5.81
5.81
5.79
5.8
5.79
5.75
5.75
5.82
6
5.92
5.91
5.9
5.97
6.19
6.14
6.14
6.14
6.14
6.25
6.2
6.05
5.92
5.89
6.01
6.01
5.92
5.85
5.83
5.87
5.63
5.74
5.87
5.98
5.99
5.92
5.91
5.92
5.93
5.88
5.82
5.84
5.83
5.84
5.79
5.81
5.84
5.86
5.82
5.83
5.81
5.85
5.88
6
5.99
6.02
6.04
6.1
6.1
6.17
6.18
6.17
6.15
6.16
6.18
6.18
6.13
6.21
6.2
6.18
6.22
6.2
6.27
6.25
6.25
6.23
6.23
6.28
6.26
6.25
6.25
6.29
6.27
6.28
6.27
6.27
6.27
6.3
6.28
6.29
6.29
6.31
6.32
6.31
6.32
6.31
6.27
6.27
6.21
6.2
6.14
6.11
6.09
6.09
6.14
6.14
6.15
6.17
6.16
6.16
6.16
6.18
6.18
6.2
6.25
6.23
6.27
6.24
6.24
6.25
6.24
6.27
6.23
6.19
6.19
6.28
6.3
6.3
6.32
6.31
6.34
6.35
6.39
6.36
6.35
6.39
6.38
6.37
6.37
6.38
6.42
6.42
6.41
6.4
6.37
6.39
6.37
6.38
6.35
6.35
6.36
6.36
6.36
6.36
6.33
6.28
6.24
6.21
6.23
6.15
6.08
6.09
6.11
6.09
6.08
6.06
6.06
6.06
6.02
5.95
5.93
5.82
5.38
5.27
5.85
5.75
5.87
5.89
5.87
5.69
5.37
5.12
5.19
5.24
5.29
5.31
5.33
5.38
5.36
5.28
5.24
5.23
5.24
5.28
5.28
5.17
5.11
5.02
4.99
5
5.06
5.06
5.07
5.07
5.08
5.06
5.04
5.05
5.07
5.08
5.02
5.04
5.02
5.01
4.89
4.81
4.82
4.85
4.84
4.84
4.82
4.79
4.69
4.68
4.72
4.66
4.66
4.54
4.52
4.54
4.53
4.49
4.31
4.26
4.29
4.29
4.35
4.34
4.32
4.3
4.22
4.15
4.1
4.11
3.94
3.93
3.94
4.08
4.01
4.15
4.12
3.91
3.87
3.77
3.75
3.8
3.84
3.83
3.85
3.95
3.92
3.89
3.84
3.74
3.74
3.7
3.72
3.74
3.78
3.71
3.63
3.57
3.57
3.61
3.65
3.64
3.64
3.7
3.66
3.71
3.68
3.63
3.67
3.68
3.63
3.62
3.63
3.64
3.6
3.56
3.55
3.56
3.52
3.52
3.51
3.49
3.51
3.45
3.46
3.46
3.52
3.64
3.65
3.67
3.66
3.65
3.63
3.65
3.63
3.58
3.6
3.62
3.64
3.61
3.54
3.55
3.53
3.56
3.56
3.56
3.56
3.55
3.57
3.54
3.53
3.53
3.52
3.52
3.52
3.49
3.45
3.43
3.45
3.43
3.43
3.39
3.36
3.42
3.39
3.38
3.4
3.42
3.45
3.41
3.42
3.36
3.37
3.44
3.41
3.34
3.27
3.26
2.74
2.64
2.59
2.48
2.19
2.22
2.25
2.38
2.4
2.38
2.38
2.4
2.37
2.26
2.23
2.21
2.19
2.22
2.22
2.27
2.25
2.25
2.22
2.22
2.19
2.19
2.22
2.2
2.17
2.14
2.14
2.09
2.05
2.05
2.06
2.01
2.01
1.85
1.8
1.84
1.83
1.84
1.87
1.92
1.95
1.94
1.95
1.96
1.95
1.98
1.92
1.87
1.8
1.78
1.78
1.74
1.77
1.75
1.69
1.71
1.66
1.67
1.69
1.73
1.74
1.71
1.69
1.69
1.71
1.72
1.75
1.74
1.72
1.74
1.74
1.73
1.72
1.68
1.68
1.68
1.68
1.58
1.58
1.6
1.61
1.64
1.62
1.7
1.71
1.72
1.72
1.76
1.72
1.75
1.76
1.76
1.77
1.76
1.74
1.73
1.73
1.75
1.75
1.76
1.75
1.74
1.76
1.76
1.76
1.76
1.77
1.77
1.77
1.79
1.77
1.81
1.8
1.78
1.78
1.81
1.86
1.84
1.82
1.86
1.86
1.88
1.85
1.84
1.84
1.84
1.85
1.81
1.81
1.79
1.79
1.8
1.79
1.78
1.76
1.75
1.73
1.71
1.72
1.71
1.72
1.74
1.73
1.72
1.73
1.72
1.73
1.72
1.74
1.75
1.78
1.77
1.77
1.77
1.76
1.78
1.76
1.76
1.77
1.77
1.79
1.78
1.76
1.75
1.76
1.77
1.75
1.74
1.74
1.74
1.77
1.75
1.75
1.74
1.77
1.76
1.75
1.74
1.74
1.76
1.75
1.74
1.72
1.71
1.74
1.73
1.71
1.73
1.72
1.74
1.73
1.7
1.7
1.7
1.72
1.72
1.72
1.72
1.73
1.72
1.72
1.72
1.71
1.72
1.72
1.72
1.72
1.71
1.7
1.7
1.69
1.7
1.69
1.72
1.72
1.71
1.68
1.63
1.64
1.65
1.59
1.62
1.62
1.68
1.63
1.64
1.62
1.62
1.67
1.62
1.63
1.65
1.65
1.68
1.68
1.67
1.68
1.69
1.64
1.63
1.61
1.66
1.69
1.68
1.69
1.69
1.69
1.71
1.7
1.68
1.65
1.65
1.65
1.65
1.66
1.65
1.63
1.57
1.59
1.58
1.57
1.61
1.63
1.61
1.57
1.58
1.58
1.68
1.66
1.67
1.67
1.71
1.69
1.68
1.65
1.64
1.59
1.51
1.51
1.44
1.43
1.43
1.42
1.23
1.22
1.22
1.22
1.21
1.22
1.22
1.23
1.21
1.22
1.22
1.23
1.24
1.22
1.23
1.22
1.24
1.23
1.22
1.22
1.21
1.23
1.21
1.21
1.21
1.21
1.23
1.22
1.21
1.21
1.21
1.19
1.19
1.18
1.16
1.22
1.22
1.22
1.22
1.21
1.19
1.19
1.2
1.2
1.21
1.19
1.2
1.18
1.18
1.19
1.17
1.17
1.16
1.17
1.18
1.18
1.18
1.18
1.18
1.16
1.18
1.17
1.17
1.17
1.18
1.18
1.17
1.18
1.19
1.18
1.19
1.19
1.21
1.2
1.21
1.21
1.2
1.2
1.19
1.18
1.18
1.12
1.08
1.1
1.1
1.12
1.13
1.15
1.14
1.16
1.17
1.18
1.17
1.18
1.18
1.16
1.14
1.14
1.12
1.13
1.11
1.11
1.17
1.15
1.13
1.14
1.17
1.2
1.18
1.17
1.18
1.18
1.18
1.17
1.15
1.14
1.14
1.15
1.13
1.1
1.12
1.13
1.1
1.11
1.09
1.11
1.1
1.09
1.06
1.06
1.05
1.05
1.04
1.06
1.08
1.08
1.09
1.12
1.1
1.11
1.14
1.08
1.05
1.04
1.05
1.03
0.97
0.94
0.92
0.86
0.87
0.9
0.89
0.81
0.83
0.85
0.83
0.92
0.91
0.87
0.9
0.89
0.87
0.87
0.92
0.92
0.9
0.89
0.89
0.91
0.92
0.91
0.9
0.91
0.93
0.93
0.93
0.93
0.93
0.97
0.99
0.98
0.96
0.95
0.97
0.96
0.95
0.95
0.96
0.96
0.95
0.96
0.96
0.95
0.96
0.96
0.96
0.97
0.98
1.02
1.01
1
0.99
0.98
0.98
0.97
0.97
0.96
0.97
0.96
0.96
0.96
0.96
0.96
0.93
0.95
0.96
0.95
0.95
0.93
0.95
0.94
0.94
0.96
0.95
0.95
0.94
0.94
0.94
0.92
0.91
0.91
0.92
0.93
0.93
0.93
0.93
0.95
0.93
0.96
0.96
0.95
0.98
0.96
0.96
0.96
0.96
0.96
0.95
0.96
0.96
0.96
0.97
0.95
0.94
0.95
0.96
0.96
0.95
0.95
0.94
0.96
0.95
0.94
0.93
0.95
0.94
0.94
0.93
0.92
0.93
0.93
0.93
0.9
0.91
0.9
0.91
0.9
0.89
0.88
0.9
0.9
0.9
0.87
0.9
0.94
0.95
0.93
0.91
0.91
0.91
0.88
0.87
0.89
0.89
0.88
0.88
0.89
0.89
0.89
0.88
0.9
0.9
0.91
0.94
0.94
0.92
0.94
0.94
0.94
0.94
0.93
0.94
0.95
0.93
0.93
0.92
0.95
0.94
0.94
0.94
0.97
0.97
0.96
0.96
0.96
0.97
0.97
0.97
0.96
0.94
0.96
0.96
0.96
0.97
0.96
0.96
0.96
0.93
0.93
0.94
0.95
0.95
0.93
0.94
0.95
0.96
0.96
0.95
0.93
0.95
0.94
0.94
0.95
0.93
0.94
0.94
0.95
0.95
0.94
0.96
0.97
0.99
0.97
0.98
0.99
0.98
0.97
0.97
0.98
1
1
0.99
1
1.07
1.08
1.05
1.04
1
0.99
1.06
1.05
1.04
1.03
1.03
1.07
1.07
1.08
1.06
1.08
1.17
1.17
1.17
1.21
1.24
1.27
1.27
1.3
1.41
1.34
1.3
1.28
1.29
1.33
1.32
1.29
1.29
1.31
1.38
1.38
1.33
1.22
1.3
1.34
1.3
1.27
1.28
1.34
1.34
1.34
1.35
1.35
1.35
1.36
1.35
1.37
1.38
1.45
1.46
1.46
1.45
1.45
1.5
1.48
1.49
1.48
1.44
1.51
1.5
1.44
1.43
1.44
1.49
1.48
1.49
1.48
1.49
1.54
1.54
1.54
1.55
1.56
1.61
1.59
1.58
1.6
1.65
1.66
1.65
1.64
1.66
1.66
1.66
1.67
1.67
1.71
1.73
1.72
1.71
1.72
1.73
1.74
1.72
1.72
1.71
1.71
1.71
1.71
1.71
1.7
1.71
1.72
1.72
1.74
1.76
1.81
1.82
1.82
1.85
1.85
1.9
1.91
1.92
1.91
1.91
1.99
1.97
1.96
1.98
2.03
2.07
2.08
2.08
2.08
2.12
2.14
2.13
2.13
2.15
2.2
2.19
2.18
2.21
2.23
2.23
2.22
2.22
2.21
2.25
2.25
2.24
2.24
2.25
2.24
2.21
2.21
2.2
2.2
2.22
2.2
2.18
2.19
2.26
2.25
2.22
2.22
2.22
2.32
2.33
2.33
2.31
2.32
2.36
2.34
2.34
2.35
2.37
2.39
2.37
2.35
2.36
2.37
2.39
2.41
2.44
2.46
2.51
2.51
2.51
2.48
2.47
2.51
2.49
2.51
2.51
2.55
2.59
2.59
2.57
2.58
2.61
2.67
2.67
2.69
2.74
2.76
2.75
2.74
2.76
2.76
2.76
2.75
2.76
2.75
2.76
2.8
2.81
2.8
2.79
2.81
2.85
2.89
2.83
2.84
2.84
2.84
2.83
2.79
2.8
2.8
2.79
2.76
2.77
2.79
2.76
2.76
2.77
2.78
2.79
2.9
2.91
2.87
2.88
2.93
2.93
2.91
2.89
2.88
2.9
2.93
2.91
2.87
2.81
2.87
2.91
2.9
2.87
2.88
2.83
2.89
2.88
2.86
2.87
2.9
2.97
2.94
2.95
2.94
2.97
2.99
2.97
2.97
3.01
3.02
3.02
3.02
2.99
3.01
3.03
3.01
3
2.98
2.99
3.02
3.02
3.03
3.07
3.09
3.15
3.14
3.13
3.13
3.17
3.22
3.19
3.15
3.17
3.19
3.21
3.22
3.23
3.26
3.3
3.31
3.3
3.35
3.38
3.44
3.43
3.4
3.41
3.42
3.48
3.49
3.46
3.47
3.52
3.54
3.52
3.51
3.51
3.52
3.54
3.54
3.52
3.5
3.52
3.53
3.53
3.53
3.54
3.55
3.54
3.54
3.52
3.48
3.46
3.52
3.49
3.48
3.49
3.51
3.47
3.42
3.45
3.5
3.58
3.61
3.41
3.47
3.48
3.52
3.49
3.46
3.54
3.55
3.61
3.63
3.58
3.61
3.63
3.73
3.7
3.75
3.78
3.86
3.85
3.86
3.85
3.87
3.92
3.93
3.9
3.88
3.93
3.98
3.96
3.94
3.94
3.98
3.96
3.96
3.99
3.97
4.02
4.01
4
4.01
4.01
4
3.93
3.95
3.95
3.98
3.98
3.95
3.97
3.99
4.04
4.04
4.03
3.94
3.94
3.9
3.91
3.89
3.93
3.93
3.96
3.95
3.98
3.98
3.99
3.98
3.95
4.01
4.08
4.16
4.19
4.2
4.22
4.23
4.29
4.3
4.32
4.33
4.38
4.35
4.35
4.35
4.38
4.4
4.42
4.45
4.45
4.48
4.47
4.47
4.48
4.48
4.48
4.49
4.5
4.52
4.53
4.55
4.55
4.55
4.55
4.54
4.56
4.57
4.59
4.6
4.62
4.62
4.6
4.62
4.62
4.6
4.6
4.58
4.6
4.62
4.61
4.59
4.63
4.62
4.64
4.66
4.69
4.69
4.67
4.65
4.63
4.65
4.63
4.61
4.63
4.67
4.68
4.67
4.68
4.69
4.69
4.7
4.7
4.7
4.72
4.72
4.73
4.73
4.75
4.75
4.79
4.79
4.78
4.77
4.82
4.81
4.82
4.8
4.83
4.87
4.88
4.88
4.82
4.85
4.86
4.83
4.83
4.83
4.82
4.83
4.84
4.82
4.82
4.84
4.84
4.86
4.83
4.81
4.85
4.86
4.86
4.87
4.88
4.93
4.89
4.9
4.85
4.88
4.93
4.92
4.92
4.92
4.98
5.03
5.05
5.01
5.01
5.01
5.08
5.01
5
5.02
5.06
5.05
5.06
5.05
5.06
5.11
5.13
5.11
5.08
5.1
5.1
5.13
5.11
5.1
5.07
5.1
5.12
5.1
5.11
5.09
5.12
5.1
5.07
5.05
5.07
5.12
5.1
5.07
5.09
5.1
5.11
5.1
5.09
5.09
5.11
5.1
5.07
5.05
5.05
5.02
5
4.97
4.97
4.93
4.93
4.9
4.91
4.95
4.96
4.94
4.94
4.93
4.92
4.93
4.88
4.88
4.88
4.87
4.89
4.88
4.9
4.93
4.94
4.95
5
5.02
5.06
5.05
5.09
5.09
5.09
5.1
5.09
5.12
5.13
5.12
5.12
5.11
5.1
5.08
5.07
5.07
5.09
5.09
5.08
5.1
5.09
5.1
5.09
5.09
5.09
5.09
5.09
5.08
5.07
5.05
5.04
5.05
5.04
5.04
5.03
5.03
5.01
4.99
4.99
4.98
4.97
4.93
4.93
4.94
4.96
4.91
4.96
4.96
4.96
4.97
4.99
4.99
4.97
5
5.02
5.07
5.05
5.04
5.05
5.08
5.08
5.09
5.11
5.09
5.11
5.12
5.12
5.14
5.13
5.14
5.13
5.14
5.13
5.14
5.13
5.12
5.13
5.14
5.15
5.14
5.15
5.16
5.15
5.18
5.17
5.16
5.17
5.17
5.19
5.18
5.19
5.18
5.19
5.14
5.16
5.15
5.12
5.1
5.14
5.12
5.1
5.1
5.09
5.09
5.06
5.05
5.04
5.06
5.06
5.05
5.06
5.08
5.06
5.08
5.06
5.05
5.04
5.04
5.05
5.07
5.04
5.05
5.02
5.03
5.04
5.03
5.02
5.01
5.01
5
4.99
4.99
4.98
4.98
4.97
4.96
4.95
4.91
4.9
4.91
4.9
4.9
4.89
4.9
4.88
4.87
4.87
4.85
4.83
4.75
4.81
4.84
4.88
4.93
4.91
4.91
4.88
4.9
4.85
4.73
4.79
4.81
4.83
4.8
4.8
4.77
4.73
4.72
4.66
4.65
4.56
4.63
4.65
4.74
4.7
4.73
4.82
4.82
4.77
4.78
4.82
4.95
4.95
4.95
4.95
4.97
4.95
4.95
4.97
4.97
4.98
4.96
4.96
4.98
4.97
5.02
5.02
4.99
4.92
4.85
4.96
4.96
4.89
4.89
4.85
4.88
4.94
4.95
4.81
4.57
4.74
4.64
4.21
3.79
3.76
3.12
3.59
3.67
3.89
4.24
4.63
4.4
3.98
3.84
4.01
4.47
4.36
4.29
4.07
3.96
4.11
4.03
4.08
4.01
4.15
4.01
3.93
3.79
3.74
3.84
3.79
3.73
3.71
3.82
3.92
3.96
3.96
3.96
4
4.06
4.06
4.12
4.2
4.3
4.25
4.01
3.76
3.86
4
3.98
3.85
3.94
3.96
4.01
3.96
3.94
3.81
3.61
3.71
3.76
3.49
3.38
3.27
3.5
3.41
3.3
3.4
3.4
3.25
3.09
3.23
3.13
3.16
3.05
2.99
3.15
3.06
3.07
3.07
3.09
3.12
3.05
2.94
2.88
2.87
2.88
3.07
3.04
2.91
2.92
3
3.33
3.32
3.17
3.18
3.36
3.26
3.24
3.2
3.27
3.25
3.22
3.24
3.09
3.19
3.17
3.14
3.07
2.86
2.35
2.21
2.37
2.3
2.34
2.28
2.21
1.96
2.1
2.27
2.19
2.1
2.17
2.23
2.31
2.31
2.28
2.31
2.21
2.28
2.25
2.2
2.2
2.2
2.14
1.98
1.9
1.85
1.7
1.66
1.53
1.39
1.45
1.35
1.48
1.48
1.35
1.18
1.11
0.92
0.61
0.63
1.24
1.29
1.29
1.3
1.33
1.38
1.4
1.41
1.4
1.35
1.45
1.41
1.31
1.27
1.19
1.08
1.1
1.12
1.23
1.35
1.34
1.27
1.26
1.26
1.34
1.43
1.46
1.43
1.45
1.5
1.53
1.63
1.67
1.66
1.69
1.77
1.83
1.82
1.83
1.84
1.82
1.86
1.86
1.86
1.86
1.89
1.89
1.9
1.89
1.85
1.85
1.84
1.85
1.85
1.89
2.02
1.96
2
1.99
2.07
1.99
1.93
1.91
1.87
1.87
1.83
1.81
1.74
1.68
1.9
1.87
1.82
1.84
1.87
1.86
1.82
1.67
1.62
1.52
1.39
1.37
1.43
1.48
1.48
1.55
1.59
1.65
1.75
1.73
1.72
1.7
1.68
1.66
1.75
1.75
1.64
1.66
1.7
1.87
1.86
1.85
1.89
1.85
1.82
1.8
1.71
1.72
1.7
1.74
1.71
1.67
1.74
1.72
1.72
1.7
1.69
1.68
1.71
1.66
1.65
1.61
1.49
1.02
0.84
0.03
0.23
0.99
1.28
0.8
0.49
0.76
0.87
0.94
0.92
0.85
0.63
0.51
0.54
0.82
0.68
0.6
0.25
0.34
0.22
0.46
0.83
1.24
1.1
1.05
0.98
0.89
0.84
0.77
0.62
0.41
0.46
0.49
0.48
0.4
0.32
0.31
0.29
0.18
0.22
0.15
0.12
0.12
0.07
0.03
0.02
0.13
0.1
0.05
0.01
0.07
0.06
0.02
0.02
0.02
0.03
0.03
0.01
0.02
0.03
0.04
0.05
0.02
0.01
0.02
0.03
0.06
0.1
0.11
0.08
0.14
0.14
0.11
0.09
0.07
0.12
0.11
0.12
0.11
0.12
0.13
0.11
0.1
0.11
0.14
0.13
0.19
0.23
0.24
