5.413703252536032
5.54181038784143
5.7057482236780599
5.8404662449821378
6.5057659015568774
7.1644304945549218
7.1999260143076595
7.7945064650007376
7.633763234125114
6.7235257211175119
6.6348430464600927
6.6189133681771795
6.1487518582369045
5.578755184782854
5.3977536027860911
5.1204358948258344
6.5527044862571717
7.2983625642305103
6.1905127807140001
5.6562482579495352
5.7125753200841691
5.6665241991335433
6.130666835546565
6.5441054176647659
6.1994906386027306
6.3263719282569708
9.0416105369341953
10.205023109367978
8.1544047154372805
7.8557160797667134
7.6360954165338795
8.8521094471615225
9.9817163891378726
9.1649659066202158
8.2166841580772783
7.2726114385219347
6.7379934125034096
6.2250427958175001
6.1139740534470643
5.9399436612637846
5.4308879173176843
5.3509366040341124
5.6318936361102185
5.4716397099024725
5.2929363747077494
5.1535563916163722
5.289345008919172
5.332811785292539
5.1614033040007126
5.454089100316291
5.3543125813146144
4.9173681883358347
4.5617660268605116
7.3139816897704959
8.9486195701662758
7.1219101383718026
6.1596777958892437
5.5791197978006695
5.4175840941299533
5.2114150218906659
4.8509110692170347
5.03954207702881
5.2885011206546109
4.9731149696168737
4.4894165544845359
4.1787302121876273
4.0160725392770118
5.0342268136457484
5.9517213955655368
5.4216361541064417
5.1700175591239601
5.1303761746445895
4.7094237673633215
4.3123741925302275
4.0255300707556199
3.9417156296308997
3.835303537805236
3.757145368556718
3.6755588784985052
3.422784694339557
3.2304762562545482
3.6399648302311967
3.9822081529427713
3.6968475612365941
4.2271721592707543
4.4444306866011924
4.4423218997198424
4.5045593272346505
4.0423028500437752
3.8208283298266874
3.5860844487185153
3.4793504547612959
3.7319135881380547
3.7157784321117231
3.329592535922512
3.2257573831467208
3.2382962683792114
3.199710612871173
3.0444962137782898
2.840883556620184
2.6868242885771072
2.6420745188251105
2.5865318154274028
2.8016467459937084
3.0308836173309772
2.9164262297125201
2.7314051672426181
2.806668261203026
2.8775434701204694
2.6415313221381522
2.473066742186786
2.5586119266335436
2.6282040225337133
2.5603730403228968
2.7578733623437817
2.7422439521492978
2.4560036728389725
2.3330836433013999
2.7042633704779546
3.0688339270370175
2.8357736362216883
2.5249785571094283
2.506719075185083
2.5596637526183863
2.4102976533640033
2.240548538534108
2.1180345609579767
2.3883345761206578
2.612762394557496
3.1735512645835859
3.4892002083469893
3.0781664816581809
2.8144985284615012
2.6844423496353045
2.6614511060407113
2.4765004174721321
2.3060875103869809
3.0007286448973542
3.3496976568903638
3.0603101080576041
3.0663691494348058
2.8243758428656607
2.5620897823391617
2.523965600149658
2.5603957456286621
2.5265569988159728
2.7313516903778767
2.71488403813825
2.7146914726105349
3.2752668999671908
3.2883075199722578
2.7863060591316344
2.5123637850708977
2.3313664372290956
2.2326565192298595
2.2159989693702133
2.322566224110358
2.3365205733888019
2.1808177667997937
2.4053955441458337
2.5021545059877615
2.3665328516384312
2.2904307434203024
2.2431386322353899
2.2900661891659415
2.1636014986627918
2.0234414188761036
1.9203759484317586
1.8261335345499157
2.2354012158961494
2.4885070465982144
2.2363138050513358
2.0743794853568498
1.9374879337368425
2.0579415572939426
2.0782311929798536
1.8927079973012315
1.7846102341721215
1.9924631237164872
2.7031161879734888
2.8241258033096996
2.3493946209711702
2.1151666044189823
1.9637002325024608
1.9217052944839133
2.0816431829074138
2.1021572720857669
2.6962360254038291
3.2254023701143808
4.5717720741582486
5.277566701060179
4.2671144448100424
3.7313263809495312
3.2379014019963321
2.9381482980416811
3.1125293360601209
3.1460842639209403
2.9980986428918701
3.2457229852933338
3.2776531573232934
3.2028464746901455
3.0322203811966619
2.7045656180664595
3.0954087893179008
3.6126445724380996
3.3347238792522926
2.9634986433221306
2.8334127386248031
4.0580371565618814
5.0396937499757311
4.3273537441091356
3.6565584192042464
3.3211990503388376
3.2368864947981377
3.2294662738651723
3.0752518371833553
3.4823190808949116
3.67614378935304
3.3874735108102709
3.4226811867805234
3.2383513166201179
2.9285550743327229
2.7263961469248224
2.6985927554159073
2.8897627712742007
2.8699807976149772
3.1860187662445214
3.3436640385688592
3.5392726122465001
3.7054198302253378
3.4731201083955408
3.6147338602475991
3.4905833391243584
3.146872918311272
2.8952795574452392
2.8600866984738804
3.0647220019011447
3.0250960861775273
2.9403961913851031
2.9921301959466642
2.7738597358068904
3.0328105422655631
3.6203059461402449
3.5035018111857026
3.8301330539596274
4.0695395539248658
4.4949428376633183
4.8040190986081868
4.0117163647098506
3.5146202019203372
3.6736478918366142
3.8856245029970329
3.5291504293094067
3.5312043471676127
3.5039540533918658
3.1089891306374406
2.8704498183887606
2.9125050333566884
3.1408135165189717
3.0356466520863679
2.7361549877382383
2.7452018920685783
2.9707937977979531
4.0174414559897524
4.3693443014452429
3.5461802798448194
3.8221122288316574
4.2742670514005923
3.9269344889283309
3.4902978919453482
3.3204727530620222
3.341222543941901
3.2003319303757229
3.0373696946411157
2.989701697153289
2.8267573233680139
2.6792297476810867
2.5565598074923428
2.4091944421640368
2.3657613717307862
2.312478604980257
2.2475614836314928
2.2008317543122478
2.1066236587965435
2.0203421207514118
1.9382312975667824
1.869708110674634
1.8198864489146582
1.7968050754016927
1.7608012378513271
1.7059586360672274
1.6567117661208972
1.6192702530203713
1.6822943987541552
1.737070964797828
1.7371414425787759
1.8095502590419057
1.774515298436945
1.6853178766161097
2.2830468125401886
2.8625602175586771
2.5921525104224381
2.2419717213250201
2.0563980853201818
1.9094151089397262
1.8033272059419017
1.7901175831134997
1.8067732586991174
1.7490731467114045
1.6837230471612767
1.6692692351507701
1.9125054099729912
3.2390530376546987
4.0809507145549437
3.476111155432017
3.3555239724312482
3.3068501976443008
3.5236724947033675
4.3637764895024
4.2730282281020688
3.9149432895793099
5.2526527800222835
5.8943457112441759
4.8129721143436024
4.302737002692627
4.2736311259331394
4.0512628623157729
3.7118579163447074
3.4313720889340593
3.2334902044842657
4.1185993478697203
4.5265441354372689
3.8502198305401079
3.4979164391273527
3.1985190479021886
2.9657923090708569
2.7873431478439277
2.6636766808872507
2.6544798140241106
2.6040907812869802
2.8057866417636603
2.9391071574493095
2.8010282457664228
2.916072919721163
3.4396011856301292
3.5508008792356174
3.0609799597759193
3.6076088238256894
3.9895060154446691
3.801323030541683
3.6497470874575288
3.3298411338830474
3.1772685569315895
2.92044446097468
2.7179600536490773
2.6130164149313613
2.5432420522837194
2.807999675167808
2.8995117474607612
2.5842136034466199
2.4785877878196345
2.3862902478862114
2.3977436694956515
2.3884847954814936
2.2188111033121718
2.1036881377860288
2.2777622002692897
2.367416324903648
2.1944759456022473
2.1476395518407365
2.0609117483176367
2.246565392821755
2.3356260497386954
2.2514408058770172
2.2282518262405193
2.0515621864687623
2.1151482140261231
2.1293670744612805
1.9491046828277065
1.9818347356324186
1.9797197342191091
1.8485476762624842
1.7755141419276694
2.5631229983452979
3.0849869802798464
2.5905334953212904
2.2727554370442489
2.1138521944685729
2.6102436219391816
3.2651526675471736
3.0996227491059676
2.7691360517988848
2.5825344813240134
2.4488965959815552
2.6258342324933093
2.6128260947427289
2.3752945101855323
2.3522639732745061
2.3120582423175402
2.1923496913604916
2.0702569641918962
2.0608259835591958
2.0638808341643045
2.3677876598732115
2.5416502073084546
2.2421214212221594
2.0733538405599234
2.0580595178579908
2.2212833539957613
2.3210804474850266
2.2821757242365694
2.2275231685352197
2.1464219017296386
2.4100542968759178
2.5614922065130084
2.2810593250552871
2.0657367102134327
25.426811418755975
38.770093670051573
25.580783947220656
19.906994875945578
16.302327064820162
14.865401426623205
15.983422468353366
15.617042286962313
13.764394949040099
12.967526152377618
11.850732987279049
10.876222479327673
10.069722291372592
9.4376451514112158
9.1510684751553466
8.6448613995760155
8.0319275665278465
7.5842145937599357
7.4582857221008467
7.4826512009126871
7.4668264030590317
7.4101510561631327
7.0378819203394283
6.6243856167520283
7.3521965603735344
7.6298078208009681
7.3174336945751222
9.378846448063106
10.503246382470078
9.3014589436196697
8.7211680387845121
12.382886014019155
15.066959067972594
18.690277693286575
19.956353064333417
15.359731018500998
14.193721739041814
13.909395189314175
13.151457867825227
12.119616915775088
11.221115611938759
10.522683206233815
9.5855077993291609
8.9298361411016884
9.4176263804577118
9.7567473923018806
8.8918096656689212
11.330710598302973
14.065659387511959
12.648684197778106
10.68414195985331
9.6619497986527101
9.275476561695827
8.785864547957063
8.3948710468854397
8.091019263985519
9.6721661790810334
10.526046729724493
9.2310537854959041
8.779692107790563
8.251031866321334
7.9275035004100971
7.5736921617411133
7.3577456060305364
7.3197541372463668
7.5742074437957356
7.5294664558231554
7.0233435076079669
6.9854006798040809
6.9474065889499599
6.8937732789836526
6.5179125951272354
8.8123085255902236
11.648564491600487
10.766808794556255
8.9874714053966507
7.8922772612708147
7.1802352924072617
6.9768059772272624
6.8802930798597348
6.7732801863380896
6.5362458375458932
6.1244852784467643
5.8005615225206419
5.7580320287275519
6.0468315290180801
6.0625823170033852
5.7525245963381142
5.3203522092725848
4.9528027803696526
5.1951543432848855
5.4973688495023278
5.2340163226331047
5.2867969057498696
5.2833365299143376
5.108162234082954
4.8944407932045184
4.5051591271357916
4.242799393502815
4.0056217593607393
3.8133529088162366
4.3873277110459359
4.6684079815237922
4.1120675952783232
3.8020642877107687
3.6438736315890421
3.9803347783405152
4.3147536109270126
4.0425750155870208
3.860390785097056
3.760237060858068
3.4866929492188423
3.7761720938628525
4.4688324170548492
4.3713418951969034
4.0436071851828963
4.0511526551331221
3.8779026364271787
3.666269618257437
3.5678986311193417
4.3092860184490664
4.7792222017916046
4.1898892337679392
3.7639949535302697
3.7503666732494763
3.6872237069620883
3.4074066823997291
3.19143563618666
3.0798865349827627
3.0821556298802304
3.7052837636698515
4.0449317711825845
3.6230824641658752
3.427287472064815
3.3723725946456451
3.185972774420101
2.9197756164468558
2.8889021192649174
2.833367628648563
2.8671420086292696
2.8700826407895939
2.9075768107316642
2.9229212137184679
2.9277408743847606
2.9227054298761357
2.7323502175034684
3.491689522847754
3.911891446055026
3.5019694413451643
3.2406763343555935
2.9192973442397818
2.7379729410943656
3.0469074345320912
3.1483484770936578
2.9355919742237178
2.8471630768389238
2.7852040456270082
2.90208678939526
2.9994263958521303
2.9126962439997253
2.7756457642711685
2.7009693311101128
2.5979802782749912
2.4902611245237543
2.3653303738251932
2.2509789276461425
2.1521948779539417
2.0596496871746797
1.9626325207970461
2.3056423360976943
2.477265710885451
2.6162596513512146
2.7321252942755594
2.607835571239423
2.5284163397796307
2.4742093085771351
2.6507901715742421
2.8428305617831295
2.8184752773697506
2.5162926504244036
2.286201241543055
2.133151421315945
2.012165074710516
1.9140130796720149
2.327376654361387
2.5480509224830157
3.3044759858010053
3.8758694360814117
4.114141152287444
4.3967136167101906
3.7134880618242065
3.1887532573724422
3.0629155088301325
2.9991514587406116
3.01589695554126
3.0488643497288348
2.8495872225504471
2.8580840040664142
2.9208367741999508
2.7268895790058889
2.49509294317747
2.3468526676992916
2.2347612340541696
2.4689600231866602
2.6659063381737331
2.498782122653048
2.3282544696951915
2.3284804610047316
2.3736621982698467
2.283173464654825
2.1582057359068161
2.8835634296830976
3.4357502088176752
3.0099037772297348
3.2980300157855647
3.4102383584008344
2.9104345906421738
2.7986577307657123
2.9832320935541481
2.9288065186317431
2.9653609412355824
2.967411475166331
3.3991748381539897
5.0780456760638355
5.4503020875348289
4.8271361559706172
4.574769292294806
4.2326935313129077
4.1267695077503266
3.8415637577890851
3.5174056408569538
3.7865942476110637
4.0277377864276165
3.68378293380513
3.579742782740285
4.2189315246197907
4.380505249882181
6.1790192507633064
7.1736587577027437
5.7133604709500521
5.878590027323126
5.8469337923180076
5.1975063490880071
5.5788800213869303
5.5125966262745623
5.0822600613638951
4.9232165663269907
6.7169868152153303
9.4095015752068285
10.455624082274694
9.7671204089770729
9.5167754482440934
10.282707201759969
15.212266341122836
17.095607774290382
17.181866504952307
19.825095230126038
17.243948731412932
18.035261763868782
19.762341213073348
20.115688058710788
25.512515668065451
29.230139606850855
27.021901878065812
22.68432472649561
20.274971002273102
19.225177177812046
17.241230604288059
16.637909672212562
17.579681292769632
16.935246503630452
15.332893450455819
14.130991394471421
12.946855609647031
12.223603517682326
12.837451739651309
12.937294328325834
12.143965537831109
12.362687741634332
16.126502821828314
17.353194280508738
14.25158776820655
13.340484451473694
13.410596537650145
12.895274435503518
11.783966917550313
11.246904904318493
11.169560593458181
10.920893499895973
10.780662621589325
13.245659003176174
16.002272779268512
14.923714377499982
14.652654343134946
14.630903476883368
13.327761984568447
13.480562097197586
12.947235539380843
19.46150539143165
27.209878802242912
24.368329679617311
19.397588963300844
17.072095610392513
15.884742802348166
15.143261447502374
14.160574551061805
14.504740804966479
16.290085598189108
16.206874440660538
19.392101246593374
20.648254225741841
17.630751251295091
16.101753147078838
15.185462347302151
16.621031448157346
19.733926595626546
19.91176582422931
17.146672857273106
15.31592158131269
14.046897556193324
14.321140930025978
14.178966395720106
12.856909154847287
13.340316902143901
13.274644700006315
12.221313594263925
13.032460346637475
12.955036767431819
11.459932956734818
13.217204834799098
14.245656182687323
14.769152827313555
15.135111234763196
13.908042814174598
13.051950536154935
11.826044157030356
11.225315639588372
10.513403949024667
9.8744961064132202
10.289434041403984
12.647814544247591
13.185772691735506
11.382845006480458
10.590988495335337
10.309530368894245
9.7523255382353149
10.080258822942248
10.136117733554897
9.5789432209128869
9.766862470616811
9.3485043491111508
8.7355699406833995
9.4002073492338862
10.848803114275151
10.804790342293529
9.957788074058735
10.269591511430773
11.276582613461567
11.307881313638179
10.072185372372291
8.9173367263370302
8.1708418402238454
11.187774317075652
13.999358654395131
12.24920993240843
10.319720591832196
10.889206591366497
11.071563648197808
10.339097944778119
10.087605387476097
9.8857375289862528
9.5488703099647871
8.5264121465003999
8.0007410144634008
7.5959796034459188
7.273537098467056
6.9378830830732872
8.2576889339534763
9.0689723751323807
8.5202053840725025
9.6321787302330382
9.8293298430807337
10.500699189040379
11.887776410583941
10.818956245699617
9.2168962002859978
8.3221910507264329
7.6587224901006064
7.2070320386478945
7.7656593067933448
8.0713421542447943
8.2092696688825164
8.1982921369542758
7.2998592967324463
7.7496318958130823
8.6648813867962673
8.3632061361730088
8.4865018239396122
10.388591682579854
10.496497156530706
10.574908984444978
10.920530946618337
9.5936841475345354
15.229253368219643
31.901837790762396
37.279769030880786
31.367492473640333
27.582918793667105
22.678035301143161
19.526742263672652
17.761615664544795
16.412323412573173
15.004036252804598
14.281215903641632
13.54717288499975
17.748236292400247
20.3256855570855
18.388944913779618
17.107385183502426
81.954277225582103
121.1838269650578
82.828804216089935
65.00340632341684
58.421005937801041
53.001897430442085
45.7146011089147
40.682934699317052
36.899177528669689
34.894675693712529
32.957782972091337
33.561136383788316
33.364204622165616
31.407772148436308
31.444398549582921
29.458686520969472
26.723142594826278
24.795371052669172
24.098610548945537
24.161384458975565
23.07702652525273
21.579571607736305
20.579678421106678
19.474506157733579
18.37133623770962
18.07147490554156
17.71745017122425
17.141126347761809
16.627641144890728
15.994235433160917
15.939566020713304
15.908190678937155
15.137399260034798
14.087887795551154
13.342178084983518
12.798747771903184
13.913099729146269
14.509815063919373
13.210606557044732
12.231222738597435
11.938328929896347
12.891131707798777
14.663466401185437
14.408933339171917
15.089215019003689
15.444314054550173
13.438628720754732
12.441040906528503
11.780049247790659
11.215387731499533
10.52482824009328
10.423643700639804
10.280128734929336
10.078617464613327
11.102407685181451
11.15542402378073
10.352951903163518
10.000207640210483
9.91543436211232
9.9328692543409449
9.7114368942250842
9.5653126042744709
9.1216931595783031
9.3581424296344569
10.653513255821149
10.643695937230007
9.468072155837298
8.8466615148316041
8.582258913397137
8.4862587462252304
8.3972665639641821
8.1147534523846829
7.5864175769112707
7.0451161042670325
6.6603121870209501
7.4036059548187971
7.8538972042390105
7.0676668701152972
6.4715033919072216
8.4713872973891142
9.54418686737489
8.2575199144491886
7.7703341287814522
7.2037200438313436
7.0200493207592221
6.7933214074678734
6.4175633602673718
6.1559724179607409
5.8614725002147212
5.6814867549674188
5.6094536892409304
5.4969997948406988
5.5417572633849614
5.6241013100240878
5.9371957097668444
5.8631748956705794
5.4232186298887912
6.0819428516863105
6.2571642876759368
5.4698708656514157
5.025373943760675
7.5522729989145914
10.165266571807695
9.0240308534836888
7.3772318536849752
6.4964002787739066
6.0581899890591
5.7718740530174859
5.3612090752536297
5.4428488986625263
5.6758849143654198
5.6180118838004232
5.3204185859730586
4.8256357800913605
4.5881459897064429
4.4068781731619637
4.1775593328671405
3.9618278298567406
3.8823356614163491
4.096151560791979
4.1839413852275289
4.6900318801575143
4.8170148755983266
4.3493159705947226
4.2815582577888165
4.0420037567369302
3.9398234513792332
3.8164992057122573
3.5443255578639579
3.3954570668863115
3.2579211558248709
3.2213568652216726
4.9007373656002153
5.811749223043015
5.2983896538202515
5.1063441968491965
6.0835613574598222
6.5728423788072172
5.3946387103991089
4.8578828009690973
4.6913408161486885
4.5097933046324039
5.1591644706125859
6.3166980619421125
5.9450079943591581
5.220400522034339
4.8789970961762519
4.5709768744224215
4.3472753972724227
4.498811951922189
4.4811147881885924
3.9608762527065653
3.6487209639054017
3.459538947273479
3.33146682507956
3.2825458731265988
4.2056849095152833
4.7061512606857283
4.0287977578218959
3.8514070767171646
4.0139035947450354
3.8505712926019657
3.4931444758052237
3.3595280288027829
3.2125308365068035
2.9641371121340909
2.7858454772202128
2.7190965002367955
5.3578811184187796
6.8097776773457648
5.3339567770131273
4.8493049526035463
4.3916235680069908
3.9094901235721902
4.1717537108370655
4.2754127881699473
3.7771623627339093
3.5443404425570639
3.3392626593473453
3.793276493246982
4.0236905901485587
3.4742768076161221
3.2712878022207819
3.1493947588425839
3.3320616150113445
3.4022859279460529
3.4419601055787439
3.4843808009618544
3.3705541372950631
3.3017837909653669
3.0062254888924094
2.9075713582125808
2.8457234326021528
2.6597221881862443
2.5122116657049727
2.3816530806694658
2.3101315891731087
2.4251888196037608
2.4111785489093274
2.2609546579070754
2.2048376164164467
2.0967244683712427
1.9750640006570395
1.8830691665770696
1.8460600836306964
1.8005412756396895
1.7152018172680887
1.6485730405689223
1.877856345220053
2.0266663642054601
1.8447385281949809
1.7978295028179554
2.1743911776376841
2.321710282914037
2.0194390954344783
1.8398094708131048
1.7247584847331956
1.6719721822055749
1.6183787924317907
1.7466612643190029
1.7970200195344901
1.7344064594104813
1.9514126642656608
1.96463155761742
1.8904270574892945
1.8584851304442305
1.9453261721168902
2.1925695205443403
2.0799335259239018
1.8269049819843022
1.7257066887072059
1.862023890597142
1.9248124662282526
1.8210915475288962
1.845493087842573
1.8193975934409039
1.7023447469831499
1.5966788030098344
1.7548095380803308
1.8208361412592307
1.6483008410645452
1.6344804123886787
1.586835387209794
2.0115049556939955
2.2645492139472463
2.1713775294157283
2.1165616531185294
1.8398007322379117
1.7047186398391614
1.8413795188061328
1.9088633229014804
1.7119933218419114
1.5917096698294462
1.5371105207345019
1.4884466380313546
1.4690732344702366
1.5013437047198825
3.8449196444978839
5.1146744430608519
4.5050619431191441
4.3243871994422811
3.8190967360716996
5.2269122113342217
5.92857955755328
5.2190785369519537
4.7383492890175036
4.1239416191161009
3.8869191071566309
3.7311475755115016
3.4792694883979784
3.2812278274048299
3.3039133507379956
3.30985226203157
3.512165700875352
3.6210912471638363
3.2756016540417057
3.0085109395825613
2.8648933180874416
2.7186440820901043
2.5208378235063638
2.8191231688677876
2.9750821406551839
2.6302761019207428
2.4459860981861237
2.3143717661582937
2.182064116699773
2.1378369384955729
2.0832724376131484
2.2027864542542566
2.3928204029259748
2.3805635479037335
2.444328522682695
2.6320972611464968
2.5411158406426497
2.6089058551815074
2.8144053927412651
2.9737855153831929
3.3352009021081015
3.1776361203263219
3.5085798776800532
3.6972076615215457
3.0571022225338647
3.0720948196455864
3.063901447376471
2.9487096099116732
3.5396147087859218
4.5436545741172392
4.6940420759794872
4.0672691969298205
3.769780926536801
3.6344759727079214
3.7077451741365786
4.06177988348899
3.9690970004522765
3.4755203920528634
3.174828631720136
3.2067701368869428
3.1287889598339467
2.8256687828554168
2.6327084825383591
2.51379077800717
2.7572885406298724
2.8457357550631897
2.5607243505602915
2.9729593048877629
3.3580570683614757
3.0210635819301404
2.7019451292594865
2.5066714871318139
2.3389052997855853
2.3513120046098299
2.3252567743274586
2.9096129862864988
3.2260376152936225
2.7294897171309387
2.4833849708224021
2.2938151407145662
2.1574197087512368
2.134203270851966
2.1208955575796287
2.0723931582410513
2.0442060117423559
1.9609872818527381
1.8652452482995658
1.8681196469127466
1.8467796238887255
1.7371888331994301
1.785253741541688
1.7985113537382833
1.8417997584401671
1.8963010568840402
1.8258484052721504
2.2535749866296162
2.4636099160020772
2.2277286113126999
2.0891062635444428
1.9075816909487044
2.1433297161599509
2.4085931580593347
2.2696323611532923
2.0620599578867997
1.9155215127636243
1.8304718910174682
2.2141708550059285
2.4891194058068069
2.1974406226724974
2.0983372120553878
2.2036241509300645
2.5353858627605965
2.6830652858780848
2.3830057626304484
2.2077245012769424
2.1817969001763435
2.0620074318799273
2.0212694631201056
1.97416574200901
1.8216548541180264
1.8256196371553821
1.8587323252903831
1.7640684457482836
2.0850062670222225
2.2548839108886578
1.9483178026527677
1.8063564564603234
1.8196128633720665
1.7952209129621888
1.6771390542852627
1.6999427941081733
1.6963757913022151
2.1164552738591511
2.3550465013996029
2.0084340881937073
1.8173470352642926
1.7344970805365694
1.7024835383957135
1.7507343392478354
1.7814280722160505
1.7126400999076699
1.6325218383950104
1.5700573505341628
1.5453433001568873
1.6035999694998115
1.6500381274563636
2.1608859288138538
2.4156613727620662
2.0706545278037258
1.8900980245507184
1.7499841650094896
1.7472144573535482
1.7178705480959862
1.6753423291451743
1.6476523910041065
1.733218033899381
1.7813448060806745
1.6319183243785875
1.6167628248730517
1.7062916324980617
1.6773291606411702
1.5815352358211656
1.9830677568958313
2.1874357245671265
1.9429949013160828
1.9088405041334306
1.8083904742865273
1.7780089073914229
1.8427039704964636
1.7571705645006308
1.6144699071225892
1.5556092675252897
1.5076141181229248
1.4325712455283666
1.3831766684600362
1.8168733114052309
2.0500395905430615
1.7441736115768367
1.6096019125647218
1.6987681196346973
1.7211940394486414
1.6987643892350401
1.6940387622307693
1.6016746320678703
1.5368860057123226
1.7528216360223008
1.8750283553724001
1.6817976190216033
1.5822189081653883
1.8041886728394929
1.9183643936077122
1.7084933797466333
1.5910153760376684
1.4864236032123799
1.4078082106998555
1.4355739473898281
1.4545694811810914
1.5176416107559971
1.6356021158772263
1.5901355837922546
1.48375343121371
1.6413978325349772
1.7642758508050134
1.6026316435906873
1.4814784005236896
1.4027324218062809
1.3309299952372149
1.3410740987521854
1.3331692049968842
1.2765030377189717
1.2385406089870137
1.1879003409592432
1.1696466616354178
1.2826695698798767
1.7615173103963822
1.9060678048756392
1.5985157325153292
1.4549674452932091
1.4187907505756336
1.5645319026922662
1.5825878303782381
1.4670496935773607
1.7591433261594895
1.8836820174906241
1.630335586477238
1.4943957339492233
1.6690893554375967
1.7585556888978346
1.5539960263257344
1.4383176708567942
1.419370410944232
1.4368246166360559
2.3016771782690522
2.8614369094315735
2.368687851885197
2.0642453906159957
2.2407309645920126
2.4029744341225103
2.1333358526020518
1.941793743546155
1.9838378152784388
2.0216380237976845
1.8810067173956699
1.7496831286418995
1.738790843373061
1.8191409224728647
1.8567295099821808
1.7541761715983046
1.7562794956383303
1.9037528700072432
1.9238520439045541
1.8506954755088876
1.7721360312606196
1.6782881335704598
1.6311261181664101
1.6748576986250265
1.649493868363789
1.5369805581376716
1.5511153250155589
1.7485384916561089
1.7577723186144052
1.7050407044714098
1.7054075705584144
1.8170109464758335
2.0076217279110558
1.9275906241871432
1.7543484662832842
1.6867308132787728
1.6714165613732308
1.6820010777488095
1.6635013666222802
1.5497930219983627
1.4549068197695494
1.4111510735685082
1.3814305012053516
1.3312741856570534
1.3747898209822997
1.412066794833841
1.3447389099319367
1.4684280354339951
1.5515861868163123
1.4203886216394961
1.3328923953362972
1.2776517096913522
1.2323105987330305
1.3713550657490319
1.5352752500942954
1.9793828687472423
2.1937621357682446
1.919321915783776
1.7819823022943651
1.6317715948516309
1.510739711402481
1.4880439169582802
1.5569833033746812
1.5228198138884068
1.6165242968557929
1.6646196314298507
1.5245576284294853
1.4573710794539105
1.3939781865191703
1.4486431548767269
1.5123477392005642
1.4453379478954098
1.3492077022601816
1.3348864577442678
1.3920260611383148
1.4681737689390504
1.4382864068620627
1.7207633654945755
1.9721191201730319
1.7797133939750316
1.6047034327477667
1.4907845665295647
1.4370972475522448
1.3779672644847745
1.3106529664117184
1.2606495129704323
1.2224955524331018
1.4819137854332842
1.6154522735286312
1.4248199555780798
1.3307608719241515
1.3027653857862955
1.3005758900276367
1.3694518233120454
1.4100565866211834
1.3171533533796822
1.2992600175466931
1.3553948024152056
1.3283885319047015
1.2611021763654089
1.2324804120094259
1.2313010277487872
1.2043231657584179
1.1443556195346869
1.5191129538486865
1.8214912975222608
1.6764412724675031
1.5344351550395026
1.4335177485068791
1.4180385076258051
1.3933081284534654
1.3305335046917308
1.2903732558262484
1.6151966133462563
1.8553395851524974
1.907917823701297
1.9232069147496735
1.7353648682975409
1.5932819194147076
1.473751072112764
1.5130200220007082
1.5441041943976739
1.4648788448450787
1.4596918833487467
1.4398836254341298
1.3610550896987934
1.3452693427178188
1.3336893321605494
1.335166772490276
1.3300324631958536
1.2572406825396303
1.270582312976908
1.3568994018278124
1.3350667535667806
1.2767101358579931
1.2448524439126867
1.2968685456059663
1.4087516676977669
1.3848391969488645
1.3389621921843615
1.36637379197844
1.5410482570244359
1.6080527158268338
1.4578669281997836
1.4453604994934932
1.4356739592298424
1.3579585736551119
1.3623829367994893
1.4099746202435266
1.5131983575176475
1.5011029007458896
1.4016945924968922
1.4308029765656587
1.4086724653411458
1.3936566451876837
1.5063960870452064
1.4981088096776998
1.845375239634613
2.0246004732495821
1.7413444922488923
1.6082416266807373
2.0449176434740517
2.2835536981130562
1.8962785311158665
2.1034071388179627
2.3104785795170595
2.076349179152043
2.241804633397396
2.4783697083163791
2.2703304224511198
2.8502032584867609
3.2900175903967317
3.010098291860853
2.8552994468149291
2.5642783820141957
2.3440578148682722
2.3303381186212171
2.8003303538874325
2.9303387801448499
2.5202890859363429
2.266801482116251
2.1136082448524984
2.1821976592199164
2.1810175434454182
2.0042875086555818
1.8923692767959925
1.8154479296663364
2.0017440860203082
2.0663548020326838
1.924023825330037
2.1602196096715547
2.5091668236073543
2.4318100296261065
2.439646611308985
2.4937586386048238
2.7050871199611048
2.7828631766932679
2.3889748583364123
2.297489918904374
2.231622473431119
2.1201887647785007
2.085838278599887
3.1799365714906269
3.752682610594599
3.5609927298402604
3.6967628362840568
3.2336867909315572
2.8154519524279671
2.6806534620080735
2.6067862446604715
2.5708825553513517
2.4948739422413477
2.4104293823544163
2.3409051186616971
2.1608676996318295
2.0434728294416256
1.9788312373640577
1.9245202803105121
2.1095177481821739
2.2613739828574499
2.1421313542313758
2.0189753546331404
2.0434889381753369
2.0719122903133065
1.9811381507110115
1.9068777148046114
1.8188570152258254
1.8282333539424707
1.8025305920766681
1.7329787950415234
1.7221637124934186
1.6761685444730057
2.0397624483403098
2.217857300492879
1.9396720549759816
1.8023217954176132
1.7124290233282855
1.6561178333425397
1.5819312363344205
1.6431959648002494
1.7091862807637763
1.8104875270375771
1.8245360777123827
1.6827848936703467
1.6053848449536015
1.5166380920394835
1.5174029859123039
1.5209339300297451
1.450983404502127
1.4319710735165729
1.4316001044430287
1.5413335934954757
1.6272782178584524
1.5357981131429539
1.4556913404642295
1.4260033683525575
1.382929920302947
1.3243934373813506
1.4179460732074527
2.0577601521550726
2.4208653396829889
2.091413050885826
1.8815296076405568
2.0504175397709763
2.1388266111657996
1.9133206490121248
1.7384804124837427
1.7010367214223554
1.9624322360712259
2.021575876075671
1.812462591102765
1.7535433530196021
1.6679807766453469
1.5647662997621095
1.5061720100948421
1.4935378432256352
1.5272216477435956
1.5431810414460976
1.5192951507328911
1.45399414849155
1.4010967624350661
1.8003660393745688
2.0299354860307655
1.7884623847616554
1.8145227083036344
2.9163674917321112
3.3746224711655683
2.9783519803250011
3.2039139554253619
3.0081813244164723
2.6912503999531951
2.5810241521772466
2.3817043186011682
2.3092943968912438
2.2341233690293847
2.0493008727441788
1.9478777939680094
2.1779292467470106
2.77155116855949
3.0108184816499666
2.9171236847761564
2.9670211528807289
3.7890314162050576
4.0580043246402084
3.3087781480480745
2.942096590798271
2.7170183338646385
2.523925479194983
2.3812163687291483
2.2838024191878117
2.3110224616586548
2.417476107162869
2.3549741071338777
2.2027528178783791
2.0919186502570786
1.9672179929591953
1.9186991347563969
1.9387422984417924
2.0870758301399674
2.3137548026056249
2.2842167418300008
2.0825627355256833
2.0087793167563754
2.6363200172156409
2.9222932249898079
2.4374812498333069
2.4009885997082367
2.5505098259650358
2.4878991334630762
2.2751738549558937
2.0830680370169898
2.1709874718285356
2.1976180266639487
1.9931512161698497
1.8807781670525527
2.2665051140849939
2.4940192426285481
2.8385638794600072
3.0186043733407204
2.6276599358568786
2.6300060059085286
3.4759695340481844
3.9308655835884871
3.8549423510050751
4.2928500298067522
4.0860448528263245
3.6577661167350377
3.3924936579788785
3.0447337170453821
2.8625273651126966
2.7435928285760673
2.6123953328825875
2.6133923359382663
3.1099306960723183
3.3699341439795738
3.4081463036019874
5.2135437371760451
8.538546638595534
8.9475330983696999
6.8967681292886223
5.770741429043869
5.0980645709412418
4.6419292371155167
4.3630911681908273
4.1372908896065672
3.8803923693890341
3.64950660099209
3.6163613728290165
4.084389093649782
5.3380113409680687
5.5557328904719148
4.6228508393405923
4.4088870504919484
4.3097188553218002
4.3566244189923697
4.3364940226151685
3.8826708532999068
3.5702953046373884
3.4852293839831066
3.5185454606587916
3.3582094409374195
3.1159711461489139
3.432109366336848
3.7672277635770222
3.520955017715178
3.5620296296313327
3.6260572755829696
3.3076962056582566
3.1518640480057996
3.2774544812371693
3.3251714559498593
3.3281915687071675
3.2226307438465605
2.9746467306339377
2.839644977063255
3.1044816128490238
3.2376211669283546
3.0011011625664898
2.8768635331481427
2.730537558255032
2.6742115161098932
2.8100936346596197
2.7964120211473666
2.5755566277856645
2.4163625767693615
2.3627985057156327
2.2997077216705732
2.1884538261694404
2.1234578563132356
2.0539954402268155
2.0256449434353141
2.0190572496299151
2.009065542562829
1.980537984699656
1.9302365388438423
1.8640560818925453
1.8222282161227918
1.8045606958689946
1.7408480385665628
1.700040814657932
1.739036163002154
1.8094580853286428
1.7974773627596472
1.7026425020081668
1.7279798402113065
1.8882307246008763
1.8890064416490446
1.7728424968663077
1.7084910562936035
1.8539320282041083
2.0801319554535285
2.0057861621968414
1.8502494933718012
1.9637669151141737
2.0466989193904501
1.9260894578005441
1.828645112899181
1.8200026697058114
1.7719853279866378
1.7896050038193203
1.8615765082536226
1.7692999966900935
1.6477526521351815
1.6055924769830849
1.5605420745247676