1.3251295715008786
2.4424428781304783
2.9706683804318881
3.1035635303793989
2.8728820552300718
2.6647342147444188
2.4675512616410407
2.165005180051363
1.8480690603617389
1.8354811420644204
1.6766447420914719
1.996490119324783
2.0167026037585392
2.0595955868599147
1.8803576498687353
1.6655733023049151
1.6607267356318212
1.7167160837982998
1.6850180099011944
1.621447982547815
1.6922845489674598
1.5880257694589424
1.4246248083445268
1.2438856919549224
1.4785494152937411
1.5554170626543176
2.0383540086761816
2.0602103180226652
1.9315711452813389
1.8447398383653699
1.9809141211118593
1.9614548482560332
2.211918163272621
2.1804118085730284
2.0295370759307243
1.9290504212358133
1.8189926272833388
1.9711434854138592
1.9378248588353126
2.0189324440184069
2.0770553874041404
2.2802359608111762
2.4959195059604138
2.4446763562849472
2.2550634396414937
2.076540054833194
2.0181856522055357
1.8877091918557354
1.9476877650605697
1.8253866799574472
1.8340500494037615
1.6823960728209812
1.5248371207406213
1.5519594998421304
1.4417477362036843
1.3758283026971014
1.2397265017098094
1.0991152883116799
.9701654977373444
1.2127926778074689
1.275826506647106
1.250590564559027
1.1862953906496596
1.5176670484371277
1.6907038935140737
1.7571313496400258
1.6484812222839471
1.5059796124172895
1.4105582549656697
1.5117635869802035
1.4604206853006658
1.7928135293716654
1.7839680565625966
1.6448451026599775
2.0890195046287441
2.8118748505698004
3.0023446021230971
3.050435157948578
2.807651374762469
2.4725996522876827
2.1174609032711684
1.9141349026603789
2.1015025487179098
2.0439570489704453
2.5915693010074321
2.5707337931113829
2.3864205076812675
2.0817226534433524
1.9576113248749287
1.7561616878685815
1.9669687470831105
1.9103115025588833
1.7767961017601734
1.6570381634678539
1.7845300539554729
1.7192697236346495
2.3176495481429287
2.3505822960716989
2.2382956283358979
1.9836841389786508
1.956672588941603
1.7843977543536647
1.9743345592616366
1.8781127594889584
1.9273640320523793
2.2054267245734112
2.2565789460216381
2.0909974770895663
1.8675415944111453
1.612914709248505
1.4393866602046297
1.2652575190957782
1.1133633958740841
1.1201915729699534
1.0925693268222154
1.0374304605719928
.97224383696986583
.90539929024803545
.87316482740455026
.89183647567408442
.85828024926267954
.79754426491474806
.74361979491502628
.75983328129104055
.84172345516699631
.92825454663234619
1.3698929335546393
1.496761664545911
1.46372949498352
1.3322435229546765
1.2704935696219051
1.1630878618926757
1.0350581193648931
.93544594276891846
.86723157564190845
.78449640545130894
.74674537731504365
.7975320425396133
.77317004609101914
.71872970195913521
.81337648718882305
.79709460595110515
.74641247672826649
.67234419519398281
.62732334549343349
.58035296836743022
.54705939922150659
.50866999911114685
.47174886813832029
.54940237742578424
.59083677582019734
.58864381987909065
.57042961320443675
.58358279050409789
.57036298608004166
.53379073937987442
.50886341365395327
.52451660952713586
.55770340456830769
.54492399351652865
.51810293125037943
.47554652244471296
.46273466744399788
.44140670441484026
.41504300987918191
.3851096898980611
.36416124766012287
.35439686161243916
.39245124346081239
.64137526545614554
.7003367991363274
.72100208840620106
.7268022572021855
.67343006100186997
.75007569554349351
.72936840288501859
.68732506320124298
.73189740521538549
.79892005832570501
1.1384881543464784
1.1804720242085258
1.1069253356758251
1.274749661840884
1.36436912709359
1.2925910044401523
1.1921738193521643
1.082541564466371
1.0071706581919375
.89687253240252296
.80021669344025481
.703693521880146
.68509840309574599
.63538431607284351
.61787510549244418
.57108134287703871
.84481144134038078
.89904148714423726
1.2259514835300653
1.2435979341913761
1.2725566920811304
1.2675933568905386
1.3003555671799072
1.2670776244781805
1.2421522322577934
1.183619200383806
1.0884627418453301
1.2400620477397362
1.297454755077091
1.3114978523595893
1.2738694967131956
1.1547334143876362
1.0531726038089344
.93007270630776662
.89899377440043071
.82061251428547199
.77105310199096821
.71677016572918517
.64993930440850134
.60868101026883747
.5922931047501595
.87157628072439941
1.2835731483405102
1.3600003553617606
1.2744377876416031
1.1104445078179168
1.1272604544187446
1.0634035775406947
1.4865791379845585
1.6045785131221411
1.5584421789581606
1.4209390198461882
1.5510428038776165
1.6201808760174636
1.529844178363605
1.3670858569070565
1.179198900588851
1.3934878895622456
1.3789610888827428
1.3144422571547778
1.2248101334199177
1.2110851937944416
1.1144801240138951
.99322359200586796
1.2574256599070202
1.4272498890789087
1.4894934437362515
1.4211190414869113
1.558434770567241
1.5571445868705693
1.4397126845291364
1.5530633857737486
1.4589037803050846
1.3083880642619437
1.1788899827874653
1.4260933520981294
1.8456653830255241
1.8713029269736858
1.7697963294353789
1.6330375372280759
1.4494605797238178
1.3120301435432444
1.1970372780891274
1.0593606720907101
1.0926207197083992
1.2855519005272988
1.2717327530321632
1.1699211557260487
1.033059807633669
.90440848379218153
.83492179644555053
.7542294880279411
.70361717870449558
.64827014409373862
.59493081570033202
.57169076864717183
.57848241174889869
.55190906884964808
.515697913373799
.48315152061338318
.54537558126041741
.5510248764705189
.56630400273237502
.65102456375877538
.64762147187696129
.66722164633928538
.63273236457210125
.83844734882670835
.85625199986617306
1.0987982246017696
1.0963300966223581
1.0304450355535593
.98870244472070223
.90700252544589943
.8162969033046108
.73027434027386051
.64589652551289956
.63123721477289918
.69811133051644925
.81742589981552105
.81123227861357161
.74864623255958973
.83305617640242213
.99869453426153298
1.2670324864290985
1.4971837522556195
1.708949599827291
2.3334186452336989
2.3647255850704814
2.3847540678910666
2.423699261650496
3.5954673757638043
3.9215590605103525
4.489661830331773
4.7697722349966734
4.742009079670761
4.261594673942902
3.6755799903006272
3.0718509441574455
3.1768544354318742
3.0612427791143237
2.949437791135018
2.6355028892199397
2.3642088495961389
2.5009705995926197
2.3526380033826508
2.1253340387231145
1.8418150886438165
1.953446146208567
1.8524370989734857
1.6844228113019657
1.4759174771889818
1.3047653733351758
1.1508055464972029
1.0515576689235349
1.0965143536804693
1.0517127033090885
1.0108141134748427
.94042804978333139
1.3115788129565242
1.6097425704183441
1.6249453654617498
1.4896924073043156
1.4028254375794176
1.3593733455261936
2.2593117600972588
2.9625850660469784
3.046591398370087
2.7793178263150655
2.3764106827291798
1.9989776631101739
1.6954435896309168
1.5841923867225807
1.4240463598724928
1.2779551165371357
1.1408541791154103
1.1186487128698952
1.0357096782564381
.94320370954975963
.89051376753878708
.90858832658942623
.87447497989393608
.85531758572072647
.79209411572242761
.91264861654196816
.97952583072925747
.95215706152977175
.98532679844869187
.9473130613301094
.93824755246532165
.86643369621264277
.78725639353431842
.79071494564966627
.75383899838120338
.69675260462822897
.92249450668825328
1.0117457449482055
1.0055691551906842
.91789006401998952
.93731439435055341
1.0254531241329943
1.0311808824194433
1.0269025190966903
1.0760096336057805
1.0150998047595261
.91516824103284311
.96334089524864863
1.1153616778469035
1.1709606334164075
1.1142650556622467
1.2141229273969267
1.1668439146464873
1.0869955816254668
1.0336589939451459
.93765813220921601
1.0385606576991819
1.0578032265646322
.99447701241472364
1.2538397559360832
1.2983996208050037
1.3933173724494348
1.3065893885740774
1.1951830489549664
1.0825863855443694
.96496582045050894
.84789752661467332
.84141519074967852
.93244110818566817
.92030510689181044
.85160817254126875
.90449118496013703
.91806472886448454
1.0074210403872621
1.0302735913967491
.96657496878560467
.99964537164919454
.94609670129249313
.86291504407122221
.90587700390413817
.89494132550890904
.84013451554935281
.95870557248206201
.9341476025791996
.89489441475014708
.92265743697799218
.98101344467351881
1.2992908815898065
1.8694468280750702
1.9855141224097197
2.6087050421426574
2.7013002714476557
3.7050887173845655
4.3957309378913978
4.3638082330707579
4.459185958314249
5.0264845431368075
5.37275372863445
6.2277170183678692
6.0145478895582336
5.3790270752505487
4.6877124889000541
4.5836387545421102
4.59291978317993
4.2628887552850347
3.8098341026564699
3.8281597837055186
3.4991820915178651
3.0824600777962208
2.6488874082544123
2.8649289439027084
2.7210133540204113
2.4822760954419087
2.3565827056967992
2.1195636927183257
2.2923846669108405
2.4115900677704989
2.5908786210798107
2.5229625255911516
2.724602988540004
2.5843474595608158
2.5272149215926976
2.5741888310239061
2.7059580608438996
2.7520306261176093
2.5719661528580895
2.3012794725791657
2.088012549611137
2.012037400929664
1.8285707118900012
1.6219568549226613
1.5183318974565536
1.4063304147258751
1.5632250267144119
1.9985483890129925
2.0695096752271982
1.939434982938697
1.7819492172170164
1.6261228186724139
1.4885018097580387
1.3295513071997151
1.199146139193346
1.1498356962451368
1.0598842498816488
1.0041675225686204
1.0323856041994459
.98252445173324354
.90857649400149787
.8707365571383886
.86705605382497375
1.2247556471600713
1.3165312174531201
1.5887838238403496
1.7457298596665378
1.6897071180254131
1.5727935103320827
1.451376087680518
1.2927371578552667
1.295331966379546
1.2020210023910267
1.1149214268262924
1.0492023760111353
1.1306391701356664
1.0930112677911237
1.0408178895900992
.96219734089639564
.88627043489165092
.79891533744999943
.99343454701492762
1.0045213232608405
.98035105963523672
.94854414767290574
.88436380305729478
.84594880366570224
.77506024915849081
.92368107575242131
.99611598313042271
1.0116703875102488
.94069672907745583
.84638698969993986
.75070258392997036
.6671439649817037
.6217916751279231
.64589120398788291
.67249843531939379
.67116263469294946
.88989201815171459
.97176709012053264
1.1052591112880881
1.0789360565881061
1.0013273214411402
1.0564335162603915
1.0081750666705358
.99832519233795125
.91205944278069173
.84194552383172738
.7739771378328939
.70359936826816583
.71372955068733213
.69516438426609017
.67416878211758258
.74316864092320556
.87302421308278344
.93622650679319752
.91061594865004225
.89785587188225291
.8611999429766708
.82620358585981246
.93820360806266234
1.0435501386151589
1.1577762007887153
1.1323999007656613
1.053500942164916
.96448006848838108
.85200996446234412
.76778233919231376
.68180976242562374
.61397674968008742
.55468706593091477
.52628035372118753
.48901613677524103
.45767322208518341
.49711526453237742
.49515320162835447
.47280912826119265
.50592177882979872
.49373173336788101
.473919324833601
.52620427713119777
.53041572795162439
.50498075615674276
.5088335638892616
.49358516377040357
.55467168092030306
.54354808420334355
.57456792558328362
.8020221609650775
.84884091425541364
.85289997249030325
.86825173257211696
.80284021750500278
.7530065877522385
.67627859314322958
.61418442812360297
.57695706188302276
.54430748654468941
.51333768935956303
.51802252596824461
.49033617072879176
.45539399031955946
.46679115729538723
.51036090228915598
.52123743811453094
.70774222517218954
.95495010547532944
.98904413292927962
.94307497640304061
.86280102634788658
.78861520119333783
.70588249748153042
.62492085270962794
.57838536677027386
.52575411506822811
.47862597953485791
.49706730101330726
.48952027164177209
.46275408031352833
.45941455272483006
.55429703204003589
.5595873144076069
.58798619804078733
.60934388746629342
.8726569922424382
.94356125514381828
.95222444653178251
.86479378210196856
.75561769393886935
.88581372291285543
1.0923941468966505
1.8203018180110115
2.4999727597714907
2.663787033051654
2.5513260119912946
2.4257245816026312
2.1490506694820111
1.9941990478050937
2.0265675175866535
2.2470867643296621
2.1389153763735442
2.3903542329958349
2.2796282476133634
2.7725276044324825
3.6497176655309658
3.9168950869319823
4.4323488381878855
4.1738551171068243
3.8040926608442849
3.8547430507176346
5.0496094289828051
5.0668126188363738
7.115549336578308
7.1997667483010561
7.9107023919146879
7.7819377017659424
8.7729691498192768
10.316687760988811
10.030173046812386
9.2820508813884803
9.8005771108991286
9.148265317180913
9.6487592342766426
8.8669094541658211
7.9255754061245103
8.623520063862145
8.1274378777342946
7.5587183273142307
7.404737084823366
6.7249821612736236
6.8203592688151078
6.4955017705810842
6.2724746272938274
5.7076617418580247
5.4466967209319312
5.9094492815914093
5.5987897459687677
5.3931385885608112
4.9450367180131307
4.3540366606661225
3.9432219485726234
3.547970024038213
3.2680993068445692
4.2172877988735893
4.4587144825482046
4.2519449278872141
3.8707368515374987
4.4831924082697983
4.3529258768701835
3.9934820812709626
3.9021035149362633
3.6332412866721198
3.8295135296514204
3.636396146763794
4.0246075533906422
4.1197305453178048
3.8950678779030632
3.4803353692835048
4.3260546570956722
4.4455731753417593
4.2772266589216477
4.6060079629128774
4.596748217417864
4.2504464392113359
5.0203067670425705
5.028390135027899
6.5257708528641825
6.7895143545206178
6.923823371546745
6.2914653799592735
5.6847752697982781
4.9559343423074367
4.3798340010684162
3.7798940952041309
3.3038521740042195
4.4718280232632512
4.6067692663925381
6.2336720358036759
6.5215451161261573
6.6792219280257221
6.1290736935819172
5.3338073529805987
4.5209773701415328
4.4128750764340063
4.4411549309381213
4.2538978620540027
3.8950685466717307
4.610960920368532
4.7205443829739586
4.4737207131825008
4.0498270395637599
4.4985133986821708
4.2981535522015681
3.985387819668424
3.517316956847119
3.1527711685853386
2.7831808315608244
2.6615526578388744
2.580017804532984
2.4022637826496664
2.2327216229683979
2.0359661734682417
1.8503045796946969
1.665497965701487
1.9033918093290658
1.8944682424233876
1.9258649843208904
1.9278392030011617
2.0429726994052273
2.0197376282251644
1.8873696427830027
1.7097232062568792
1.8225937792007876
1.7833694669970175
1.6764859887542005
1.5337671915796285
1.7039696631065337
1.6647409729102931
1.6714869585928758
1.633164949884645
1.6863629179110995
2.1484383705837371
2.4713973291762645
2.7119436686288965
2.5696345874685407
2.4071461731240253
2.2336179055122085
1.9872556444326592
2.4160184605039965
2.6492209100163437
2.629829022112967
2.6154621601290899
2.3774782972148003
2.0915140756808772
1.9058545788071866
1.746495489342375
1.5674402411592143
1.4664562304073012
1.3668800816697309
1.247217438029611
1.305987067692514
1.2524336581498592
1.3721370566067552
1.4281445382273799
1.4667981586253693
1.5836139797130666
1.7073706340018278
1.6561781571540528
2.4782429308814486
2.5961158636769879
2.4613400276633488
2.7084534065570716
2.5682861021865344
3.1851311732281871
3.7293797598414353
4.0946961084141611
4.2587870160905226
3.9084392549058515
3.4202975158925795
3.3640640114873559
3.2151112866412044
2.8988622702256595
2.5159355048704679
2.5178894874272304
2.3892053490672156
2.4705978547613103
2.3415323454798216
2.1980825457761961
1.999405108783193
2.1600984547444058
2.1104846469575431
1.9820724287576668
2.1988409133183531
2.1556404813946282
2.2033504468267773
2.27497943182345
2.1298506985970329
2.1721139890008505
2.2168803764835796
2.0829567262215667
3.7972777371143058
6.8560969470260549
8.3218800644250237
8.9567462724665567
8.2334705622282183
7.0853921605465739
5.8671292087804492
5.2831570757892434
5.3374782858839227
4.9217754627570409
4.3863794426774128
3.995123032882451
3.5220674980619235
3.6028009814565887
3.6306433261090683
3.6284840632316238
3.337473342072887
3.0420232289735289
3.4281758113185599
3.5498921142690398
3.3411267364838722
3.1522314180917888
2.803654250365462
2.5354402300969747
2.459682992010749
2.4610570501649236
2.3461021801533777
2.1677136433401274
2.0487709799403198
2.0979488069420684
2.021340126356201
2.1005552655895121
1.983535430294963
1.8030940531393249
1.7131553842337408
1.8213378835096432
1.8826757168745603
1.7933706319232792
1.8412824870855806
1.7989876078119098
1.6752673813784336
1.5105131484192027
1.3747728161718087
1.2941047897155593
1.2519205131510678
1.7522643189901677
1.8727072185158189
1.8709720725339649
1.8430523613602672
1.6914331699817162
1.5126522515466536
1.6245754930248004
1.5572543250357385
1.4980656143624587
1.6587587913521584
1.6123544399382412
1.4904019474104551
1.3491739497484057
1.2916495588680641
1.2092197476360176
1.1179708181169485
1.0709676044736558
.9933658371975288
.94707619513747532
.89014605859093687
.88247580629630662
.84431880419821781
1.057662899880556
1.1116078132753955
1.3237777463821523
1.3430085240050074
1.2599457531515914
1.1622487485916868
1.0670637524765194
1.0289259187943065
1.1810365733313692
1.249793970590761
1.2094030732350101
1.1017609977842358
1.1070625349324632
1.0324505239559274
.96026228491843879
.90227759108344663
.86246771774607445
1.0160681359472465
1.0455186119241668
1.0293017822425938
.96842682803002922
.88902321888347635
.84466139217156511
.8312970145912888
.78018481333787049
.8937972931542425
.89972516131907321
.86431343909698821
.79735180351365897
.72089448150699464
.65944060053749143
.76811712735905924
.76868182822094233
.7490046154855905
.81765929160198769
.81995423041728377
.89337654002159572
.89342203747655857
.8382471314797052
.75878910907157249
.81528207857893109
.78845137479656602
.75805114084660608
.71637104815340658
.71002424401318631
.66666189861721803
.61325877406720863
.66891682343198433
.68743771435700807
.66422665013350757
.6800177542745679
.72290267365244876
.69771140275575083
.78495055903630062
.77391158478924971
.72551147958322393
.70240168262941594
.68518222050940136
.645736510824511
.59748426169620372
.54513860623915777
.51677638803305781
.53874894507262594
.52438659651626918
.51236165504106268
.63063645088766662
.68133039942085039
.66717887586232283
.62207224782303305
.61857742079932498
.67678563288830973
.67057178889697744
.75678809200967556
1.0059298808469748
1.0988258228135852
1.229896967038568
1.170585739182064
1.0500340954642347
.90885225837395645
.86315140514375932
.78303940183436604
.80550546825646041
.79322129261598451
.78406704006978967
.76325213761732258
.70317574131220528
.63308558038943752
.56526770295283624
.70328483905893657
.80979481167802503
.80551814823469003
.74791610557612886
.68413788015332355
.6152408444129982
.59950812368417639
.56685447408478196
.60440821798035671
.58293721050163039
.57700028804109216
.55332948777655633
.6221662799733727
.66602725776090366
.6440519824496389
.61609860230499869
.56191904427657779
.52750187338475185
.62957076818841684
.6401365697450333
.6430511098598839
.61427697642905432
.56610319606401727
.67070080807515309
.66781159363686682
.64431386228515208
.5897788783966541
.54554879507127629
.67314748118945433
.72304664875408275
.70477095405120904
.65132019793209706
.58792292453168116
.52697624946115929
.48516650114284382
.52871967043690282
.51775738387166037
.49619263988206275
.45609256639987372
.4266946407646206
.40970194268408805
.45561716983750333
.45807618278154377
.44112253661100242
.41775070033440831
.38650637449280872
.36120850361858403
.3406197950045432
.32045372900813857
.34081574503678719
.33571236480788291
.32585793606102231
.35238821516080399
.36268661107496447
.38590409348479282
.38786199326227083
.37392463596154885
.36415008201835458
.34363170301658447
.35627751929593132
.37599731625500932
.3824427053040923
.36928421797894817
.39459254224661439
.39463216146541097
.38614548320805137
.3603684506359548
.34647214827650763
.45864601319417669
.49667431233346193
.48958430411696396
.45190151988517208
.40743628438694024
.37510614338111697
.35365896608615549
.36496050877166308
.39010810736358892
.38464173475013269
.377648958429736
.39654383671843635
.38296381439369664
.46552135338196321
.48339545580084259
.662028264990007
.67990342364724177
.64288498443603415
.60205480154674007
.5412055487973243
.48120584299269503
.44934692641288332
.48129117905963065
.46501029122980153
.44233007196113278
.4435489699093153
.42376053079934989
.39318902865502003
.36454111007507123
.33376217913278067
.70909762175505253
.82348389492273721
.94512991932607282
.90497264195903337
.83788375659106873
.88063469906966374
.83685949247617064
1.055822178816805
1.0598127293819963
.98536521695660484
1.0233464328497062
.96012650446631609
.95414675598730869
.86756736621464825
.7982329899212568
.72694380912932577
.75910230047913063
.72262340387913948
.66255797381119397
.58834273814767934
.53297397663774171
.50099417529512846
.49918491231165507
.48335182557758127
.48520404848829141
.4583508047168105
.4392155564122483
.44141714115071434
.45301906099682859
.43294660819508751
.40047302530057693
.36454515306518714
.4380206753571374
.44432750282720002
.46357145135896943
.55944604060743031
.57600868189497989
.65991847154245564
.65344580136397801
1.0410377629137941
1.2387588442081887
1.2993021096462534
1.2539948069648184
1.1201917515566457
1.0286034751656012
.90374549006232063
.90623980225366618
.91141951049990466
.8457083331042704
.75222851827849124
.65987762622814061
.58961825048297323
.53083463418730559
.49966228464376466
.46206090420337881
.42282577915142744
.39004866228495411
.37074896119605644
.39717592846155342
.39436635574356027
.38650113487952958
.3631429171884073
.33675010268255773
.41949464132332726
.45238109184313124
.48103979590641227
.45837406191742069
.42436483504571687
.38412506941024077
.3951495431758496
.38847064756371608
.37535907876614422
.3528708232406671
.34590893243209286
.32784452143173765
.40288561745380619
.47596123294535919
.49240603329854721
.4654605219443344
.46752795586304291
.4432581769879681
.42511250920231386
.39423081933154902
.40803662352590664
.38901997109219444
.36800026466540831
.38324800232158573
.36746952359121049
.35830547108880823
.34488905646920076
.3763344787548728
.58690416100118881
.64473121865131455
.69524163735961819
.7061973725845091
.68937226888211056
.7778509241863939
.74946248303539154
.68085101657291414
.5984672007046532
.53972079566643183
.47849746748731009
.66758344872973163
.71930718033037622
.74589780211539936
.75545331235770929
.70491225464687235
.6618035672462903
.68435634632740261
.64311481800760739
.58183757010841097
.51267836905289732
.45039876358909509
.44682548072126399
.41884717239255526
.38620885572986835
.41721832656433605
.45266470418539018
.48295318515639091
.52948445525731203
.51916290023986944
.51521208730457857
.47960022236787075
.43326487578348927
.38870325080964213
.36610962027468846
.33844365187888148
.31663745785720204
.30046924008882853
.28095026093796727
.26360903418323989
.28760539679422514
.29149105865154423
.30979753792646442
.31222658023828664
.32245747377197526
.31129568177285633
.34703258028771017
.36348416282397317
.36439896106548464
.35469574882686272
.6103429682525725
.68113727874489594
.68555145323299793
.6190810895630644
.54153117697394726
.46705636666798661
.41217719575601847
.41942605306027447
.40432629690775951
.37740934245400171
.34487763209395961
.31212112070324588
.31000421816988016
.35367487932339708
.35273038113070904
.33424512793686856
.40842060405794267
.4226784628435814
.48039443632501405
.47012242443064745
.4488311452071117
.4895633779183533
.48151753289934435
.46659397344386189
.42681403433694592
.38480999044587871
.36440792651240994
.33431978093027975
.31273818551323562
.34505587700952273
.34696921964425431
.33198008815072239
.34568464415836808
.34973214987737256
.33420247473147774
.38117386496116978
.40489306526320756
.39258274158273448
.38136356090020862
.3869895956201222
.37083337405587663
.3431395361106464
.39202086263246044
.41953186239620871
.412414144676988
.38049483565510317
.36581211930903978
.33663994782881779
.33067530232933257
.318724931727561
.29751774324491864
.33297297109274582
.33594572540969658
.32032051808686718
.29447601832052195
.32387737494784224
.35478763379672729
.34770714846513284
.38644549240291132
.37672381823270695
.35275530540204053
.33177031188528155
.30251393465305237
.27606218683870076
.28348182297041707
.33341551054466695
.34462001969192008
.35586913240810158
.34266578615504911
.33455920717329274
.35570281066947806
.34948472255853691
.33807620911074809
.3305345978597069
.32707044174950928
.30788529778056495
.29479082828308578
.2722035732507716
.25129751294398361
.25915353142303199
.24998927469716831
.23655823249798319
.23621172948711319
.23608459317851066
.31662078774921709
.33232997453122726
.32397915127505561
.32860042941057216
.35129453155442769
.34449493964628308
.3211772632809678
.2917400309281345
.31863421409572168
.31047891652062753
.2982982299951687
.27534701061664235
.25083861754532144
.22829434428255171
.20922410832301241
.22078588333177684
.2831828048146921
.30436022786602179
.33093002183470349
.36824987821566446
.38713156340672217
.37039402731232229
.34933305941467618
.32764931739625158
.30141537313635741
.2827814196476755
.26734240944994236
.28753712458559239
.28989861023087254
.27787833192239464
.27359958676689444
.38779989490719119
.41698620266292291
.40328037835306074
.3652463035694023
.32232725547353147
.31043972462218
.29009169333478574
.26728520574415338
.25598135863845345
.2401004047423117
.23332653997585318
.23124103538950386
.28468313828694908
.29040324173826104
.30275283699029393
.2869842893199826
.26831214644888124
.27078246269515083
.26173600854736256
.25408063321609892
.33687717048258042
.49427087158940408
.54733895406451083
.56756844773609727
.52218667935032792
.48607375146130727
.43693342673253482
.39966390547426167
.46870086305568343
.46171751778592296
.43203144346004951
.49670493044784508
.49627263841708508
.47331876949446799
.43130896742430813
.38496924466221438
.35206518223264743
.32761505031797949
.3071300558765504
.28376403000671468
.25963313191627352
.24221967791736002
.30305765300400722
.31504403394374259
.30608509713917859
.28948823507511595
.26751107570415922
.24940889413362669
.24439422743449399
.23395787704204019
.23771828475429604
.29254421516985685
.29999591136847226
.2884936003147518
.2772409810739222
.31420386589696975
.32649618750221848
.31267125516177774
.29717563359528115
.28149771960945985
.2596004111592734
.26269704763172785
.26671088890151951
.28388471043433827
.27545701093729369
.25845123557984773
.24313655986915642
.22930688443927613
.25457781034827648
.2936611257840932
.35580499341257815
.36506638378732559
.34337176063069597
.37114353460365002
.36812928559421654
.34368112444151683
.34952733684252607
.48259675621658576
.65229815487549081
.67234221320013299
.64232079710581202
.58677647400825594
.51724643784459023
.47422878019976755
.42959792108207218
.38760232770284059
.34793049536374998
.31030052226841853
.28691295638141229
.28300084878557086
.27447770677279587
.25829953194642219
.23910650141432907
.22288955698840382
.2081809826211852
.22856510548787265
.22695497418358321
.2272119319270611
.21566785454800164
.22301617813407607
.22377058753172871
.21837579460388584
.21739122414326495
.21242326696214126
.20136805345026376
.20368892911710224
.22309307579439733
.2386216923008844
.28135394741468844
.28127225149847956
.27587785814659976
.27453085302156266
.26979952442584032
.27662494536414528
.28134177149272738
.30984429576550504
.32536599771105423
.31062273544466196
.28521559515339079
.26581876807057409
.24246599163468244
.2400264674914579
.23351698378238242
.22487557712139994
.2512261833486889
.24907567609873199
.26783304913795558
.27138791648220834
.26775118263983338
.25525966051832993
.29856060246389304
.30175967076713445
.303976068272508
.32002770648236223
.30597395661868332
.33543989105421201
.331159959858705
.30846515825213328
.28928082869234223
.26411078995195719
.36248184581786758
.46476470613436249
.47862379914635944
.44712778124039404
.39405150837053676
.38575571596360109
.52766927102429306
.54617168136513461
.51713498862359331
.4721561563153403
.69178459251447111
.7219726021113746
.69908591273881449
.73644897107066531
.70546842959395584
.69165563982837719
.6861794603147876
.6501194947085116
.87801227490411315
.908244146803035
.854810059979626
.88356416587518916
.81505920140434807
.75473213674630535
.66090045795573904
.58330521358054643
.51454630621556152
.49228092133053553
.44926654970742685
.43119549874943602
.39770645304020397
.38134848946007227
.38665280586341677
.36566578416495066
.34378279440175386
.31740011113904787
.30244032863372383
.28341680816181875
.32275424295788313
.32358706844798091
.43602528338857077
.54712047390620466
.59571568431205191
.57526940469225807
.53412133396168127
.47555557923626662
.41549682954992823
.36761993767978057
.33257794544970054
.29946581781130116
.27394622963353848
.269748523817119
.28581116967742726
.27911942772708581
.26330693476020484
.27818498153002474
.2703581092743837
.25466884368230702
.25035546527042385
.24026675125177341
.23671718990695093
.31488163098596261
.35081638180164104
.36076733667295874
.37293609354425744
.34997232126437772
.3651366582798144
.38421190055686105
.36627031703417384
.34946758047111892
.33453208413988555
.3513951602081159
.36845029450246825
.36955796746931274
.3562962914328231
.32976268486277627
.31749698030060347
.40748900484582351
.42149899931607948
.49243060413365369
.47939088594246959
.44947066386955609
.4350843594308918
.47051852849775133
.45208420402346439
.4150740355072553
.38443203737452114
.35760587515219322
.48150667721716306
.54610550173967931
.55259694801347459
.50599012585739966
.44364377950106909
.41254250088399114
.37552891180486381
.34169835024609269
.30686161451745647
.27841561292461053
.28581027345677495
.2850564845572236
.27459391058326948
.42752482172791212
.51755629037384188
.52418836780890443
.49273104577631804
.46747552135745685
.4610623760960243
.47394385941434281
.48234842932385102
.50590425426626406
.51631907490778362
.48050575801590878
.43142651804496579
.39249985315386304
.3495067561438483
.31232716741954908
.27859800542217056
.25467920864747462
.24109207306383834
.26754501569477679
.36044927952553035
.40886492797244761
.41168011315658393
.44351802724449141
.48126557306594997
.53356122480956847
.52159329994930881
.50490935797213865
.45448259198457786
.40944202894919118
.39277890802515858
.41851711549039861
.40710032755148245
.39039884886457754
.3574824546925241
.36091661580771511
.34007643460219178
.36267217052031292
.37358681727180909
.35859528684576186
.33270056477804494
.34509254195486927
.3599352092501617
.4133478845530944
.5232601400999719
.54077322591041765
.56534394611935568
.53836663234128079
.5121923805431351
.47103413349975415
.45870809054381467
.80270269415845685
.99410208459051541
.99586860930632271
1.6011400383162684
1.6813497524491858
1.5833620964386308
1.7619433058905838
2.174043767745713
2.3599769858317523
2.4034025224303006
2.4631757130012355
2.7146778218704819
2.6689543264302218
2.4084827190317291
2.0555431837148022
1.7090822688481999
1.6270339568975891
1.4814251041847608
1.8321472374370726
2.0110724481991133
1.9544281593311206
2.0113052014668682
1.8426381200531268
1.9272290880994996
1.7907358634387507
1.6054065681449388
1.4017795735377427
1.2003829610125591
1.0318357033493091
.88831202830757794
.77459984593261544
.70381409757091873
.64883575155267137
.88667688370394115
.95816587578076395
.9832627742413661
.90701156752220391
.88382551925822583
.89088538647628734
.82967770984942057
.74532828301901421
.6940522798439609
.62535242292513094
.78169714415664304
.87191802513109884
.85316222991338042
.78531067765144458
.90626533508461793
.88437989595237176
.88218433532573326
1.1005434501904352
1.1022776847499594
1.0325150712002082
.96225766796514689
.89337717590851784
.84847815463513276
.81967600127167184
.80085824432682939
.94136119501758753
.97797194525857434
1.0094909561681356
.93558992447567024
.86637776353785489
.80036997080075123
.71361401674411096
.68189804261167875
.63374285975795497
.57370321668920854
.51120314112709719
.45449607375445261
.40901152190540979
.37560577677472934
.39095252345347542
.37994964192293862
.36053955311432589
.33555358073655356
.34478138757646903
.34700402359757909
.37066010464945354
.38805740243438147
.37523678768336099
.41455463895944239
.52542985992471614
.54429169785697373
.53616469085076934
.52989416769356024
.488245611523562
.44445725643613387
.39567388535507947
.35473381177379254
.4022235187417616
.42163794240087027
.42513992972413733
.53084044210674741
.54953276333843626
.64499782735065747
.69432588226751335
.69457504671903547
.63822584835802099
.56187289027339349
.49740275180043586
.45211215019089351
.43281865801012837
.39837637958016864
.37758609374211322
.37991645573064853
.35893572859435968
.37513827596964994
.381909493562053