3.5911058641973308
4.3896163923862845
6.7390768405991102
6.2688738274466367
6.6516693594929883
6.6398059255185355
8.3651602589254903
10.135512022189591
8.2023818835747235
8.4455385551778477
8.3818728402474303
9.6058928363934957
7.9103965948150332
8.2950949883319751
8.3309534702247685
7.2637286297403847
11.489787953718389
8.1267869025637758
9.3691593280490899
8.5432798695076215
10.446193196249562
8.4756045682775873
8.3979090785773831
7.8111323727571449
9.0631983750008267
9.0409309010204222
8.0623664099733894
7.6931606429316837
7.4131692288574662
9.3809607582466725
7.3035293798586913
12.254662905073618
8.7880049637386755
9.1906926922467171
8.9531557751019104
9.2074143080700441
8.0585116363513762
7.6136155857970831
8.3247161911167353
6.8130287779869887
6.4793562955956556
6.1425097857390547
7.1808407283355029
5.7613004774788408
6.9213783724031259
5.8158824985747728
7.6386854801433932
6.2390419531249499
6.2402001481204366
7.5536394469694077
6.2440743160310124
6.0688289339745305
5.7817641418762191
5.7367549712247916
5.1414257891695314
5.0105052985881446
4.8548911140774837
4.6115961117464535
5.3427624680634347
4.4363307815739814
4.4262817008578601
4.3374637366691378
4.1225141486066965
3.9220338598675348
3.6477299737193496
3.432392169879336
3.2516803641078309
5.6828471182450437
5.237634153182448
5.0064969964805366
5.2142201055014112
6.0238239083704004
5.334464755553979
5.3256878193191701
5.0798912641023897
5.37316480771673
4.7393867274570542
5.2285156766164986
4.6472886122258013
4.3981384754537522
4.1904061091271512
4.034783018794748
3.7296549054888097
3.8465886348854612
3.5091095319730683
3.2880297477975038
4.8809698713382446
3.8515365085999562
3.868926313035506
4.2670600248748638
4.1932951434376724
3.8973709932848264
5.0523741386290624
4.0070287869462646
4.1622329139333383
4.5220795514226033
3.9941389619066152
4.3814280953037992
3.9525419447326926
3.8266755138866726
3.6051409765419091
3.4148548627718571
3.1795829181310409
4.1001386861734757
3.7664069758316452
3.4514268978067069
3.449446740721863
4.3749380852575328
3.5796225365326828
3.5415504150511179
3.4186161550342091
4.0608036313633997
3.3484846125614181
3.8204408177540969
3.4124743529448631
3.281639113846079
3.2730171104655681
3.2689378581446484
4.3112565279244226
4.1203918303235891
3.83407689354397
3.8902092243587125
4.5422397611827705
4.362753686498742
4.0584137585922297
3.8739813363614646
3.6750797775195383
3.5073222244056299
3.7025543856061822
3.2854485527384329
3.0960334074484308
2.9792765580075069
2.8052891732661878
3.2749103393006673
2.7362733339862522
2.6811054736832483
2.7401883577100588
2.6450901730269174
2.4741706954427598
3.2572724585782744
2.6187401014961531
2.8583360134776896
2.674911739149946
2.6491996462354908
2.9364587040916574
2.5722355723079122
2.5478793771725963
2.4380788013595351
3.2708197438273774
2.6431621517370698
2.7095869180170391
2.6339506948110296
2.5385759526245728
2.4120497950194122
2.4937757438096693
2.2363905337942551
2.7732203079036628
2.5216205156113536
2.3848150794365943
2.4383972081966778
2.3220020353182798
2.2591084051167112
2.1141641744009845
2.5794285649704571
2.1324222598088607
2.1163106500664557
2.0726813482738518
1.9888740714205346
1.9348416640392345
1.88812703613918
1.9996783236202749
2.0757074265479578
1.8732403241271947
2.0401671985089056
2.5771118400366251
2.1075501293227461
2.1652393704994455
2.1385108721168149
2.9436497179153642
3.7601300006764213
2.9378096818325248
3.1242889869022208
3.1466670842921576
3.0352949134355192
3.2235058021635279
3.5133865457149489
2.9081416721032309
4.8009429484145363
4.257190726360137
4.1457952888234004
4.6389245820824492
5.0050138798402566
4.405765756020382
4.2256764579771788
4.1372433279412197
3.7912284482842717
3.4400442554139401
3.2084680893573676
2.9744174138708868
2.7315625881251666
3.3131894918219738
2.6288137157665807
2.6173419981873294
4.0432126878065109
3.0144132541830411
3.0740881914360227
3.0763186559613227
2.947617175543134
2.9191955437485393
3.8192950640176266
3.0170258669677121
2.9827270996869863
2.9486337073373821
2.8327585826223527
2.6651195908338159
2.4740702678295388
2.3970985722972813
2.18647390501414
2.7937379389805672
2.2562826953907846
2.2499417223687788
2.197419762528229
2.2783782549926794
2.5373031234690782
2.9775082945604625
2.5572365678378515
2.6611299579955672
2.608716269829586
4.1561025694662161
3.1918875252456771
4.2000234318164882
3.6319089062372036
4.1519385658235386
3.7203024709976549
3.5836683746769973
3.3813994531025044
3.1579828510391832
2.8584913937557124
3.4536288721276462
2.7520274427687497
2.6796621402708656
2.6558597255411973
2.5337720128019838
2.5423440165921516
2.3925798635839177
2.5826914717463261
4.4480839443875251
3.446543464750071
3.4518313246990795
3.5882864977396993
3.5826846896343261
3.3501916644202403
3.1010831627761846
3.9807139083126413
3.0212341687682343
2.988121623862682
2.8697386448129185
2.7433471147849229
2.5684139099428034
2.3653987513873176
2.1955861793110594
2.0907671172416071
2.7183418711347649
4.3708749165544774
2.9533206327173454
3.3131406583250542
5.2537979248670643
5.0964880675512108
4.5080672550885721
4.5830801891783164
4.4330869621536726
4.9248684827036584
4.0397063686450023
4.4097851156816841
4.2000087016628509
3.726433907274211
3.5597746082915478
3.305863835220924
3.0406351178874251
2.8105833114573691
2.5609012655573791
2.3778087351572261
2.1934607128688519
2.135637604091432
1.9415608049172581
1.8438650835507775
1.7472257287446047
1.7430299541249965
1.7588838261882436
1.6607726678617747
1.597098103431329
1.5879710834041414
1.6033137339591863
1.5234940724662775
1.4808177018139521
1.4480444340256438
1.8066401793086426
1.4983838973972086
1.7418765460529639
3.0086567915714224
2.1598313735427084
2.3349810370104453
2.4034017670957644
2.375098229103985
2.2820131113298818
2.1350055016807836
2.3189852964505699
1.993974179428226
1.9252547374374835
1.9861715131813706
2.0551498221036306
2.6373659994628968
4.5165524278167659
3.1082532974868822
3.7348086406069263
5.1132754265351066
4.1507421490197869
6.1251899137985308
6.8235262683019355
5.5330248545199172
5.7487902451448836
5.7240857309598638
6.2185473533564402
5.1003382444085883
5.7549645011325694
5.8707532560342823
5.2823576989026932
5.3925802096037811
4.8230913023067323
5.0650854443376172
4.5498880448477896
4.1495220582356129
3.854109889698961
3.5204709440092237
3.2023112628795731
2.915969591519715
2.6603612128487186
2.4516160449374991
2.2837954633968911
2.2149656330605096
3.0027332622298952
2.2960353217079215
2.897389659453621
2.5969359892348032
4.1397011837997102
3.3508868948065644
3.3102538150127288
5.4608577232465718
4.4367379553404271
4.3660133704855024
4.4139115034748473
4.1839838140849697
3.8779611910090521
3.5940901831777841
3.3621780575154152
3.2825280919035231
3.1045338873640507
2.8486949732749491
2.7368880039678478
2.5930705023669569
2.4284947456417818
2.2619534273392059
2.7106627917496273
2.2586983092156618
2.2766960369865719
2.1646995308689845
2.9109995674518334
2.2851206226169158
2.3197845517669298
2.2795585708085437
2.1597473860647267
2.9497063122860299
2.2414969906606257
2.3095750119708409
2.2434224481841363
2.142418846429972
2.6645147572703021
2.1303967110761315
2.1574124970424857
2.5971604142436111
2.188490269483204
2.2888953339927447
2.2204635373334782
3.9556918171386455
3.0836850784168206
3.0710670402784905
3.1516356348951731
3.0751415563675839
2.9836674914943164
2.7750698264172269
2.5306974551349866
2.8423443823706522
2.4798026616211684
2.7656736961261523
3.2967585792144867
2.7759339662124862
3.0643662735285777
3.3615170217901178
2.9496160391499693
2.8810400636894529
2.7697792389843587
2.582211775192818
2.5836185737434025
2.3476286132357238
2.4213683080489856
2.1420641405557492
2.2184990088295264
2.4282218838110685
2.1233886722157336
2.0912544273817657
2.0312992500602562
1.93810171174353
2.1169992001443885
2.8525018399687561
2.4782312423094783
2.3811631539503324
2.4259030877915753
28.62549258515968
10.246269345058614
16.525324099295549
17.412458271524748
17.652161046778968
20.108814904169758
22.762513781517008
17.0925234644155
16.659442692327918
15.389954104094613
14.441329599511668
13.460433506280323
11.246401934026682
10.141734056967076
9.0371755763026407
7.9513245793449467
7.3642717297326206
6.5796164156786148
5.8850038233422755
5.3723254132900227
6.2016436876743217
5.9678861830492247
5.5500776511264425
5.7783070574341018
8.1753667439667659
6.3982307408942454
8.4264996431964132
12.321624073486499
9.0738954829887764
10.86196719926104
12.025975798233016
19.567411352123802
17.137560943712515
16.324141096256213
16.455750489742119
15.698322585925098
14.616141869621638
13.047410983355908
14.053946903614086
11.041873881228542
10.28847593178722
9.3132015438270361
8.3980161026974223
7.5201899196273061
6.9011739652673691
6.1608444562955693
5.5764644200705282
5.4410758230035716
8.3564116723034054
6.0898256913997137
6.2087717542079517
6.2316186013139809
7.3179241223093294
6.1877529118692225
5.9558182876457071
5.5879525149606488
9.9508233909555699
6.485099810927772
8.1386870738979322
8.5954991740110618
7.6677335531730071
7.5288583440827122
7.0994360943880919
6.5567037332240439
6.7938684778407463
5.831763605963558
5.382564281364342
6.1097682784089251
6.2195606445468155
5.343856519016108
6.4986384476980117
5.4542549440450356
5.6860052270194883
5.4156156391979495
5.7924296086953539
4.9829796448040646
4.8686208445649859
4.4993259432953723
5.4062201919841488
4.9942364113011131
5.7546497986918865
4.8829072427350741
4.91985276765263
4.6970386772920714
5.6552897041086307
4.6140277502390727
4.4844248435622438
4.6973092548542263
4.1738198194616514
3.9242643727069542
5.2420703065529013
4.8884328772330132
4.8498090867800991
4.651032036146769
5.0841617798951146
5.5887720509214702
4.7147949749734055
4.8525684781671812
4.4498657820989784
4.1702881955409277
3.8518189837735992
3.6620242434058876
3.2914674949731162
3.0483625319375527
2.8275876649226457
2.6512807863328249
2.5455382736151817
2.3955159391438849
2.3292036554259092
2.2190172858139565
2.3089376017505576
2.1706252955948795
3.3555729160774241
3.9495150707297642
3.2317163861028391
4.407441277856492
3.9292564947661099
4.4055291188976966
3.9858564601576525
4.4287329026238442
3.9401105493594022
3.7214448715836035
3.4762726656166798
3.5843460528694981
4.0085223205547891
3.2827382938337917
3.2338528727697171
3.1010635122610157
3.3084324488459562
3.3766458233987877
4.754075758515139
4.0819013940742144
4.3252361057097364
4.1882766070588833
4.7773243056887393
4.1201231013170583
3.9590489134263769
4.3488274020022208
3.6588165514324733
4.3553665848026153
3.5756151030087784
3.538940513319254
3.4645120434415726
3.2211761469526414
2.9791819893739548
2.8006467951777689
2.7102066691790037
2.4766526947975995
2.3551145825482975
2.3518286732596048
2.19441829234046
2.3039539749870261
2.1451728993008832
2.0954358980839034
2.0381419926515272
1.9482709693610236
1.8969554453905204
1.8277186635326812
2.4082666491976621
1.9236058176138269
2.4354147902121954
2.4388543278539716
2.615073062867693
2.4133411173289394
2.5934158798189975
2.4782103608079886
2.4667732049589626
2.2634993410090614
2.154981753208717
2.1012001485958169
1.9248338597445003
2.941513248746324
2.1301866837974615
2.9729022232735005
2.4916601795998905
2.5902721948777296
3.2640480368204274
2.7225396869559755
2.6747534098102062
2.5646651665843336
2.4727459207231552
2.2678456557580344
2.1136341660359301
1.9603547085024791
3.0442907963529464
2.1496247006336371
4.5342522770042297
3.6060267796079906
5.8882611232087365
4.6602138422284156
4.9237145257340842
4.8519828194965235
5.3921382578211992
4.7950288480748107
4.3555256020868063
4.0594155403201473
4.0854914663490574
4.3840418541762221
3.6209042762985568
3.4672169008759255
3.4277639161561306
3.1725724675231834
3.0551975746226581
3.7955457556077676
2.9862992184769279
3.2562751153302716
2.9815569824343631
3.4990739836407569
2.9583947669109913
3.1528381476157703
2.8337115862275328
4.7264495798998905
3.3119176404454569
3.781145412834046
5.3255537069864696
4.141531605181064
4.2061228307477583
4.1147898381507284
4.9612565672394879
3.9311512382864628
5.0524468799416304
4.047367083780081
6.1147498493658992
4.7609793310474755
5.5254088677992019
6.369949965984083
6.0663482041751688
5.5701254295772342
6.488484626913559
5.5104949793672633
5.7991867335386678
5.1539465455896325
4.8053632696070432
4.3832949339785596
5.1256548597377014
6.0339329335350502
4.6436633316578693
5.0125157969659444
5.156107490065212
5.3307617809812493
7.0774507625828997
5.6347768382614136
6.5893571213342197
8.1966532044925753
6.5164196017515383
6.6350914542741899
6.8683876854866073
11.112872288526653
11.83973725016512
13.879460700622094
12.863619877405968
17.592238645442698
14.603413278115566
15.101016611205251
13.708532244549751
22.660134933028498
21.14362275218598
17.333795716328229
28.472060270272994
21.169935421274484
30.948284747784015
24.630993859777615
24.339346638515909
27.892512218293223
22.376266831481665
25.591367933084676
20.708946776959653
19.386790638847785
17.702213996431983
20.999374037536761
15.845459124236006
15.049444503173714
14.327794217666398
13.01492907064274
11.617445300123737
14.497052449631838
11.719336621293355
10.957216716758978
13.595996534966
20.237308025756757
13.913721833264328
15.668934965121313
15.140114501555539
17.622065840631141
14.333596697218647
13.500470766205403
14.489876496687559
14.037718053180351
11.975518845301963
11.405103015871466
17.838956719543958
17.744537867358112
14.560829018006059
21.346342433533675
18.386448487191554
17.604026153038809
17.037397918963951
16.66377556687867
30.55360856229137
19.377400966807894
20.119649203879128
20.041629238486141
20.882298749918739
19.75955249908257
19.652835883307382
16.932910216268397
15.989147831606243
14.821566996189587
15.98486551243602
13.615095741466408
12.892747226956429
11.909765985879993
10.881897037492955
13.167469645137663
15.909961289022394
20.091853091729654
15.524138898236032
17.963723034757578
16.938201298629746
17.116152144289472
15.408520598084445
14.458948826824859
13.907580592142008
12.223898743122584
11.044979636879649
10.194257165809246
13.557952875004963
9.898032765867784
9.8221764969073071
9.8013004851811232
10.171844870576626
9.0991891779721428
8.4435861176374924
8.0770988767438521
7.4385505308263937
8.0353624323448507
6.8146596722426906
6.4780256530703575
6.7548976665497715
8.7171667588100572
6.9964447714939517
8.0086207584245237
7.8038311501483433
7.3880612821326208
8.6106744943408717
7.2389975518237222
10.20449041135649
7.7845471006081945
9.8562272556675978
8.4449069135012564
8.2187601638346752
8.9934736573852661
11.052927891841643
8.73338950733784
10.006410807192296
10.744012189301195
12.563116829693683
10.486098832978396
12.481433720915318
10.674222306804202
10.266898600847941
9.5373391138146459
16.541559275636505
10.83089450900852
11.114275604099268
10.931605489993535
10.559282673628925
9.4484144095403142
8.7486130121572963
8.7846409539504844
10.063659726950872
7.9969203189868256
8.1031531223584636
8.3814592609819325
7.4431308080274619
7.8756480275837024
6.8241844802342131
10.794464516620991
8.3706612068801718
10.498437614637021
13.29272992827447
10.707577209071724
16.565668897796606
16.733109982396915
14.355796308462144
14.98420237495519
14.317447653791117
12.945963448264742
12.431835019003559
14.063950382532116
10.949349316782614
13.728662076807561
11.67566822884257
10.917063633808374
10.603121600820906
12.547360655934286
11.162417791757324
10.186854456006067
9.9942994589729235
9.1520956019549153
13.492765579261174
10.71655783637121
10.154350885910057
22.727503837444139
37.585738165729403
30.33989031187075
31.490171380589242
35.729559937894535
33.271131996039124
31.080214811011384
30.335585252233667
25.183917623191153
23.424358729836491
22.378571744917153
19.254393880548758
29.635170994115128
20.052614815839732
26.05555698545939
21.897465061174533
25.72004103889326
30.295544832128002
23.543900810127706
23.548850382157216
32.565084914397353
23.949045481069852
23.960732454871934
22.433019875070311
20.662289905131729
22.561197106580877
17.959743316605788
17.31551477845958
15.778715739629613
14.606525793159523
13.331347770925106
12.316571313628245
10.99667378714576
10.041640060720507
9.3669798257130665
8.640591230843345
7.8747345216615887
8.4163020985492807
7.2495834169155273
6.9183206289204549
6.5694420647858953
6.3212269744754011
5.884668167184631
7.1781477100916744
5.8565082631135716
7.0984569274184448
8.1863271434617602
6.993540731063284
7.065506918198988
6.9090760769688204
6.7322089628588548
6.2112585862616561
6.0159748700244959
6.5181458508644639
5.5988614070749927
5.3950363719922088
6.6631605207973319
5.6514400765393633
5.7209279654087899
5.7078590675718992
10.532111065072952
6.9179541236576281
8.4463246936974681
7.9719267604749415
8.9503184802601616
8.361909964135215
7.7534874215322338
7.3728838792898435
7.3446469383059716
6.5832388873443888
6.2880599996618045
6.1496102840817084
5.5837039631983467
6.0558431091721214
5.3224996678656851
6.3409457992740856
5.4018182593535613
5.3451745275478366
5.1454006999313338
7.3430270234717971
5.6721429274402428
5.679665778862379
5.6063129493653676
6.2393247030078438
6.5380302242656256
5.649435363429383
6.9061225790683558
5.8542148691829086
5.7300582519748238
5.4571504948373724
5.4509571020946304
7.6385300224641473
5.5994558512371553
5.8227829397760456
5.7742756516709397
5.7320069620212148
5.5258833915142063
6.3499195008501843
5.9881576059190866
5.442280412544453
5.4060684965489072
5.6132214370802549
5.7816004582696001
5.5294732701889862
5.0636799943873712
5.6039904120560946
5.7430161673852274
5.6855620375641749
5.2274122679955539
6.0873036455709464
5.3169444341418233
5.1630924462524774
4.9303863000524908
4.7381128978037399
4.7979315784162715
4.1998120169557511
4.0131699884519429
9.0630486813921856
8.6013484823916126
7.2465690320622675
8.0445726372873239
8.0805350626845822
8.5849677018826949
7.3773571148220585
6.8200793420018009
6.3426662622243581
6.8925780667049761
5.686180064689391
5.3539184428487907
5.1194973168843934
5.2742738867954824
4.7862286371797547
4.4176994551120821
4.1873438344420535
4.5826439833937851
3.9765632092263203
4.4868670632178711
4.010919012124031
3.8456517519671705
4.5152226837678491
3.8598635383323887
3.9772997947109818
4.6024041192276606
3.870250769162793
4.2068805651190297
3.8378569986973394
3.7023073666553681
4.0668875401656432
3.7138917912913589
4.0019882625982373
5.2544881299148276
4.5434917519863953
8.1427317303808699
5.7954120622623204
6.2872783431252826
6.7855062827890187
7.353780784804715
6.2166041375393259
8.9559144684842487
6.7981979615858394
6.7507158785997827
7.623534546413115
6.4799258508687076
6.1729652037148615
6.1085851030917082
5.4699521266066933
4.9833138397820491
4.5904425215129843
4.2043884143685748
4.1661995636502898
3.6683802620240544
3.4686382117895129
5.6847999743587252
3.9540501571041093
4.2121284942439354
4.2487306367565747
4.1198528448002856
3.8623013089333256
3.6102880043625465
3.3853296579618384
3.1184095365855931
2.9065957541851266
2.7112362658342506
2.5650116870307142
2.6563112510435345
2.7311585356654344
2.47812632745286
3.2132792132077483
2.6688888292730995
2.7225175019416383
4.2191222715604759
3.385665747912769
3.5710942281431679
3.4936512195385361
3.4283748454832619
3.3515979054171456
3.2355765877864835
3.0118362745585157
2.8313243293241053
2.9030838027727177
2.662112606302562
2.7545128659545912
2.5612589978493259
2.7729650454122545
3.3065700749515425
3.0400763294769662
2.9802810683520162
3.5320702118737324
3.3047534671885943
3.1212269699246149
3.0338341009502434
2.9183290142950868
2.7226068827221335
2.5761324771470133
2.3760345683157182
2.5143230863159718
2.2149077138073423
2.1296070535274234
2.0407409331459561
1.9439314731505515
1.8618960454055864
1.7602566583748001
1.6813233183816365
1.6079645341000877
1.5934392373736803
1.5150666039958105
1.4685340290470399
1.7574752530737974
1.5766796976960502
1.7242313047963345
1.6243006739037733
1.6364835502881123
1.5998014472604145
1.5588892207847844
1.4988022868255635
1.4799775698956819
1.4013695807474882
1.7599475334180543
2.1685237511048405
1.8277159388025179
2.452891838721992
2.1521618317611035
2.2518882642841604
2.9207257307299006
2.3611366794354582
2.4280635806892081
2.563271128887779
3.0307235753435715
2.7258539571699441
2.935948528916362
2.7062620967073432
2.6436466184661298
2.520347260319947
2.4337704154025106
3.031057424033651
2.3704849631657736
2.3756474370776912
2.6736896414436768
2.3222026539693168
3.6264574597286554
2.6530477752136195
3.6463439181641055
3.0500044326527411
3.0751751556851521
2.9705092017212138
2.8288900244926922
2.5938584435410044
2.3846791266173839
2.2094098434863656
2.2195536789850627
1.9672808817449701
2.1262177670597211
2.1964049010955589
5.8404592947783334
3.3653756189191841
6.1242597500085463
4.9968660296847123
5.3754510481499302
9.179546392518338
7.393879186389916
8.522121948804056
7.5324210142937327
7.8391813712707803
7.1258663685018186
6.5267802495355474
5.8830665064930621
5.6786992738287543
5.8486948885010746
4.785832033784323
4.6082542220448159
4.2653731883655954
3.9283553719370752
3.5962969270396963
3.7171889660893371
3.1576795446414865
2.9794695493515708
2.8733629252936952
2.8063933172582312
2.5245501957854111
2.4071156535800893
2.2627498355826532
2.139137981718811
2.3044256785689052
2.0129587684622852
2.0051366339370338
1.9394941750380228
1.8730845342694491
2.4399495630854178
2.0043967460732683
2.004964549903868
3.0007549618078446
2.9006877507631699
2.685957703574863
3.9782566920357176
3.2019772359736409
5.2748274003510547
3.9192570072082993
4.0729463387374869
4.0651811395837791
3.7693754450903874
4.3842806077797123
3.6140582792976614
3.5324721590397279
4.1003190907823619
3.8302075602956416
3.4993500154684947
4.0155960018274852
3.5113594482804857
3.426335726157423
3.6286740841120437
3.1391891207072429
3.3120883857520269
2.9699604217395725
2.7810732828814198
2.6111601823724588
2.4816047547847813
2.4577904732585218
3.201100705456049
2.4577814590496492
2.5136757180454095
3.9781583452605065
2.9568489769431734
3.0336568067687586
3.1949714222630021
2.9414520658708954
2.7639681130812725
3.1451553094441715
2.5879709650072873
2.6110377658630113
2.4202205889685242
2.2944938116423055
2.1426259647711055
2.003534719672039
1.887499781401657
2.1190528223575584
1.9591012455474059
2.118174264607116
2.1376568560720743
1.9928812722140743
2.04942133798491
2.2998356550784664
2.0357724276572684
1.9693931851845246
2.3833604229707031
2.0229104039553087
2.5657777744456758
2.1517822348777207
2.1674871465977419
3.3938233167958636
2.6805483323659764
3.1304541405689714
2.8400797242717273
2.927019668557084
2.7969868904167825
2.6261106794500031
2.7194262354157965
2.3609903292613752
2.4008878202466568
2.3192197515493866
3.3339891572345675
2.8764375167742862
2.7049454089856182
3.3214462994923717
3.5383991512712454
4.308784067985326
3.526101620824714
3.5695324141336267
3.486205362140876
3.2638184635268264
2.9827566789664033
2.7530348123254478
2.4899670373061547
2.34969423340329
2.1452818197338268
1.9947355664120883
1.8540463691124713
2.8381602737096601
2.0321387668279098
2.2072154123274581
2.1556764929161436
2.1182164893310542
2.0159891548641369
2.0317956857642869
2.2239193036394402
1.8974392699002627
1.9461676125073171
1.841964589641341
1.8277001449701826
1.7332374509763218
1.6413186033285758
1.7538240358181141
1.5800005673519386
1.7715911935806421
1.7727113092300777
1.6284742951965618
1.7985777879741058
1.6472164404807865
1.6277354742279979
1.8188869949640747
1.6631900468639842
1.5872615302697546
1.5591635535890602
1.4831486191414731
1.5763581135150899
1.7454113384515844
1.6075679835640708
1.8476453876470613
1.6556120622257353
2.2474426166041175
2.0079288448498018
1.9234686066819164
1.9363830707592817
2.2890778556931388
1.9166608024745839
1.8799631157617869
2.9940398905369707
2.2273855139201797
2.2793499074078536
2.2854869708171734
2.2788266147076115
2.1111894502143747
1.9853011806208363
1.8364851568668286
1.7107098142839743
1.6005153212470142
1.5561826009301816
1.4309124885962454
1.3567492728575961
1.3539311345757892
1.2551465805223976
1.2376184850709069
1.3019490432350669
1.2127111837714251
1.1751166919021239
1.5853168344082309
1.3780070235732884
1.5734882892371285
1.5081866568266329
1.5297295150582466
1.5943849480725469
1.6351159380888234
1.5826556187701968
1.5368735537150651
1.4640858415748388
1.5565765266315761
1.3930349020626207
1.3428888698223533
1.2803580259482445
1.5375167732383961
1.2782846230315124
1.2974845092529441
1.272998632645473
1.224655731977057
1.1748089789202729
1.7665157527450834
1.3215181677371317
1.414514956157185
1.3998223440708235
1.3848726383322409
1.3105728545714113
1.5097175244576386
1.2734925859524708
1.3692883378421001
1.2552688344150202
1.2204473631138884
1.1777282625659256
1.536822449581043
2.2018284807309998
1.5961943779374315
1.8123913695533835
1.8114452594416068
2.042997133395013
2.3631891905459113
1.9223043248605336
1.9388873437394409
1.9229580537594577
1.7784146336016204
1.7281708087216998
1.5980494047831937
1.5238251917688463
1.4700747877230103
1.3464753127310427
1.2784639411770564
1.4613629758870574
1.2509240765327521
1.3239025816048806
1.2502399601048748
1.364989274358986
1.3170291585020248
1.2910906818179038
1.2517321911127062
1.2333406579697643
1.1795430780468761
1.154083999754695
1.1007420716277032
1.0466508108035744
1.1156796015089006
1.2915785001809386
1.1162444483934821
1.1405007756160273
1.1194402969816937
1.5263983998902784
1.6735405966261916
1.4305932693681465
1.50098254979364
1.6915533687207394
1.5118383166716214
1.4762754115063621
1.7615811109586337
1.4540104386177093
1.4252652317587098
1.7341773026643503
2.0304180788454458
1.6350324569612549
1.7162614496698356
1.8343890014074067
2.365715788454505
2.3738643798770838
2.0828781030778072
2.1151151108219435
2.3831588760250133
2.0617176293111124
2.3749988812836129
1.9989045360632673
1.9214406242969031
1.8123228002267702
1.8250895915626457
1.6116857662875497
1.5320000099694844
1.4438976182758241
1.4845287588862555
1.3142926281624674
1.2957099345351197
1.2231949229756582
1.1613216533430686
1.1541156911321275
1.09906602718133
1.0375946305844852
1.493670714627312
1.4712749958071207
2.4490008416015083
1.8095876201416958
2.3383395726592466
2.3339538382176115
2.2131771039338903
2.130065899995667
2.0119250102663839
2.2422157347561669
1.8306707924395573
1.7949910048376332
1.6693344938046619
1.5709210353725338
1.522664156547596
1.3845617037959588
1.3222392612483149
1.2455200420599923
1.220304394292866
1.125214281257181
1.0900375124828536
1.3157960710064314
1.4309854639649959
1.256044863348488
1.3365022454384563
1.3156271116278018
1.2776507584841847
1.2155840649723049
1.1603956512737814
1.2153129426865503
1.077732183315333
1.0413736905099358
1.0009453613430457
.98596529145687406
.96699031192894258
.90290459387339661
.93430908864991324
.86678102998224882
.85833359909165952
.94529264923116918
.86942826119526029
.85810687298490651
.83956769991594993
1.042842908907899
1.126477360057585
.986889359899634
1.1256276499896567
1.0625268995085264
1.055806976062603
1.0196583406329371
.97511930248366041
1.8016969970383228
1.5199372963051234
1.4427018773713254
1.5201105706749098
1.705362579365125
1.531115443016104
1.628245258823553
1.495034115875596
1.5557834732224538
2.2740119287779104
1.6751582035009127
1.7825154228427242
1.7551110215953183
1.680661915199853
1.6017765579838175
1.4610378674280537
1.3811933091369391
1.2700329876604308
1.1865965293935212
1.1191909744075945
1.0474340859035978
.98555317863653047
1.1465660564805995
1.0279069397573952
1.0015364739488462
1.0477173613527369
.99989756170582123
.97890359508313329
.95583222032292037
.91460307048242429
1.0376878902943567
.90226953367895568
.91623543650529016
1.1850650619883432
1.0846020393757041
1.2353829987098532
1.3987280560831923
1.8236804350131539
1.6756134597408707
1.6753887921425081
1.6901228174754521
1.6230911332722007
1.5368665125784309
1.681816154857031
1.7278361169774614
1.9268502736320992
1.6234217709156802
1.8318657943154939
1.6851333087611169
1.6087155926165808
1.5396873896415058
1.4460962505013759
1.331746213191028
1.2986256312262721
1.1778130713560984
1.1204088158673804
1.0648343455756342
2.120311278805505
1.3439635691524268
1.5149765715068275
1.599802284745693
1.9301903278793104
1.6144233049549008
2.5534387602236577
2.4433223133777244
2.2722378754232921
2.3822233286349603
2.8086180916090178
2.4061871492848006
2.6722500805944458
2.3194652896168324
2.2084273296637749
2.0878047984874293
3.195945314156051
2.4156544072978412
2.3896322648984598
2.3431380846114775
2.2431671938216335
2.716593877613664
2.1712409971982387
2.1924216279666986
2.0311290912643147
2.0426952045136266
2.5694124734742005
1.9742211955014337
2.2866457277219383
2.0830415928384181
2.8595874819239584
2.3356662760748144
3.192816241885863
2.5787963417245758
2.6739339921783918
2.6428869498097631
2.4141693758704972
2.2699429450218389
2.1828535976483057
1.9492357073465274
2.0739752151209463
1.8970177739975767
1.7357290264944019
1.7380795323180294
1.6285385562254584
1.5136809097837964
1.4252221326626675
1.3614158340447835
1.269855285206904
1.2183413443932114
1.1354145312188544
1.4748337757743513
1.1877809108533635
1.1951327773574658
1.219636270902817
1.1644866876971911
1.1159298116367753
1.1036208130991934
1.0425434148175599
1.2027975160256432
1.0986132308251058
1.4988825087120559
1.219869657355569
1.4840879431995122
1.4579571765960015
1.474292755631931
1.4100544885891544
1.3529863322258384
1.2990555160454769
1.3971926301359612
1.2123984106462506
1.2259199595176968
1.1408213038044426
1.0967959225009227
1.03766717309886
.99126148231287625
1.0044686133633347
.91665904201874404
1.2596757253703348
1.0040539356910514
1.0592905485475197
1.0358456164423058
1.1697653415538569
1.0541438940653831
1.0207189551574547
1.2327554341684748
1.1321753691662169
1.0681803893015178
1.2481845483595801
1.1003683012187677
1.5537128339811701
1.4333608864696259
1.4221996580552687
1.4876812671110584
1.5774175658408998
1.417634442127371
1.4396417575243439
1.7650399086910773
1.4924636496216368
1.8979025563597738
1.5742841024549872
1.5934364635934366
2.337522241683478
1.9961436855583738
1.8662167397188327
1.8605655240605183
2.1161392983673664
1.834548865700578
1.728482917976718
1.6366079122338355
1.528006424644996
1.400389082829061
1.297190831611581
1.2823782903915828
1.3325206368237434
1.4109519925439236
1.2365117740345071
1.4120623847251843
1.2634718055414256
1.2482104910329648
2.178013065365203
1.4936731229653721
1.592127917726798
2.1591070238201358
3.8900062379010008
2.5032255175351237
3.913036361455446
3.3541270256442308
3.3582592928513111
3.2544400245968075
2.9992473117449441
2.7968050968258851
2.9919311173784173
2.4052533584050932
2.2724981574568308
2.2469075796210389
2.0406839032117201
1.9323834112523535
1.7891949168700825
2.3218813166691601
2.5553776519716687
4.129139325066614
2.9232330106408169
3.2548096597098035
3.3003911711122011
3.2288323682846412
2.9177307698847139
2.6528052387705494
2.6395439623024144
2.2760309403093997
2.6684505852831726
2.2344942341838161
2.1217112703036154
2.0211808458512852
1.892203706408347
1.9742796067260195
1.7179100716165783
1.6538955714832801
1.5765480848631874
1.4685536430237756
1.4912913317044239
1.3555716839658392
1.3687908005385923
1.3479687172633761
1.2379990132021212
1.7854727114130775
1.9123281854666057
1.6323183111644572
1.703342363141483
1.6974747226642661
1.6609361197457742
1.5298249495091285
1.4268692708946511
1.3998377391535763
2.3053915073346323
1.7460401801280416
3.1996958027336331
2.3178062124841343
3.0129634228078843
3.4243598472219081
3.0770810641255841
3.6470113191670426
3.167929177618408
3.0980130156435348
3.1729049962264324
3.4849131554753665
2.951770198804065
2.9386425191246426
3.0023902898206045
2.8908268675609663
2.7628073624753866
2.5332096956418368
3.7998703470709776
3.272041407741467
4.1960123479078382
7.2498304812035519
5.2352431526260395
5.6212254374551334
5.7984623313836003
5.8160756739770392
5.238810907627129
4.6981743507168812
4.2396491727081989
4.1986423945278579
3.61765017496398
3.519505568199349
3.1102941392050667
2.951376936368324
2.8131111151221098
2.5248718818789238
2.3352271683426289
3.1066921939471173
2.6658994434592782
2.5400331091702664
2.4874522199647005
2.3883910682949039
2.2420170261998442
2.6319883975811909
2.6361570469929365
2.2970005585124547
2.2613351881793484
2.2592638602181134
2.1215694917932453
2.2001507683255324
1.9818573939778272
1.8738444352655961
1.8144266879767346
2.1233926084037429
1.7921848933103108
2.2111524327987215
2.5596070669138777
2.1255578212189419
2.4133617896083175
2.2323761512005205
3.2768408345097462
2.4511541805444748
2.5014904636832234
2.4335229066544599
2.2895831928754782
2.1378587948855272
1.9923278239485538
1.9939967949164206
1.816174995587672
1.7168529652254572
1.904900705005711
1.6251076001199563
1.6938842672984997
1.5631856361202836
1.5516030623895765
1.4499933389320394
1.5534033234970428
1.6132444481571593
1.556536633753699
1.6347058791816607
1.4998652720453387
1.6872846001340196
1.6189360946187434
1.5315419557633347
1.4744356194392756
1.4227039481698684
1.353385828331702
1.4318016071922333
1.2524456506533608
1.2371303838591785
1.651839409566723
1.303873109063713
1.4833806885850933
1.3758565960502027
1.9787596293727026
1.5636599968878404
1.57976273364026
1.7857876931883887
1.6128470288740016
1.5515665357808859
1.4758581309725836
1.5788339632692079
1.3875267817032579
1.382097516428183
1.7245269674480266
1.4045694145549341
1.4635839254968341
1.4439695707085967
1.5576774921957208
1.3676239734962856