4.5732435759590784
8.621443330804377
13.631376223664139
15.599955293767513
17.528671312698982
18.613337250496794
18.333143776937444
18.337677391354426
17.837773615043613
17.310078417254932
16.364025929095284
17.155365225983715
15.907896937397348
16.238126712960153
15.61123692808915
15.220693847015319
14.284273762859213
13.362205687963739
12.961205845293831
11.783622985472133
15.022919885346111
13.054684190425162
14.661645366664501
15.75453868568138
15.73200615454172
14.984600703654877
14.962365244983323
14.377207174309124
14.737824850464152
13.709325129224245
13.818255601324392
17.157745439157829
14.7930356360269
16.551107316494473
17.715558019764732
16.664407569110313
16.265963466093929
16.556451627054397
15.023033850219193
14.960449725358053
15.820239534453842
14.515430219322933
14.712353779519677
14.408163882270486
13.584504709070519
13.266828272153685
12.359394298316374
12.789253960799781
12.017352467901402
12.017625475833675
15.725899083791511
13.408757013231952
21.563859303326794
19.273925857741855
23.372214948407109
25.212265149948998
25.193058660007381
27.7778447238429
25.337351261249136
26.505242826359925
26.446835594605478
24.845755697700415
23.741681043865352
23.459521172205424
21.231969454236353
22.670185331651197
21.206466254378661
21.574272078307231
21.916916088480537
21.090808041093723
20.476180470508368
21.513312084876013
19.820095777439125
19.365761198234622
21.814197091343232
19.885343415181801
20.381720255445693
20.0571014488198
18.875704530761372
17.488817950729235
15.901506512269981
14.384616487845697
13.108191856038108
12.572306926533658
12.035782027036698
11.245893200338333
11.421415084159923
11.980354657041659
10.948364664844153
11.345519499050452
11.238820973777187
11.78243762714246
12.770973579497001
12.153965362828226
12.984745587501864
12.834206240762649
12.352844167905111
12.799715312307843
11.684080594827329
11.932171714906373
12.659974012121241
11.964418007622569
12.115769772172509
11.829878188755142
11.209732358385331
10.820631847390496
9.9207311960533602
9.3180269667516207
8.9494566411018432
8.3451739911286555
8.0737433701336485
7.5987146648056774
7.6424831514346545
7.1099345164216601
6.8517899281135861
7.0635547196753743
6.4714861682693714
6.3698443198934331
6.3834453227399335
6.6422753790116733
6.1955430223143688
6.4360575963590616
6.5998981703899693
6.4338403591556039
6.2538901686489474
6.0785960279226989
5.8848747906365757
5.6260876517403595
5.5258157341276934
5.297627421096724
5.3191428359435129
5.259370741186566
5.1136636019803801
5.5764943806639522
5.1296087314850354
5.3713237069758826
5.1940557213366514
5.4022218600505214
5.1332752505234946
5.0047041946130397
4.9316238151539293
4.7985703600963348
4.9325940427982768
4.5767658308763925
4.894175985466716
4.8541054015403597
5.0160938023012678
5.5755348526551201
5.947542048432406
6.7123856120921177
6.9734115967267796
7.3551741080863353
7.622678098715606
8.6031505244957209
7.7416059059877895
8.3605095141086547
8.2723988329775242
7.9895034398505977
7.5806412169361508
7.6327349975863612
6.892910504431538
6.7082922677448016
6.3379406421428772
5.8837607037865904
5.535060075731101
5.1666157922553948
4.7833199173875292
4.6774595333562239
4.3250372658757676
4.1888588307534684
3.9387840410915942
3.7374370481202743
3.746108597397555
3.5590335264613291
3.5987068257181059
3.570329015913134
3.5621894804240037
3.9994236398672194
3.7080300581068348
4.9201019443445082
4.5765089738612126
5.1604403344497083
5.7074480502383471
5.4909471140642889
5.51800358440049
5.9491453052269936
5.7642335827941409
6.480991245995658
7.4914775171746655
8.4161173338966542
9.0251497652407089
9.890778249780249
10.196337651634641
10.207940647424445
10.648110558163904
9.7495387532126045
9.7443567043265382
11.068423712973892
10.094971612744725
10.502068000060465
11.007476391980394
10.537560797704423
10.994765321693389
10.139897648662402
10.534557152203794
10.548471866691617
11.998454609047812
12.482362961379655
13.565037554104727
14.175690320875262
14.276986347515887
13.756295445746149
13.428834314002621
11.968370855669988
11.328764973216137
10.483521695157831
9.5760354714824061
8.7129421565362204
7.9426766765510903
7.2256506258107001
6.6329794355469502
7.0154467725176239
7.6873737682979826
8.0064968628349966
9.1057735813681973
10.061250780288011
10.468529634325099
10.293015583126762
10.930454948444103
10.242897873960612
11.167455665656361
10.3795230796817
10.74164557098603
10.516794661827948
10.099364684157729
9.5229909086217326
9.6691971022146319
8.752475773636899
10.040353371987155
9.2771888135584248
10.158239207253688
10.614760181566661
10.325269868419547
10.234406169230828
9.9826012595696838
9.1535153821703847
8.6009581989069979
8.9074552701787457
8.3919732258722846
8.9866830368306783
8.7540049276155649
9.0062389667584419
11.532024569609318
9.9105681608218443
11.336472104035817
11.360350396696989
10.96868804267802
10.226871415371093
9.3533865544412773
8.4225970410242006
7.5933318600081323
7.2163126983303894
6.5471969669643197
6.1698118573427516
5.8714722772777668
5.5235733808381831
5.1506059605248433
5.4233872807153807
4.9609635254171653
5.0526286646500687
5.0469372843284717
5.095540886029708
5.0750590255722763
4.8209935284602752
4.903705346983811
4.7373526016763288
4.5044115221745074
4.3282364195401497
4.0902041320815812
4.3619209232581655
3.9248053956373647
4.2786687009157012
4.2375504811647513
4.4507192889602196
4.2800090447538626
4.4202322149313815
4.1901556061478775
4.8006540779540705
4.3041318613479573
5.303016545159041
4.9589206378622581
5.2781995349037416
5.4431869316319963
5.3197534040095276
5.9996958091565373
5.6448826490022608
6.6050962052957551
6.8509423105197129
7.0976467388402575
10.617681046392562
9.4870239559775715
11.266203797776202
12.216026573193242
12.446120169008845
11.757831168019125
11.311831432979726
10.796380790362026
10.000345696944267
9.4127705931959973
10.331543927436845
10.532063707347277
10.649873018128813
11.719122018071678
11.852844338203381
13.452772578195013
12.008899491668206
12.672189245513895
13.882029818994976
14.651850287773263
14.34332473744114
15.816429068996717
16.092704058143063
16.909188026818558
15.77421955501945
16.487053757637536
15.312534104383698
16.961353966465115
14.885301826492091
15.707682586397887
14.960998963265872
14.080075686989398
13.489358374290083
12.404217475752352
11.385759881495561
10.457334911221649
9.5256322984894499
10.226986976276587
9.4318511089834427
9.35862370128309
10.062677933929868
9.9664036043918784
9.4614213299703547
9.2467438489419571
10.402486747916555
9.0996931520967177
9.7962273248266474
9.4844063441694857
9.2863183850410316
9.1350978186229188
8.3157180693312238
7.9439025816705024
7.4837775478723501
7.2128096682076723
6.6288987619827262
6.2367154047136193
6.2163469539801079
5.6456177553923315
5.565085542635007
5.3031829680337355
4.9630695502476661
4.8311771084742041
4.5042575022927602
4.3449693293359051
4.0836807597904299
3.9539756294711621
3.7249621604210517
3.8882093528006272
4.3025910457616297
4.1033483635382551
4.9011740770292507
4.8204921782753782
5.0883104864160176
4.9537434187949154
4.7561152382729324
4.472721645622733
4.5371240314073091
5.3251792091538253
4.7275496972270741
5.6850868997183444
6.396186818319868
7.154501302794209
7.0358906531826575
8.844694845744467
8.2757698124317525
8.8022174689020432
8.6328569303263247
8.3024669324619413
8.487489561510456
7.7714963900928797
7.6488853785981465
7.3798468047820664
6.8829702453837287
6.9486168280339458
7.587936227350947
8.8167722877229497
9.5086723641870243
10.69266808132172
11.65478805454913
11.943865316226175
11.216759164707412
12.225808401399544
10.774305876103774
11.453225087075028
10.813816642939255
10.935661875927567
10.097988616457124
12.74871220075887
10.806545391035863
12.33018226723711
12.383721278271157
11.969359650714638
11.410477056351542
10.395806460240358
9.5825078853174706
9.1031556394754265
8.1981149352833551
7.6288357903584085
7.6377649844836482
7.8278399436242658
7.277205409057462
7.5034676539123035
7.3165352392874823
7.0858426989613559
7.745000433412069
7.7851862308402531
7.8958349538874444
8.2932771619078469
8.375045914131702
7.9042781625370475
8.0436862937755595
7.1397739818507358
7.1190099059434244
6.7790561955972874
8.2793198776674384
7.142634581638819
8.8376669157303489
8.9646600273827506
11.93357962600731
11.922798890087567
14.880125376410678
15.299337265222709
18.692830564053089
17.627988396819074
18.119826075787685
21.051855523984788
18.296380808411843
18.913359234032484
20.514324887258184
22.952882240978003
20.730888396762754
23.556885556299545
22.859857876186684
22.363928881839005
20.421558500204785
18.972258430495479
17.145739963124189
15.342821792370799
14.054003843905777
13.400345169746467
14.64442644518015
13.005579112653075
13.962944586601068
14.476571012304252
13.854103952638962
14.009392411927331
13.002015578481405
12.922449298404667
12.197488632886914
11.853201516164212
11.076670478383978
10.356824651952472
10.090103888289097
9.6567252093065772
9.1366002247624412
9.1241126671317279
9.9551679292228847
11.013384997124257
10.919749582456982
11.890283172418041
12.405076142805443
12.193602278537025
11.352638686746733
11.019163950258138
10.381918146126026
9.8758457713836236
10.829017341981862
9.7579456546421639
10.938270084984719
11.173835039759643
10.930852663108979
10.762282221491018
10.864796780762047
9.8812148814643539
9.4702918891787622
8.7709827064428172
8.1031557365838971
7.3735723965463578
8.3366139597104691
7.2674139024750151
7.754934903225422
7.8052598682282328
7.6317837261272645
8.1905109994454062
7.2619024662957665
8.0362068963019126
8.1848669333411905
8.0540341925341732
8.5007074884671265
9.0050576541116438
8.7549918132098501
9.365195592497459
9.0765332651169679
9.1121823795349872
9.0769874548925724
8.6956546919256716
8.1920499043525421
7.799421837115017
7.2129100950376266
6.8119240747944252
6.0773353715266687
5.6390694402267441
5.1682675920483785
4.7317398640139867
4.6640840024275976
4.1648837819363935
4.4248081758826219
4.0971944577134449
4.2037495078655986
4.6417626164170818
4.2608112820434823
5.6553425343109431
5.1013855030615627
7.2953812213911693
7.1482877308581507
7.9393432356047189
8.9016090591810801
8.9927316866923732
8.8648275419413149
8.6446678465269891
8.2178301156010605
7.584589665174903
7.41129517299734
6.5192698488403424
6.5230684354164437
5.9906141129981725
6.70235616634604
6.1343074670819124
7.101817351644975
6.9412109697303572
7.4990822506583426
7.5626234165007586
7.8441940520805673
7.4374704021568361
7.365236864010769
7.7853229006473752
7.0087697832023519
7.566394368029588
7.3405717446212444
7.299374039198554
8.6919612664950687
7.9999870231294405
8.5652666521387566
8.7783475369095942
8.3496356326091146
7.9695532511875697
7.714102087091085
7.0226235416978575
6.640575840544364
6.2661856353527279
5.8990628628300223
5.5480034691504709
5.8171371753308749
5.6295905007601261
5.5942904083771561
5.7691697348568818
5.5642883220953774
5.2989226942540322
5.8003034421999553
5.1535048003525414
5.3945131298395559
5.5640685939415206
5.2603943598086422
5.1005349476127861
4.9369080580844882
4.5308986893777572
4.2225203301297753
4.7469833352247468
4.2607744535990619
4.6083661755004313
4.6802313920319802
5.0313372305653852
4.6897619897531184
4.7342749727935578
5.3799145568739952
4.9876117305054359
5.3058074805736091
5.5161417372114068
5.578896913563046
5.7286081532271931
5.6921811781692995
7.5332323178109464
6.6051585977921983
7.639272605799464
8.0999190076071255
7.6371520854956509
7.349246455200241
6.9322204303216797
6.2874783610748786
6.039938883637161
5.85688263335551
5.6071374172976789
5.4273466230920109
5.7082133059093341
5.6361338879800567
6.0377566464787895
5.9816679491015865
6.3311250300220427
6.2083173154819775
6.2957836563511815
5.9144865282584824
5.6524110332971738
5.3260412465843823
5.3167457278075938
5.0005160695660598
4.824640617876879
4.7701722932198711
4.5860597846090805
4.6079099738118208
4.8039756862442911
4.5101970750493567
4.7187731497382455
5.2605198698206301
4.7591407535309811
4.9086569264486135
5.072054954607113
4.6418451364424387
4.5227499791751669
5.1434558911870756
4.4873628217588877
5.5728383708388289
5.441602821845323
5.8229435684473776
6.7707158330897403
6.3198343636139214
6.6516107305463033
7.3376152954781331
6.6636093124995615
8.6379121917633501
8.148862422469243
8.9474644563507582
9.2419209854621265
10.871847142889663
10.141530373985162
10.705450916032278
11.396939020969638
10.878671264140083
12.500705390845171
12.817676108169223
12.473762835329307
13.120169272341462
14.066184551968954
12.740665679267826
12.85221568344142
12.003586959085744
13.321273065340069
13.527199316588169
14.76851304275579
14.879905144998348
18.175638583719561
16.904611596878549
18.212862868513021
17.394472959342959
17.819017611174054
18.310470177572842
19.334332526463644
22.354148903736338
22.655374780484692
24.538105719698699
26.114027757860121
24.398101846226986
25.301016645015363
22.781848628653755
22.475404889510763
20.743569663323651
19.310858084928668
17.940513783381984
16.943853426149996
15.785799183547205
14.570342341129539
14.430444835323218
14.43323842293686
13.392478124382551
15.560050036545041
14.28756161509369
14.828058238534897
15.780460797339845
17.548919474001163
15.819520723108962
17.154135596039755
17.15175353801159
16.535731283349854
15.454037850359644
14.680160243595765
16.309943182656507
14.640240754554942
15.09155022118564
15.841559320594671
18.056172757331343
17.301837174895912
17.87288456309334
19.120179972345735
18.272458165867423
17.397792596571151
16.260114745997875
16.42669254505785
17.297459930422473
15.857931425584379
16.801073779427469
17.547368342070971
17.664525642486346
16.774534081931222
16.416847574067447
15.777528830013047
15.500616068969965
14.553635216366349
13.880997767224686
14.616716353723019
14.662756265159048
14.821230075922079
14.642011120626258
14.628256928384895
14.581239936976969
14.94241047668474
14.010297685078479
14.233169708649511
14.217779588817617
15.658911565251042
14.599635474472814
15.337619583294286
15.105731200289464
15.309670015988029
14.749483965836982
14.710947463328358
15.82542924658997
15.049181037922198
16.85948766098964
16.307438814732063
16.582914382884677
16.315542479599845
15.313877383479399
14.817064428917632
13.588788364349664
12.720497855851235
12.017893578517477
10.79873749245202
10.051500126402356
10.098730066430683
9.2117983305821571
9.0019612450878093
8.8029561459097661
8.5882964699074495
9.0448945945603541
8.2560573954058309
10.301679484516987
9.2343499935086744
11.641566908917261
11.000832843703067
11.658014088366441
12.009201842857752
11.232774459813436
11.066967242040825
10.736522534076135
11.216045915994739
10.589673922462918
10.622088131135504
10.43897099492913
9.8342949450884518
9.0261472671350216
8.1667390702306779
9.0786514524429265
7.6496642141828861
8.0244235304539675
7.8848819172351758
8.4308513804597851
8.0336215636931225
8.1334881972194992
8.2227164706320668
10.468542308780009
9.2102777518904961
10.304773254989609
10.476468364050637
10.06728974604072
9.5843666822712912
9.747153275746081
11.169817239273366
10.051713816555592
11.260402950890615
12.044268059885528
11.603631244643804
14.514652554300593
14.187564769601657
15.042422270439067
16.385186768268657
15.888466384179424
15.15505212002253
14.131510062957167
14.724950810419459
13.193467534088914
14.287792443054947
14.463137335205223
13.923099477201884
13.824278664750823
13.982907764574186
12.5204970819371
12.454492395509767
11.352860244390424
11.001518916823999
11.599498200599573
10.378085103824073
10.711299255287042
11.031576369414282
10.946632227112397
10.337432251695688
10.330481355362574
9.6837173738981139
9.0955885738131883
8.4047612632420758
7.6263631627421162
7.592393437222178
6.7658490537806912
7.0939033844647703
7.0567106833881104
8.3081895380128916
8.6217560946875533
9.172285615150285
10.027987185572787
10.129000539151056
9.81502478298607
9.3549105563614798
9.1622363665077362
10.244456525511961
9.2276686096741294
9.9162303918624488
9.8969076871279587
11.142015887219687
10.579714544764338
10.494603019964778
11.223263498756605
10.769673583676473
10.432471766144369
10.434573127086658
9.6717727458524454
10.2704803126888
9.5092250941673413
9.4079840366636915
9.1799131587423286
8.6168684579457508
7.948652705259077
7.4092981134680986
6.6858270864243909
6.1089469331976982
5.5968169226325726
5.3547563524496331
4.8082464932548445
4.9091645667021968
4.8502389019161294
4.8105710035533411
4.7463093880097915
4.6794058849590954
4.4927356861199037
4.2121615934741374
3.9844530354003322
4.211404691721695
4.6705819295579865
4.4921286364527955
5.5247847910717987
5.7198065485506628
5.9104942454918508
5.9403699198720332
5.8193873190124226
6.6350649836320441
6.0501597574384363
6.3247069420462907
6.6394418779568287
6.3183917748213343
6.0458816623969174
5.776338937121845
5.2796757103748
5.1002158661382593
4.7390510233363612
4.5440399251335402
4.3995323071774752
4.2375785258663701
3.9942701163766698
4.0417632956115579
4.1116170354717587
3.8739703839402169
4.0325903370835201
3.8947153391422402
4.0651550109924264
3.8418295407994814
3.7464465357296519
3.6735247761593324
3.5439779594799079
3.2978511772659185
3.2175531852480508
2.9588803758386133
2.8136182855544423
2.6440220723284416
2.5887256866960016
2.4010252183756893
2.9482834835878537
2.8405173758800966
3.0688231627151366
3.2878319874921615
3.5634582045787382
3.3976296807466309
3.4402218153532673
3.7071609468199491
3.5125195720940234
3.5735859359127673
3.5259722720493269
3.3805189165783283
3.4378147540958617
3.1564622961647375
3.4482473954582882
3.2632449514108344
3.2787318061823698
3.4443203673411191
3.2090672225595696
3.1732830308010898
2.9947509165735617
2.8490977144374581
2.696114782122125
2.6631786675949551
2.4622740037590605
2.4511763865034113
2.4350112378666267
2.4088799692266045
2.3059136663331246
2.2635640660553404
2.1973776891634844
2.2101779032219899
2.1354705115654595
2.106972686724883
2.1654745140728489
2.1500804516464362
2.0966332184703451
2.1701385477615962
2.0628315617388728
2.3845524024145224
2.4777107550332613
2.514332596895962
2.8111723299116602
2.7811334678872628
2.8580863621360755
2.7812454540294542
2.6689104212885555
2.5859033264356626
2.7696848480570968
2.5434678954149752
3.0214265666938269
3.3928070214460231
3.3807662638220202
4.0633780121354688
3.9726067689517759
4.1449801891530562
3.9428385033490088
3.8122939909742977
3.7263666623807579
4.6911116053080288
4.1842293896622671
5.2411774213911553
5.2904678927693496
5.4632461862284529
5.2818238112449141
5.3175508764462949
4.8606426900910051
4.7176306488207231
4.7646821924251084
4.3777816816980746
4.3289012868383994
4.0293108806688016
3.9268629247066591
3.598947491444223
3.4563176351784017
3.2091499555125034
3.0240871784114494
2.8057198556667156
2.822576201748642
2.5749080110755083
2.527714607310684
3.0595250872251718
2.7455819757048623
3.206526393589658
3.260944857090438
3.3687987859677544
3.3197211815078917
3.2070762105183372
3.0393327624608162
3.020039582812263
2.7250190119210256
2.6643185176608766
2.5125133794475611
2.4260949660244648
2.3878477225395822
2.2154556408715464
2.1717589475045949
2.1862121144116267
2.0353878209176171
2.9442659645215099
2.5936618768848514
3.235373416095825
3.486889999750848
3.5460559740018582
3.633572212574689
3.3467078792960527
3.3714366024274351
3.1155696203716405
2.9561840114117848
2.9359270666675212
2.6511072708847014
2.7060988137854256
2.6396674715155277
2.6291063679468412
2.711569600313553
2.6715957472156715
2.6404583426628561
2.5794998369641831
2.4927918659730102
2.3397572731784781
2.2576436579998886
2.4898328883957022
2.2205410211123588
2.3928722170560452
2.5205240614476967
2.3633806486976918
2.3477111697026829
2.2398073422091596
2.0909617194832659
1.9950848692085681
1.8138663498810146
1.7095198867527788
1.5951145413356638
1.5017009087970847
1.3884801824126136
1.3229958700552817
1.2440552782750538
1.3773140652834983
1.2403194201992827
1.3578254916425603
1.3428001527039686
1.3736894662448986
1.325845031336597
1.2870357338152811
1.2561364934553843
1.2436902382936561
1.2094011229932349
1.1961796065479611
1.5252316481226336
1.4384866067435875
1.6153356107011769
1.7239094328282591
1.9010406169322742
1.8495970558707446
1.8647159939916278
1.8550338606438426
1.9312806995554104
1.7888669834331608
1.7712476305604938
1.763186027027823
1.6909402261730959
1.6587541538167416
1.5913231844429496
1.7657015622913601
1.6115512105579142
1.6690042024227474
1.7345158457975653
1.6306119237250289
2.0334010460905207
1.9513082416507059
2.6123327687781841
2.5886001098416291
2.9135022369893635
3.1956432108169435
3.0581239945019325
3.0676011876374036
3.160601357042863
2.930960271228146
2.8823654208890881
2.7621212343289945
2.7099338274877374
2.586364853820708
2.8867746859910626
2.6336873796500555
3.4418646151789742
3.1432720130855745
3.5226320584648003
3.7042110876158065
3.573858577070538
3.8947795825803015
3.6385428461797553
3.642429562981198
3.7016776555447346
3.3896828275259807
3.2977985825925984
3.0325956749477996
2.960997488364463
2.727721505701227
2.6507196395072969
2.5021984419997021
2.6199284812062587
2.3766830894052799
2.3779853254825358
2.2636133117874695
2.114637893976306
1.9930416071693633
2.0664800028968364
1.9561607160882424
1.9749852168033344
1.9861318668209613
1.9844160984273074
1.8683100990039305
1.8275727942962847
1.7457869537682322
1.6441107357706313
1.6022404398258006
2.3560434668343504
2.1947403647045882
2.6738916424604864
3.080986537510229
3.1498666481986657
3.1108315716887223
3.7377855318235205
3.2060809702756217
4.0054713817765597
3.8235154714839479
4.5972089896550248
4.2874355983749064
4.7272481442022105
4.8263120052158319
4.6460832448475573
4.717551434997425
4.537186597798752
4.2468557154487518
4.0324665358499461
3.9668968584999589
3.5769433811046163
3.442513960113966
3.3826705477006369
3.0973339343350985
3.1726045016459725
2.8786964892340783
2.7989560403733664
2.6839966439207745
2.5807715123335702
2.3591461135522143
2.4049229158095766
2.1827964091786214
2.1265654635182263
2.3081998901698881
2.0521879753085801
2.1267295789669545
2.1639369763453171
2.0271962362452869
2.0453433394467262
2.3785488506400907
2.1709142611672649
2.4692532661437863
2.4627305865748039
2.5121553504939875
2.3795795240780753
2.2492133971167134
2.1757464888878957
2.1828248952766094
1.9862107422764601
2.1639963637838684
2.0154128767376203
2.0045698871948621
1.9760065405653084
1.8680039285045247
1.7851094772862979
1.6827604257258928
1.9510808868315141
1.6944671604335044
1.9192129052239906
1.8886063861921698
1.9482312409668667
2.1983351342660709
2.0311685173031724
2.4317654526047328
2.3802023597099131
2.4809416849029673
2.7694912946649231
2.583462010210654
2.7309644816087673
2.6179113365178885
2.7728892583599243
2.5133520297784915
2.9581447325731833
2.7242948870805339
2.8337144391756137
2.9534384767006236
3.0555850707169245
2.9259324797568995
2.9607609417653156
2.8704434387334525
2.751195300472264
2.5686767265589134
2.3718887098239749
2.2373973911934257
2.0634265816298853
1.913484186392937
1.8186378262314904
1.7024884938136795
1.5826576923294802
1.6463165259586328
1.549959002256841
1.5544227369418893
1.5700284894035481
1.537952223434329
1.4761955803316396
1.400469412674294
1.3842156914694692
1.316141101261286
1.3183585568741698
1.2750496246340242
1.3144549564591503
1.2527906849017232
1.2396497714723915
1.1892028879754577
1.1352714944777538
1.1768790805890961
1.19695246963202
1.1560563027596307
1.2936192855107855
1.2441653062417453
1.280802902430545
1.3010632213389424
1.295100195171917
1.2787936907573636
1.2806860451646569
1.2422256941763929
1.1980027650108227
1.2206274101549577
1.1141138957800503
1.5091154742281521
1.2957286915015782
1.6637682659039825
1.6742898531714685
1.7259844502159227
1.7569543172498032
1.9697233489557464
1.774851226676017
1.8718634876309743
2.2244382529795153
1.976851536120992
2.1373666505360238
2.096025124411681
2.1087199565174921
1.9868545397544062
1.9050428467340246
1.80471437935777
1.6862897457684951
1.5907526489358517
1.4511608326304026
1.3963963351400988
1.2780597138822525
1.2381497016366834
1.1686347037405689
1.1057523635065876
1.1066317671308383
1.0949492910458922
1.0632989371825285
1.1479693120152066
1.1056089400231897
1.1152548854759485
1.1030429872418275
1.0577018813622441
1.0237052531661361
.96122073704602007
.97825094113499966
.97231647351314365
.95310308035394642
.96616372220461721
.98505370618283117
.94609394272551017
.96313990238031422
1.0362971131725491
.98000794807513181
1.0401661718081601
1.0375111953421641
1.0816236706575548
1.0102748255851401
1.0982175726710057
1.022499661622843
1.0388191053647731
1.0099337271804048
.9642050022657328
.91061292919688397
.86509733163168068
.82454150021991746
.80309440091910456
.76070201118024372
.74265414865017199
.73445738114329695
.73063450479281999
.83707291983803345
.79609686157218273
.8712604444089006
.89746953571472576
.97968524281291547
.96919193700953155
.99613569024283144
1.0032922063695784
1.0195070928497469
.98673589479381174
.94402574493494407
.9415061574844813
.94810753836565542
.89061015518813336
.92757829645254941
.89226649955755444
.97353677915549064
1.4614600054160354
1.3289903488342576
1.6960142841889247
1.9649971233044985
2.2470101488812686
2.1280704311449221
2.2264160998842266
2.2113757511372429
2.0753664898071809
1.9365332937204756
1.8216449031547384
1.658427431787435
1.5198082921818707
1.4659684753568742
1.4189920954261821
1.3174912551482687
1.2914060060356514
1.3286742270716558
1.2250104345748858
1.2546056238401448
1.2066571776905748
1.2294676851486221
1.1900427010121848
1.1913594385398545
1.1486439121794523
1.1798239897437071
1.0935120159070406
1.1276984467193973
1.0529220484725275
1.0307607260933738
.98420996678576567
.92529492273201286
.87578821881623159
1.0398281157575187
.90217818039170017
1.0155361006138734
1.0637491326743564
1.0340819975383626
1.0111160530504522
.97782148703953031
.91357946337563478
.860597117544465
.85773245230619954
.79596212053550675
.81308520377065008
.77828917780193241
.82846662295127815
.78961059422323288
.79573404023454763
.78164383737438892
.78003389186876837
.73372469680191765
.74690106316342986
.72675298297233415
.70258391726185376
1.0530090626047073
1.3578512377647709
1.4206942546601582
1.9407533457463666
2.0646182274755658
2.1504834944197033
2.0549105686191789
2.0158782779182221
2.099136073961787
1.9063352698615099
1.9461269539533239
1.8888129413604551
1.7944724838602946
1.6477626062445399
1.5267235638003573
1.3998941650929586
1.3755340565266296
1.3395556825962953
1.2634521922567852
1.287203266973918
1.2569089586006132
1.2280129401980284
1.1689676544815442
1.1939039986187692
1.1394492943747647
1.1147182683975114
1.0890054262404456
1.0691038435541609
.99969708449921646
.95637330647034524
.90421109308349756
.8662794863168285
.80318590490230468
.81258237965704494
.75827264703612796
.77907370522674835
.77369860136214452
.82427897935030059
.80267764575083556
.82871232965955011
.81911696395580857
.80343087719100759
.78495647181128381
.87881922913884614
.80945441339153457
.86876992391452978
.91334929131664411
.8783711409090087
.86245698800231052
.86768918313923538
1.0640579492945075
1.1303036609714565
1.2013135408982827
1.3708478669290818
1.4941954571937235
1.4299280372841798
1.398968526299126
1.3408561309171874
1.2492731120404701
1.3622394424879587
1.2622872343664346
1.301980029317241
1.3699715917490134
1.3326362260452547
1.3266767831779775
1.2813234379510023
1.2460108213464389
1.1991954432901981
1.1367132551079357
1.1549962636965112
1.0566795703403558
1.0285999539924249
.97916598778885433
.92249572180860995
1.2556476973939541
1.1360568804072955
1.3186172556792162
1.4455451108535218
1.4764141262409332
1.5746730725838274
1.4910186107473971
1.4829790527784492
1.5044096836524847
1.4413909631113571
1.4215565050057335
1.3298831286043928
1.3002150665057635
1.371621742567658
1.2401443035201019
1.3537018828199983
1.336251428487492
1.3008584538857881
1.2992182398798424
1.2280793912172188
1.3867950361719714
1.3639445858204526
1.3761668445526416
1.4746849361555312
1.4558373444289283
1.3996056825226204
1.3226270336911439
1.2620457240867278
1.1990917394444396
1.1574463312859353
1.0928063633199332
1.0831801316903278
1.0148370698373117
1.1106391511478442
1.0060070344885359
1.0597297752167232
1.08103806524586
1.0513579531288515
1.0373094697876564
1.2594673386085435
1.2558448857670452
1.3131502308711058
1.5234203948655003
1.5869520398357924
1.584214419182131
1.6175463118131896
1.5756547964253595
1.524013478249681
1.4527751701435256
1.5633380461834623
1.4268836938852911
1.4659045747522101
1.4590357111551537
1.3935052727961823
1.4170495892645132
1.2917484385312576
1.2826731782838596
1.2071584720044461
1.1889926045171713
1.3948764608755788
1.2149200942960559
1.4364013813937415
1.4246960967205955
1.5152505561881471
1.4366773775433599
1.607144140624758
1.4709744100794035
1.5941437507299188
1.512955999417934
1.5045389787750147
1.42402952775245
1.451321502589485
1.298505643930598
1.2940537389849061
1.2172978640968446
1.1535179087806646
1.1114748428211485
1.0158863161981782
.97980151422984385
.91902034682913059
.87053559804951619
.84120405890530636
.78404245316289789
.75827337350632695
.7251250115338711
.72128732922066285
.67459009945050463
.6779890329142173
.64712373280688584
.6933073475834336
.67413787323213159
.67940232038478265
.74785530897935182
.74356313053128709
.7629378713266719
.7689891868284604
.78993236823847623
.78200630728786369
.81570761507486045
.78000605538994738
.78607073557100549
.82230888140236291
.77506961082398973
.76751722078561035
.74748935032335462
.84513678654265212
.77400362578941007
.80636196755019673
.83638839540514032
.80126147224827271
.80779521401764753
.96870675776670934
.87117353312663648
.96980359511069347
1.1297836023524641
1.1129214784803914
1.1262609375292478
1.1786671975535079
1.3859291982960353
1.2560428761449132
1.3794595474074371
1.609327917196081
1.4727950186828502
1.6531835130124664
1.6199925208614467
1.5863456442494546
1.6432675347866357
1.516854827283219
1.4957299562782409
1.4516442063830945
1.7232497461351266
1.4985515172876873
1.7293233625793134
1.7630766309332844
1.7143385195623004
1.9312604446809558
1.7161148897263561
1.7746074437025872
1.7052766590785364
1.6216289524387273
1.5621943218309178
1.7697865229654972
1.5829459696998891
1.7071880937402453
1.7513389270471149
1.6782293383276636
1.5731850555671398
1.5243176850266962
1.4005338879909979
1.3953268772158669
1.3021102408470946
1.2997634999474663
1.2671800478959969
1.6532304666912176
1.4423917420207137
1.9223489254470345
2.0362010911215207
2.1025103550131914
2.199269446194168
2.25708752132571
2.1605385927755614
2.062204100833871
1.9757472460183803
1.8375738414382781
1.6800359406272227
1.5299183591090888
1.4788849378668378
1.3158857846793046
1.2661899769477016
1.2447789101684643
1.1697152818157115
1.1119315447600486
1.1204632080703125
1.0430946935888061
1.0285301237853988
1.0273301084352615
.97940608351219727
.99479401683999091
1.0861197469427852
1.0073543857439902
1.0652957358472528
1.181941502061099
1.0855978264786386
1.4665163467503062
1.2904213704883682
1.4628008650408963
1.4846056771443865
1.4235977127106743
1.3893184016662938
1.4166917542343744
1.2814754024544022
1.3225252010102995
1.2721608235993156
1.2628663565813993
1.2432818687461711
1.6606789423477462
1.943802647549195
2.0269763359674653
2.5051375916371117
2.757100832616421
2.6235120467060025
2.6319871999653706
2.6240106316277023
2.4475679998792015
2.4573306278941751
2.5240549400906511
2.4278314962010352
2.5139944358987845
2.3958629992604172
3.237078771105641
2.7232034446780458
3.1474473177661904
3.5977358158658483
3.4070507645935693
4.0415585363592834
3.7897290081152208
3.9390292844585777
3.9162913031480859
4.2309961640462692
3.7350492297646949
3.7422495496632879
3.6403433030896108
3.669904854418085
3.5617560751054929
3.3795278351994495
4.0282563312782047
3.6436626614139693
4.2148109665470068
4.1161298723953079
4.1151484986420614
4.1473646588791935
3.8795887969823073
4.1274295306277473
3.7272133725050489
3.6937824014848517
3.6386577025156939
3.3406145285367712
3.3444073321858925
3.0287987669793912
2.9180820305463313
2.8469750275072561
2.6344645238882749
2.487256883716809
2.2958352181217601
2.3628155305844136
2.0958882920343993
2.1678966235692418
2.0473297766195708
2.5672494072871936
2.2155666512603558
2.8881649493513861
3.2539838923921809
3.2259507143013275
3.5253929674205295
3.6203683020699229
3.3664625229690217
3.5118004192222423
3.1612003127199944
3.0753961640584095
2.9371768730423775
2.9919949907301402
2.6743445200804112
2.5959012900904539
2.6049854187038255
2.420209081757517
2.4358201241755904
2.2837311237229989
2.610248561868044
2.3325245424836774
2.5001212431029565
2.5428349864647308
2.3796874285613541
2.3564999379534215
2.2618120932419665
2.1228267755200187
2.0058236290485465
1.889508230740045
1.753929554469007
1.6301709977032679
1.5790365583404451
1.4323899850841137
1.4032554606006502
1.3302409608391033
1.2559878266712365
1.2065644497729773
1.1779520061426672
1.1025765156490992
1.1218288941848842
1.110130432392854
1.2022535529097587
1.2010708356704991
1.238994010354495
1.2703384654555314
1.2921402662960326
1.2302211310242144
1.2818172870516571
1.228311411452047
1.2069509691872555
1.2108272202306543
1.1525567903539007
1.1003040896892788
1.1358255665833694
1.0429178784210347
1.1083461940834569
1.0541483389140052
1.0463581419161969
1.0151799853209604
1.0469262137435513
.99872756181516842
.98723398359156955
.98200062687450096
.95088698525998316
.98600075483231198
.89899932329606125
.91463852545398638
.90796583202359549
.91801196706738852