4.4573095270772978
4.0027911195375037
3.8168448433902076
3.5234314063719068
4.0697353457222949
3.4356618455870223
3.4933734940059979
3.5356637706110967
3.8454231484680301
3.3959121294276104
3.3786252415922604
3.5425763559300503
3.7032629249262605
3.9041939472764708
3.4557306257858751
3.4064015873897815
3.7412330391769331
3.2421095035171539
4.0884404904436282
3.4211679349462871
4.2597016304784239
4.1333639691064192
3.8705325966359885
3.6823160756555358
3.4456519610434873
3.2521315802129709
2.9488884455739695
2.7406765401529793
2.5347818051561029
2.3384989516203376
2.1898950038120746
2.4201824826469251
2.2678450283553939
2.1836114925845167
2.0829903704913986
1.9794466450994417
2.0124129653572491
6.0406547191014948
8.4694677670575373
9.8045280200887905
8.7108551305463831
8.8944135379218086
8.3979625518354943
7.8115095980912344
7.2027140873491646
6.5517087897246915
7.0058469127840484
6.7567622973918695
5.9195255080888654
5.5037479176852502
5.2134020850421496
4.94789890281496
4.5254621800782067
5.5936334477945655
4.8637560529550763
4.5261042962234734
4.2381666612649438
3.9016485529233993
3.5850585803195352
3.3106182373600106
3.1964410701229782
2.8940948404056583
3.1112897285228187
3.3039323251394332
3.3362465466574487
4.3645281593122016
3.6881664833839856
4.0037688032311287
3.6270999856461699
3.4634924078505516
3.1834164161865894
3.3061940960456764
2.9398003415543097
2.9555072156004347
3.7347133514819952
3.1330231054632076
3.1076591535086053
3.012676421955514
2.9339644431009564
2.6739280463222506
2.4972870951815529
2.6578357416429848
2.3524555469889892
2.5136660776212176
2.2832702393004598
2.165575987858829
2.2051854316895398
3.2482153551940502
5.5094388567154091
4.4961280265308421
4.4551752971308023
6.0187340160562872
7.078448497792607
6.0404954161529893
6.5038036452273822
5.7461359250644195
5.83787724434338
6.1567593121321398
6.0209764214960257
5.4061126221337368
5.0459691751663431
4.5780938112704419
4.453978501795965
3.9976700968370809
3.6422879261363876
3.3221349588361799
3.0761051025045756
3.0755521239272188
3.1175883591501301
3.4276998359356594
3.0254207509018842
2.9015331854062012
2.732761211158385
2.6821209724665493
2.461436797859839
2.3106310013866533
2.1696834470277331
2.034273798978508
2.0679659339077294
4.9187491707805799
3.8399338202422326
3.9178811577727277
3.8587547014033001
3.6696783961558843
3.5087135180431792
3.3146747983330314
2.9953398204587147
2.9221739625514327
2.7947342296053752
2.5636809080761989
2.3840468717743892
2.2723932625644245
2.5971246395487597
2.3103815304717483
2.1988704608311016
2.132542625242809
2.0929017545714061
1.9639053488246687
1.8533406785865887
1.9514565802291757
2.464692101745189
4.0595552126399959
4.0628724656939506
4.6147705887012407
4.3772373821491417
4.6548920588033793
4.7335664161178759
4.7179458602967186
4.3047837837868661
4.9220720651264953
4.2415800426225569
3.9670302197380969
3.6906811417836551
3.8884007462089949
3.3448425803955448
3.1471996851266963
3.8769241476964198
4.3945596167619225
4.003666395753668
3.752441472560526
3.5378920548068149
3.289230847511456
3.0355995842094274
3.6866838290716419
3.178972549025862
3.6386264549694589
3.2863753964814144
4.0619351987621943
3.8220481034330223
3.4917064268245896
3.2901738715422018
5.1189962567815908
3.9675281831251681
4.0021766690273628
4.2376697124073912
3.7476976554990138
3.5011750008641997
3.2171039840592921
2.96305063345386
2.6909275133303963
2.6337370932517716
2.7051999915591214
3.6007937964359162
2.9691613783558428
4.7421142890988035
4.3904353881398555
4.0450243061134259
3.9438283123520752
3.6894723094815629
4.0719636073000123
3.6347532867382211
3.4145681815648912
3.5596854347252584
3.2419080891256762
4.8021776946637953
5.1058423397152737
4.4253892944326747
4.5266693108416813
4.3944172396911041
3.9361976411792434
3.92459157250613
3.5144674290420026
3.2007600944009775
3.7425447737650086
5.6859535196631867
4.4203503124993011
4.5886782763239111
4.50384196662616
4.255958266594158
4.8203361578486037
4.0616693136989586
3.8051714423767078
3.5069209808802984
3.458274492674851
4.2860351513518307
3.7802816117668909
5.9150423003248491
5.1297653775351746
5.0612654592641642
4.7965573083612227
4.4832844466483097
4.0604972153184278
4.7312941704531868
4.0712244479872028
3.7634819673953626
3.6560550264786174
3.945214521004742
3.3927265847389214
3.218519314185349
3.1922736867215162
3.5596476170964619
3.0937119168874649
3.8105668680066618
3.4342523283204622
3.5774602286650401
5.4351440551699026
6.8485378401589578
6.0495532150049831
8.8371355256458219
7.2045467479881404
7.2479229425987821
8.1073971617130258
6.8462560230824989
7.149549457893702
7.3118781358889677
6.5078666130646843
5.9982342922540219
7.6961913018137951
7.2007994966276847
6.8261011097333624
6.2852368836561352
7.0637742027098405
7.6429495983674194
6.6098945688797954
6.3535071978654987
5.7729711376081614
5.247585782100475
4.9624128707628365
6.2238157961605571
5.2091283262830874
4.8858989726161699
5.0982365649793531
5.3072082690798164
8.2823701130881808
7.361251782108047
7.0234360469790262
6.7790978387894194
7.4214214928820628
6.47294283108649
6.0770409545659732
6.1587666437335518
5.5862627601607198
6.5171741749083685
5.4487856982094414
5.1458677721653112
5.2624008787470151
4.6196888560083336
4.5078766710819629
4.1118168233531209
3.8989249652347886
3.9557055986469796
3.8464602150691012
3.4820523258716563
3.4795797330514713
3.3350433515971414
3.083871706801574
3.1353775142263838
2.889903699186255
3.3216348984100414
3.03409401813146
2.8562383156672162
2.7191317870177247
2.764195882286097
2.5147090692227665
2.5891960560360303
2.360709645768913
2.9539568171203467
2.8857957496046809
2.6933663002459109
3.0616678039835121
2.9100906171326661
2.7048905017788036
2.6801417997802668
2.5497200583416153
2.4008665876496882
2.3824197604415209
2.3654848624600633
2.4433313040244258
2.2627840056439803
2.1622012730058917
2.2839529875312974
3.2925571775975375
6.2723899785455135
4.7145980184374752
4.8670309430350107
4.9390357320642764
5.3943353619321766
4.6378808212105307
14.555291756227806
9.6773566230890147
12.496040670433956
11.442928596882478
10.503419186278387
9.5511821032629136
10.215318387495778
8.5579430450854517
11.943324787948873
9.4730932630587716
9.5590556870484402
8.7715810893508355
8.7664267833324896
7.9249404344283354
7.0763711350999037
6.4465737408265502
5.7852291516762691
5.20575399216668
5.1129137179766859
5.9640941535882579
5.0978962586131145
5.0148491914137976
4.6402347636791568
4.5565853896411275
4.119937371922628
3.9779020242857501
3.6191848559081889
3.3748782123174541
3.1337494720719814
2.9369549352271873
2.7685745559528616
2.6831331601206818
2.524132285743752
2.4703579397467208
2.4582936686840546
2.682159663829387
3.3436574414938649
2.9088465223728517
2.8736169943281133
2.8830974635241375
2.6773223438551264
2.5192185372798872
2.4225669341612499
2.2767718957481389
2.1674297012371304
2.0508908164217656
1.9766987098393931
1.872935857738907
2.0702147689625994
2.007739481705177
2.1842501531460159
2.1060674797353509
2.0140407376161145
2.594732995305014
2.2326309530246613
2.1781947648426163
2.8918786388154198
2.7405051189373899
2.79278734716892
2.5968103033490046
2.9972424408837739
2.6356542050099034
2.5070311014853077
2.6228432414450702
2.4144060438456139
2.2637719121726403
2.1861702383896842
2.0360592828322579
2.07787354661914
1.9594488032717945
1.9183669575229236
2.3310851165497248
2.0740607649932055
2.0296406014596098
1.9284928818535423
1.826401682254962
3.2109559958998073
2.4554804629162494
2.4855699016660329
2.3792519159709076
2.2463715773717605
2.1659546218089254
2.0977863821707801
1.9290054943833874
2.1023183501742504
1.8835006101350067
1.8980951795673524
1.8406428250825515
1.7499170894560365
1.6572716906262146
1.8049794711341101
1.7525009137287113
2.0223097094698983
2.2474556021959078
2.1718436952969848
2.0940152813667137
2.6094448670556631
2.2413819355423787
2.5498777909575177
2.2457207800431038
2.2000380507051824
2.1256798252269826
1.9701057652672209
2.0247631669362773
1.9336025783920439
1.9042763358337318
4.6423977449938185
3.4095845725528853
3.4502450260860922
3.3222805774363229
3.4195188550856601
3.3144584091940992
2.9353625896551945
3.1174148659014991
2.7570646465624549
3.210591629845001
3.1803244924867609
3.5237374519799038
4.7618728518017246
4.0713973123654386
4.368145223945227
4.0258671983469378
5.6768097454414059
6.1389956537232075
7.9746251243492292
6.544398242029831
13.918414642333584
10.431112665400688
14.963741204258653
16.277441036839782
20.161550957163719
21.270118743075898
24.669156139043647
21.106355637851777
19.851494147477506
17.857747603624603
19.207569511857166
16.74115191306684
14.747853164817288
15.04360404926201
12.994104838151545
13.005380383779174
11.200124631939806
10.325138780215172
12.139598465681983
9.975442133563682
9.3719144921393482
8.6479087963068313
7.8589717046017515
7.109053692279546
6.4486906193042843
6.8311100061532137
7.2772872194591978
7.0425812241872991
7.0957294617535371
7.1744669893716928
8.0694889218087003
9.7515508986095245
8.1798025900262346
8.0729057024140847
7.4497716349568091
6.9346924321316559
9.6097680171477524
7.6464479706362871
8.037667767245722
8.7269214260202634
7.5987585860478486
7.5129204497035813
8.8746986286627649
7.3838198128785963
6.9650507995808661
7.3731520319339001
6.4533813645136
5.9764984029833306
5.5430166911581553
5.0663986503649632
5.6975449659181558
4.917190940061591
6.32318942585702
6.2904651108551626
5.9739692467290864
5.6368644384932436
5.3435178940039725
4.9539457332556882
8.9269885842444339
6.6667825263688281
7.1699239979474019
6.924688669354512
6.3139575601160667
6.1028519848987255
6.1364766350095072
5.3646808682528482
6.2477710705827638
5.3031016088621037
5.3185644721891157
4.8590863476263628
4.8336327738082492
4.3402114087414194
4.0340815016314373
3.7373759829851942
4.4503868493713155
4.0076878053947329
3.7536944929037199
3.5704940988454124
3.6996490292640467
3.8352800456548839
3.4315608766233732
3.3495804403932095
3.2095683933790058
2.9873938346139712
4.4421817644559543
3.5667809041119041
3.8820218888154487
3.6271364888227464
3.9187584653300145
4.1675557167890647
3.6903944715127115
3.542785092768248
3.413802214285766
4.6985298073589679
4.0725667881835523
3.8463901470405091
4.790705319626607
4.3421329819387626
4.0201200497603544
4.3225522728656038
3.8519417202490907
4.1281560415660579
3.624395848415805
4.4757928879143449
4.0989688327429068
4.0637388507370877
3.7576980391225905
4.0419378093292746
4.1983378436383045
3.7029640278974765
3.5341928878318942
3.2804232397402546
3.470947589020926
3.0643790891358189
3.1254520351577413
3.2768928372488197
4.6444370405132878
4.034919710963214
3.8924830440731331
4.6385225820419862
4.9145930299138341
5.3365262869575991
5.0097836254773034
4.6288011114728675
4.3351266980601615
4.0884162119146241
3.7035155550061525
4.034380078743486
3.5891277830327901
3.3192158589489682
3.939275519473286
3.4272811707508972
3.7496687950108156
3.3465575194155606
3.5457872861458641
3.4936494774037121
3.9491863237788976
3.4194776243475244
3.4577888750699968
3.3676453581050745
3.0642994311842195
2.8580854790137202
2.9995912246430692
3.2723925312023918
2.8950210046901597
2.7595236191954213
2.6073576914225427
2.5308235592740784
2.4207948583244345
2.3192091124563667
2.3955882118963148
2.5912458202692927
2.9279597544294522
4.3551048479765742
3.5709553214497571
3.6943050525851797
3.839152334012327
3.4336379322873389
4.2507335030727482
5.0542604661199402
4.2294628488987556
4.1449324846591562
4.4379358428862483
3.860710661505788
4.1060983424934259
3.6747549428683146
3.3728550749546238
3.1259190786419988
4.5776660003098035
3.9200722349241648
3.7463272434518782
4.0426583685268156
3.6290360198606466
3.4340852695861948
3.1460891574845467
2.9503038326376374
2.6977964399007281
2.4847215150252899
3.9430061882027521
3.1152185118897355
3.1132520565451394
2.9616183780656611
2.9079998105789802
2.7792652806842759
3.3164156256363011
2.8022899994264399
2.8899609760415887
2.6848784598715958
2.504574731320278
2.5115203274830948
2.5161257652004934
2.4402815147274026
2.2931456871211799
2.1643836182383787
2.9123031169291353
4.3848021892991875
4.6498574858967912
4.1385047194334765
4.2072458459138424
8.0509557084665211
6.9767585151275755
7.5406003074107053
7.9750243363682554
7.0054204006375809
6.8595425854244825
6.1094050590628894
5.5273369013950733
6.4981195581769331
6.5458042494984099
6.195138135051212
5.8382810382372075
6.0496564044268055
5.504679444172659
5.5363011616800071
5.5050080116784947
4.966943581404057
7.1728341866524294
6.010331603531661
7.8041014177687247
7.0105802536061459
7.5107528470324194
11.300891188333482
9.0750395117583871
12.116330786962555
11.070413855671616
10.198758133194161
18.320348034155099
15.693254578354068
14.340286081152517
14.55364590567072
13.050705252754259
14.153426185441299
16.958380243980539
13.626378275036535
13.640110636607979
12.413409841436794
11.572440100796262
10.65926438318148
9.6352186981180346
8.8122877540931022
7.8676681272797069
8.1862759053977019
7.7467248813269194
7.6317252546526895
7.0895845175521242
6.6664248988656514
6.1821937738099786
5.8304841768888815
8.1791899646986526
6.6789985380414141
6.4352119292660195
6.8915866125255629
11.625906396792686
10.179262748930016
9.7452460242778169
11.031738392340339
9.9525502617746735
10.395540515878354
9.770439773561387
11.355205526297052
9.644570645669603
8.9625402656941784
8.4967456818194247
9.3166602702537418
9.0096663041355498
8.6989154022744977
12.121183864505346
14.120433041572866
12.128643560660885
18.272620500640613
14.996319451508091
18.930711019188848
16.690030304074067
16.327576871006737
17.567862318365634
15.714903466694391
14.262274769679038
13.682716951421664
16.73249904549764
16.385857174571061
22.211447127657877
18.266789242845935
21.679798062194756
18.702135634734255
19.367894640737809
16.825611012125027
16.679148653612842
18.678011886490903
22.583108326002211
18.65995989447913
18.827241238957068
17.619635417898884
20.241605131251884
16.781806162008468
17.805815538806499
15.592350188372892
15.748106954782088
14.086466618791793
13.181988856341594
16.593616443776185
13.416828077400929
13.000575202805958
12.579338932047911
11.935683764033536
11.830112943379575
10.454137993478357
9.8307892402482491
9.1110963945316961
8.4232145525115634
8.5170742872100735
7.5537141717465959
7.0690965365528911
7.2614559697737517
8.2856758250519036
7.1261920039823776
6.9276499270279137
6.5560712790692044
7.500182614903399
7.8977906542847371
7.9045089196691629
7.2525291882589773
8.8384663357842204
9.0626750827160816
8.0468192488627626
8.2911353663334548
7.9070782293630044
8.3400338003672587
7.6551990097442397
13.56422652075663
10.222531361143526
10.41605893289422
10.073114686205722
9.1465085827014505
8.3374586777203845
7.5453708159509558
9.3428028216960097
8.6326510412833297
7.8016074219184315
7.374452189455579
19.266790283862804
13.983923750959921
14.198823266331802
14.791377518064175
15.647255938018384
13.42292975123843
12.780202678387353
11.438251002754617
10.378003282721405
9.7276915186186148
10.005101973180832
9.4260473565360972
8.7000207445728641
8.0593168108866386
9.0484795709205947
8.0078557323231099
7.8448123215360077
7.2321336285770608
7.1502460361724793
9.1142684242047682
7.6460602866772129
8.9707255761411577
7.8342261797781916
12.56127123569909
12.08705814988342
11.766952314266014
11.986621124818239
11.372530043091796
10.98831751703568
13.2723866457025
11.923880311706959
12.217428342093427
10.88332285527715
10.795761795071444
10.538202340427221
9.7217541391663786
11.103016614470555
9.9123172503289894
9.4823671878325264
9.7593838039866778
10.431255495055328
9.0830442496047645
8.5267561372604632
9.061807961507343
8.2429129059869108
8.5371423100274573
8.4422802554828653
7.691883137274842
13.542744360884477
12.795982068606484
14.04879597476401
12.959990550935656
15.848107866117202
14.719010319806914
13.330149800649769
12.336579841641669
12.678053394893478
13.615457853562249
12.780440711408517
12.748076736362362
11.349132584594198
11.719842333603962
13.035533043063859
11.0478832824036
12.053312739470083
10.5156846686771
12.080140921065187
14.047861201314159
14.281395486268897
12.641962841740765
12.885470886455433
12.025847183722346
11.811945275319395
10.406938158137825
10.536187791122673
9.9753042803889205
8.9047851150650512
8.2244975422522888
8.1936829355727632
8.3100209047920828
8.2537384800593081
15.437972223914313
13.208454503133634
14.688224022510568
13.585458416689185
12.663495454752839
12.522605730474831
11.529400333395726
11.346539907361963
10.010263942602387
9.8926717655554715
10.383691582960081
9.7243011047771937
9.3612592887727306
8.5210893530538456
7.9899976549151734
7.3172375532442553
9.4705894070954688
7.7490600333632447
7.6257612193009185
8.2172604459179457
8.0321764332501271
7.3078407330572412
7.0124293153723434
6.4585510112913607
5.9824482197544002
7.1163441523470921
7.2097044749549859
6.592746016674174
7.0980276167450187
7.8051686046071387
7.7040882988192454
7.2010646278871384
7.0516940115746429
7.8547457972622903
6.896594224462798
6.5714105675599432
7.4913081088111566
6.9884548312316834
6.7154725478886812
6.3878055085403069
5.8983849448941328
6.2645553593023342
5.5908621272948444
6.302910366735853
6.745698524689776
6.488102819854058
6.1885630563431722
6.3801590351062858
6.588061257827146
6.3032034260980847
5.9473231803324085
5.6994031297578207
5.2587963495418801
5.2734610037968936
5.4237911526355296
5.846560312691472
5.2437093732331626
5.127944547098001
4.8399427159089399
5.4593587911700885
4.7772169187675573
6.0420981823373774
5.2430742909174493
5.0511622916558947
5.2906347210518687
4.8956482611284722
4.6912224951467447
4.3719073393845562
4.2690975082724387
4.1212809467903124
3.7943926007363538
3.6148584177763285
3.3937374678889056
3.2795910200095686
3.1670071588602715
3.0693957269797898
2.9123080689897183
3.1883947589451895
3.7286992925138036
4.5897809203989768
4.8750050714109516
4.4418451449459182
4.3576214780141367
4.1330498633366455
6.0242582342953721
4.9378547411177793
5.0852711315006891
4.7365734701152862
4.6046315776636177
4.2412571873120726
3.9271076437376986
4.5355241119548095
3.8982425193321273
3.7136171160458864
3.6439182405003696
3.7899528789216683
3.452069381444951
4.4051566527428152
4.291211158442751
4.6395392441635881
4.4674269484500035
4.1723732730059151
4.0949312776530817
3.8357477691760256
3.6589258191546996
4.179105866168527
5.5162061473618609
5.3141835425292667
6.1671384004367074
5.7236733990487325
5.3832858421404408
5.0255564838557216
5.2273757113602812
5.506247836807554
5.7905966803421114
7.3398166083931082
6.0889398110699524
6.2949846938963621
5.7341389187291583
7.8838030895046263
6.4839666716988713
6.5423316625067294
6.2201830925690684
5.7199801562483019
5.2610358375282376
5.17858344739901
5.0176651091971856
4.4727324248140974
4.7215892343542736
4.1865858518081378
4.3018912145502979
4.2398277615708864
4.8079544178018505
4.9585388683445935
4.4471915154340023
4.4166454350095856
4.9040694034739571
4.2844985946941261
4.0463694258951071
3.7944063574781004
3.508695545362257
3.2632458424031485
3.0298343179302805
3.1031253433795922
2.8266495626593877
2.6870392793321605
3.6771174802557223
3.1122685870282671
3.3859697929326251
3.2853043920666325
3.1084555425662526
3.428019325671583
3.1144414152347304
3.1963999259894562
2.9497381364975412
3.2080569041622615
3.0215489251706327
2.8517324536837418
3.7914053623452753
3.3045509228125614
3.5255103391324383
3.2931517179105567
3.1025195315744911
3.0188303808230037
3.5980171032244233
3.1727326167808148
3.1215874562831649
3.0145796222093901
2.8058763668292936
2.7521774278121889
2.5347841792290065
3.1172432387988138
2.6567679536937772
2.5754870007982564
2.4545872830672963
2.316827629207129
2.3613144409481546
2.1629806363137254
2.0642980814104779
1.9678535451141475
2.0036848956601943
1.9609666458778741
4.1535472782818532
3.2998578521155917
3.3562644955268386
3.5523462427861299
3.2692712019353376
3.0501362168651531
3.9786170538776737
3.370218008397635
3.8747595274659323
4.181785926869777
3.7977191698966126
3.585012285228633
3.3710875543021839
3.2161625996662444
2.9318053650145894
2.69946905565671
2.5343604038880279
2.6693205455429756
2.3974638054637296
2.2751273416910682
3.5304188796016289
2.8609192197261577
2.9333745789790227
3.0264091461176927
2.8049802123176795
2.9198317986356703
2.7114961230666847
2.7087390283878094
2.473547066670835
2.6248650456668661
2.4550566356273085
2.2896075997786975
2.2648422497526939
2.5843665812121484
2.2568238719691998
2.7482773855707117
2.4272459344837052
2.3386342077315483
2.2316327465791974
2.3641510103416361
3.2216105770795056
2.7748340935196349
2.681906685956311
2.6899464365952435
2.5656632520943878
3.4974956202162715
2.8498067461043219
4.6907943812093196
3.7029763075282807
3.9891243305773982
3.639805812920716
3.7675721118264263
3.9838623812620417
3.4416580550850324
4.5136986937282888
3.7043663197023311
3.6402899207315431
3.863577454159012
3.4206674427537287
3.9639424857572831
3.375486655765207
3.3219320836057689
3.1745516919031531
3.0369922213095264
2.7864512041434741
2.8597947485406099
2.5563886733789638
2.5777196208865165
2.3478355935969288
2.2117700931918196
2.4625571956833086
2.3045915326085007
2.1816862978560021
2.2218743700146435
2.0624826451557507
1.9773354470880109
1.882843566720712
2.1521559571157267
1.9751373315361134
1.9260709312970163
1.9344984745107701
2.1435739113510865
2.324510287618557
2.1025378755646367
2.3077811002668338
2.1379296378215265
2.0297887935226222
2.8708809504190156
2.3390003022225145
3.6563632000569055
3.1934208078254342
3.148116354691
3.3385047023036454
3.173799879175919
3.0801309179915655
2.8490363680400792
3.1638346773233188
3.4609963999634288
2.9966555075227839
3.0214699026997063
2.8754657883696066
2.9254976395129524
2.6072233945626695
2.4363297990280031
2.2619208359809231
2.3575356158585024
2.1174582067173859
2.0477935282686772
1.9303172063355691
1.8810755230762208
1.8441372087596641
1.9139016705232368
1.8580724097849504
1.9001852998218403
2.1129262227759749
2.0163651738022432
1.9256889502751793
1.9744499956622201
1.995582963781918
1.8304427364178797
1.8074552440428322
1.8275092518535305
1.980222127847552
1.7862401252640285
1.8259351443979628
1.6991319514274095
1.6177151366407119
1.6779958159166906
1.8802288050773563
1.6788884502161894
1.6316154698788456
1.592206657874909
1.5020732078701642
1.4940587083322288
1.5556073034673354
1.4886919869661988
1.6646573154598521
1.7250091236234326
1.603115991655959
1.6453719425424114
1.5800621612750598
1.6161840972807737
1.5826516956620478
1.553929519727139
1.5348120687037439
1.6657319718994363
1.5034371078147113
1.8115751623458347
1.6241649835727159
1.6246691303205474
1.5541757085983556
1.9437132380768392
1.6698154282341973
2.4152781743728582
2.4119156398900463
2.1898350022093003
2.5509033501485976
2.2533074631242958
2.3045361530210653
2.2311165201540626
2.0610069901236421
1.9133122159353202
1.8663483854584055
1.7065575389257028
2.4177480689593467
2.0419882672101899
1.969227125278872
1.9555574723921159
1.8720237955889234
1.9558368657784251
1.8240933846111445
1.7697689930353122
1.6496391219063913
1.5907288763213938
1.5291980419839464
1.4354713097846632
1.4638191791083373
1.3604988202268973
1.4539646928586731
2.1453512692487404
1.7890881275557793
2.3902684160957772
2.0625254625346341
2.1342639894153068
1.9810758707294613
1.8599611890008696
1.9366115684942511
1.8206206149456221
1.6741346303347207
1.8584652555942907
1.6345008679547934
1.6849419894908251
1.7427403662200556
1.9314040039532052
1.9680234920198545
1.8156893665299434
7.9962427617962222
5.2826515793428896
5.6358345651745427
5.4702441927347625
5.101884559668445
5.4846101461435914
4.5738878966522218
4.1936000254996442
3.7614708854206058
4.0018754184558896
3.4962398636918106
3.197942577000358
3.3869033288675792
3.1892831360506246
2.9571902685035107
2.8493984260604148
2.9219717560024749
2.6276920340487817
2.7548179268317683
2.8324904361918506
3.6672765121552966
3.1704787061602819
3.2151543992045806
2.9640585158206303
2.7604349070715419
2.6446303202241639
2.4325369265603531
2.2391579551247331
2.1427211195362221
2.0489271633084059
1.8823753294958612
1.7687998643823659
1.7588001089962977
1.7192534343974768
1.6781997786237857
1.5782093538666211
1.5559806248560721
1.4670716710623555
1.4002621434289699
1.4422248850988666
1.3664058103180394
1.3973119540327767
1.3283874703058396
1.512982081063114
1.3656649736706543
1.4219252703928924
1.4316427824361926
1.4042673628143549
1.3849836664377855
1.3131695577394569
1.2655024720941039
1.2147956461770177
1.2691346054511892
1.2642287830987711
1.2167705185325353
1.5181324132364165
1.3609880132463725
1.3220719000864105
1.3669903755642649
1.315897093963319
1.2498595899026876
1.1895392746930893
1.1334914519314305
1.5315162320268165
1.8413239226933387
1.5875540479598214
2.4962490731131504
2.0289150316819544
2.026246385845031
1.9731465309206273
1.9777199676987709
1.7721935228041692
1.6555231627365157
1.5339846426618495
1.7072802319391811
1.4814990423455277
1.4114039716014377
1.3670406226369254
1.3304056919677312
1.4446128649330754
1.2902293170938184
1.3154749687561009
1.2281767047155576
1.8919738453314812
1.7269911190827849
1.8295740986568068
1.9094339072063435
1.749509035845745
2.1448346753203902
1.8523368503017943
1.781379278911539
1.6721070884643043
1.7460366259518698
2.2274587612329033
1.871333277309249
1.9374673156800881
1.814214468398512
1.7047835338403454
1.5820262002318681
1.6216636161125888
1.556850891585108
1.4897633218055533
1.4254070356532491
1.3668017401110697
1.3952209517095671
1.2777278787932824
1.2662506380394265
1.1937859137898394
1.1321822961782613
1.8458498934300713
1.4562326676401958
1.4852472431429913
1.4256955952944883
1.3581315581432862
1.2923635922631731
2.0558822224030795
1.6149303993588482
1.6955451517684612
1.5912390574222173
1.6019060154625373
1.6364227095814661
1.5559651147744928
1.4350208516467358
1.353203929810985
1.3664713722573727
1.3193923951466289
1.2212810577598134
1.1826291073379673
1.2425743569406764
1.127298049757318
1.1081328792793321
1.1232627958226753
1.0580956343817376
1.1238348968519076
1.0858461853866819
1.0317713082619457
1.0044810550064178
1.7960103300447332
2.5893315107996875
2.0788654940232085
2.1385524201978283
2.118684004095726
2.6007004108706111
2.3423167778369725
2.3654346490762195
2.2179597096533858
2.1059277722630911
2.048815949243004
1.8849171093347772
1.7342290253440356
1.9494779921396141
1.6883515479653572
1.7486437967378263
1.5976975198438053
1.6147262388437333
1.4635771503018253
1.7104534596633334
1.5791910414042352
1.4702769546424284
1.4024235738130197
1.5090982357876317
1.7721931017590982
1.5310310303860755
1.4792253177469494
1.4968597106621027
1.4136922457292704
1.476202456174206
1.3743206000464541
1.3506949422545702
1.2535998208573738
1.8483725836556351
1.4945952387772139
1.5618333491704699
1.459530605667781
1.5264075661143675
1.3731055582428218
1.3859401409805574
1.407399486475867
1.3218670504697547
1.2369246220761234
1.2137321891274431
1.4751438297866613
1.2860671644247041
1.2693932932025069
1.4203657537463581
1.4667506511909263
1.3263867476962012
1.3484228701278258
1.3403110835476266
1.3272371614536216
1.2484086484195831
1.354155350096562
1.4339384475448727
1.2862887532435814
1.236661917721394
1.1958447432771679
1.7167060496717792
1.9987670426079578
2.6636052718615941
2.6012979544655837
3.4154346371700566
3.1066429906797017
2.9528853048906392
2.7320343030349932
2.5658524294518807
2.5067578980617413
2.545234577059015
2.2352084732654256
2.4835250013809014
2.1335379696516554
2.0371793440986754
2.2675472889528856
2.3959230795262267
2.4348687161649289
2.2003855379724309
2.0731642694019605
1.923653902193514
1.8267624840597707
1.6945143681851809
1.6216092881462416
1.5183770452173453
1.6601825190811224
1.458617822630528
1.403621181424032
1.4517870490029743
1.4089931243174869
1.3250982738039105
1.5738560297934301
1.7097928165440597
1.6010884465873758
1.7073960701999349
1.7324104327258494
1.6931361107061804
1.5554278158351429
1.6813052758138418
1.5958916507969654
1.4616045862069806
1.4697684344765138
2.2747936383813365
1.8038174990098645
2.2645062843462971
1.9682116845333555
1.8870312566769283
1.7556404550808951
2.2380760896868148
1.9568297853465284
1.822258403658197
2.6384277216175431
2.1169314118367155
3.0378985423566665
2.7693935029624432
4.3305609394400344
4.4491858622339082
3.9771780481830592
3.7837635295814476
3.501818038434056
4.0019800440507849
3.6431281729352878
3.2388555658519578
5.5768597534832471
6.7595031650525605
6.3352004664329566
5.8949746495302371
6.042843539537631
5.3176640634156547
5.0074809017087549
4.4924744503211702
3.978666992122704
3.5827324790996267
3.197433761262674
3.192375189742922
2.8242594299582291
2.7400656936993095
2.7111660831271793
2.6017965445556013
2.8236797329687224
3.8182609088345543
3.2713383656754456
3.5431331848027403
3.2298547742702368
3.0119768827712772
2.8286400873221429
2.5957833702563526
2.9727046662478394
2.5891110059992846
2.896261848926303
3.3247744293093469
3.2738553410476769
3.0700102789271679
2.9650722881821259
2.7985699521695642
2.555600905892593
2.3551910471039159
2.2653698740044801
2.0749343313977593
1.9373910508165961
1.8146650230745807
1.6896680188739437
1.5824346327355705
1.5620453946458432
1.4479643367535082
2.0270136168313702
1.977686903329462
1.8373898369629291
1.7878590504908338
1.6970783818154589
1.5898147224820447
1.49696248415137
1.4662260163094403
1.3649645536116679
1.3366055826905088
1.3010526349757652
1.4357356836295343
1.3275821674385881
1.3594677719883002
1.3349836108697337
1.3283992462360206
1.2415196037086522
1.1872930512849103
1.3836055538591034
1.2154960083139548
1.1796283049595286
1.2379785902484426
1.2673228889251382
1.6422625675088209
1.5076499880915912
1.5637550236077573
1.4678466506558392
1.4968245828619455
1.3932823849265219
2.3583895282096083
1.814493995131794
1.8022501566194948
1.9550327356996746
1.7855308456192855
1.8190986689446667
1.7395716519614584
1.978643285183072
1.7129848547987763
1.7602867299984746
1.8327524142775784
3.5982793427546858
2.6404177397891413
2.6730917013307209
2.6462706797158582
3.0986999152108767
2.8543999594134526
2.6006061560919007
2.5575453718718162
2.3897253141357866
2.2933787041133442
2.4360602542820389
10.751637408676032
9.0781232280950857
8.5768737949331086
8.6009907933293572
7.9997216288074933
7.7755005534278787
6.6852379027058246
6.0761397117396712
5.5047571480706043
4.8090167211688426
4.2739198012562296
3.9050583102522372
3.7682833382625329
3.6848618633144636
4.7426630550725584
3.8677032130198912
4.4128828759357761
3.9345420630131032
4.3162760476026971
3.8128705245500658
3.5414531153921875
3.2543366286607953
3.7138046444650277
3.2198262602057257
3.0035897802900156
2.788227079119773
2.7601741397604536
2.5623206203099596
4.4913896654896659
3.389964311399694
3.5602243814024592
3.4323729635176505
3.2208957752519014
2.9513493977545178
3.036962144496711
2.6622199444545331
3.2214797129272079
3.0746789540309383
2.9868561458946368
2.8126117713208307
2.8939826685408501
2.7183872946156979
3.1615020559789953
2.7778641222602585
2.6209217736478929
2.4479546818881897
2.2643716702460011
2.3875085176775448
2.2138894947643006
2.7581109753427087
2.3228867971078571
2.2859727339249076
2.4158178872147933
2.1662905687353842
2.0731675028030563
5.3171154556414919
3.6997544376649998
3.7853481569159189
3.8721198176085685
4.212358877154891
3.6014687016782414
3.3444377329042747
5.0919715574265565
3.9294953741513181
3.9468466633698469
4.9507242762442241
4.970236359812267
4.4056440644498629
5.2391768417883986
4.4609242177185573
4.1429329330430607
3.8753536715024297
4.8001292387407029
4.0254828604007633
4.0732554626104776
3.6535986266113025
3.3786541037718814
3.6402711929876599
3.2099708885622649
2.971066900835603
2.772014606501839
3.0842599738462146
3.565540891412414
3.0134157611886709
2.9848966648883519
3.1711204709968843
3.0329870555003033
2.7486344205311188
3.0694208257910818
5.4795315179653246
4.3140642367661419
4.4260997699116844
4.1393593673047144
4.3288266726891278
3.8083649353210567
3.611264643355272
3.2972022164278592
3.3622746127461989
2.9431742680812558
3.2476322232261938
3.2675504828814597
2.9189306849709142
2.749196529886917
3.1150178013386047
2.7718607723101636
2.5891711737960317
2.4235611103883277
2.548334421297183
2.3244699142530365
2.2521298488681314
2.160461559645412
2.0697490280300133
2.1368106060833716
3.1638728946814325
2.5380781701668922
2.8950233452057259
4.3332521281779801
3.5480289517989783
3.497992793724003
11.057702215976295
7.5589987605128934
7.6987198306063185
7.5228059154423921
7.007664653137919
6.2209211056286469
5.629697116505179
5.194252283340119
4.8143976403540343
5.2258270877377786
4.3793108537344567
4.0722399799020357
3.8657880490512291
3.4703599049636202
3.1886798917674497
3.1883822433182307
2.8324568987791001
2.68071628385696
2.7930187557710031
2.4945354747787203
2.4874640618443959
2.339345005290709
2.2025735640940383
2.0923691254331667
1.9868988946379589
1.9561947405013145
2.0619630487832237
1.8592161477667117
1.8083322853088055
1.748341842953437
2.1247522820063041
1.8347438245647849
1.9829605308690794
2.6475273930851064
2.5359615914614468
2.4012776473765873
2.2958492408556324
2.1589381795947737
2.0056051148243728
2.0378921338705775
1.9658008553184589
2.3389066091340047
2.1668719934742375
2.1028607453228108
2.1650237165529242
1.969126040850766
1.8913408570641754
1.7651595443644097
1.8865263821830911
1.8131034748395674
1.7854468221150661
1.6563752537536476
1.5930644601445949
1.7003417559398899
1.547365732560628
1.4743291537079903
1.3960673108825516