4.0904748161235966
4.3974600082913842
4.8770119918556061
4.8583036763125076
5.2330107747069547
4.7262186128033248
4.6758856421389172
4.9099229471565664
5.386328923257186
4.6894651543288646
4.6341592124966189
5.0283280985240824
5.2836634395627931
5.5997699905407208
4.9195099117883538
4.9490582508363259
5.493604587097491
4.7106459340396354
5.1090502023047204
4.4925265388034941
5.679081991290639
5.479782076693815
5.0025106911379655
4.8930752817453733
4.627443369488458
4.4344901922666224
4.024134109201329
3.7842389406004169
3.4990634361382735
3.2421095094305969
3.0522300187949409
3.4258056034788864
3.0688287425683174
3.0261186796038069
2.8832578292326145
2.7449667091922203
2.8381762908953392
7.8093558404379815
10.718882979298117
9.9872998834511737
9.5911712534054949
10.075522330047207
9.5990319010883756
8.7654201693238054
8.0562873865732172
7.5569266017183407
8.4385132134360514
7.4441813542690651
6.7567461946119352
6.3177724833264959
5.8992937101465923
5.5116253336337753
5.032578107693281
5.4556238770661416
5.0853609046667065
4.6043273639149467
4.3338638822633344
4.0308944614300835
3.7452891271645732
3.4907475808175397
3.3508718198211542
3.0827677671499658
3.1668461673527823
3.6835217691870237
3.4176881199254772
5.0462681848811828
4.0887377702391836
4.7139915859976478
4.2292604905058573
4.1477284663903724
3.8275494482939436
4.1361032967885594
3.6313214943877141
3.549200436446895
4.7534817370663589
3.8492747619681675
3.8061230447400551
3.782977641269194
3.5768230387602946
3.2906870917986581
3.0681565189548912
3.0768741997226825
2.7676125531438105
3.0527445318044575
2.7222572340878863
2.5936732489480909
2.5853000537718254
3.099868484976481
4.1651452785924263
3.5351004617590269
3.4715204864076505
4.3499006295804516
6.542337195748285
5.0660752487924379
6.1986120494955381
5.3929146273080875
5.4901664826836507
6.4875979866182627
6.5097599779843529
5.8416074618262597
5.5007848092601117
5.0675021215226668
5.1291263174138937
4.5886059934814583
4.1928441510685897
3.8280315896384098
3.5390360755367039
3.6569735351924146
3.4364029030981906
4.0723931487502512
3.4449861941951028
3.3380064627680488
3.1562293523550573
3.1781041928183424
2.8920098404815069
2.7132396603862174
2.549961614375031
2.3894531070886189
2.4953914819433254
6.0552222608006154
4.2516103861218202
4.5692156471807266
4.5699664889138871
4.4081470199345292
4.2988482735218598
3.9535104886797745
3.6249881578230316
3.4437872456635756
3.3937571216336577
3.0427021862253869
2.8355201281449536
2.684882516084425
2.7975848103618466
2.5960765753926847
2.425445516672577
2.3426911810352569
2.3720970618118882
2.2287579515060427
2.1169723931679525
2.3302514905078593
2.4921342794491856
3.2847951037371921
3.243200653885137
3.5250878783747952
3.5892198995159141
3.6475023180923021
4.2247552799517836
3.9467236296754726
3.8583909763831863
4.1372696354142979
3.7695607487514127
3.5588161830937914
3.3924881004999485
3.4346324436916449
3.0258226068063747
2.8639959550026273
3.229368572757549
3.4350890639550302
3.4127414073272369
3.0914538420294093
2.9699999245350712
2.8463902849844338
2.6541257529731412
3.7483591763197701
3.1514353440635881
3.3998628184252473
3.1704263796087506
3.5741822748522578
3.7047388850782239
3.2453995563708755
3.0966908712639842
5.6422708048730392
4.06980117179672
4.1740872243007177
4.292852897645635
3.9053652159165715
3.657265156084279
3.3409996759250626
3.1139015243318453
2.8157589631654254
2.8633051326149568
3.0469436454296854
4.2830249635303641
3.3635271141404131
4.3907647018930795
4.1184146006422901
3.7865360399951569
3.7314412003758202
3.5199172864065535
3.6358527262088729
3.4640019530961976
3.1768021303193157
3.6026342972895442
3.1595052618851702
3.9822395391891607
4.0613547827052141
3.5685812969291972
3.6086779492657888
3.4933320361266067
3.1586884574832723
3.4335502183639521
3.0670817204725762
2.8335325162706302
3.8067304017942547
4.4193915167095321
3.6939286049674518
3.9951878983181337
4.0413534248518141
3.7442088546988557
4.8526355402704384
3.8928739508766887
3.7427027446378611
3.5024213583691584
3.6401282102536796
3.8676982906528874
3.4744347449662096
4.5307250410707205
3.986005286572595
4.1054707264830101
3.7924515337273874
3.5948141917969623
3.3147677050694009
4.5232456763305775
3.7910768678921412
3.5638423822621639
3.6641967809607316
3.6935392233912632
3.2562517532679562
3.1178456948952742
3.0131169188981706
3.7226714769186788
3.1051385026905329
4.2272682491316917
3.5794450405405871
4.0036025897705834
4.7652176549753094
5.3938800129871094
5.2040926269176868
8.8211789670424618
6.6053862229595302
7.1257333020501434
7.4156258265286201
6.4654115127401095
7.2459623097369441
6.7277243748083544
6.3228093509108323
5.8141321544864502
8.3773683076538035
7.8653071455161871
7.578465920838652
6.9650337747118582
7.2943584373767392
8.7339842479479568
7.0850013188861096
6.8006694922648325
6.2009754940533446
5.6184743518754976
5.2158752625893614
5.6766634439806225
5.0134181171609331
4.541043373871684
5.0559767794504484
5.5175137812881374
6.6408148022189613
6.0624000542410243
5.9618313081204599
5.7987876999294796
7.0575596542418317
6.0211604356057959
5.7008897890894019
5.6907667334188785
5.4264331629256546
5.6955056642298434
4.877118843333621
4.5744592952637646
4.5505250724667743
4.0146172799127529
4.1097541859642037
3.7322330577337044
3.6568542008771163
3.9433557807989046
3.9438333488211907
3.5164521023555491
3.5042885714816245
3.4973178632708115
3.191372789920079
3.1521590162908524
2.9117389898544652
3.0961053378896968
2.9689414776801253
2.7181170735231368
2.5984510879154263
2.5917764300478687
2.3752228237903239
2.5836647384441727
2.2940236886641068
2.6275840719937937
2.546887367370585
2.4274162532013044
3.0120852482976996
2.6901078281651212
2.5660729539142566
2.5453885778165102
2.511292376112495
2.3790334887773552
2.3153837691874788
2.2690570788382813
2.2756950031465366
2.1193050868005052
2.0224079073098027
2.2844742565351979
3.6432168965369875
7.3196731490302787
5.1652464231995552
5.5422079912409963
5.8539039240619983
5.8235463200136808
5.1904676653255999
17.302508146664394
10.395761434104211
12.540009916243077
11.798759035172814
10.822933288883309
9.7748208241421572
11.211785676095298
9.0780169158480586
13.980371457559704
10.408940380435656
10.446956349811124
9.8880571272885742
9.3940560890509381
8.447493459428097
7.4922869362463089
6.7527032330320704
6.0117999383767664
5.3735964671568981
5.4914153733217983
5.5662496170247699
4.8782238392932049
4.713065895051769
4.3671262306686653
4.2187793098767186
3.8426356037400695
3.6805928092560514
3.3644275650230679
3.1472862171760578
2.9318668689189513
2.7583103659141117
2.6368245055577293
2.6221344486816407
2.4655514257484419
2.4787660611886926
2.4085991940547795
2.5184426365664518
2.8474667843811252
2.5802508478017958
2.5148826769493295
2.5143094794196772
2.3574219452252914
2.2400896811660678
2.167287073031877
2.0544449671175928
2.0020018798254222
1.9085744766334027
1.8455426828728307
1.7631641087249661
2.1160677303733033
2.0635529544226241
2.3656034513376545
2.1914034761638321
2.1313654300275022
2.4502685790107521
2.188672675729777
2.1027208559273318
3.1251487030733234
2.9447576630775303
3.0939728604186385
2.8502914914249255
3.5348210823555526
3.0353386391218304
2.9127207092952538
2.9111473760149407
2.7577219015560925
2.5513852755778399
2.4858611538651179
2.2764088864743077
2.4032790162880548
2.2538044990735355
2.1497539354716553
2.3462544229940017
2.1273282596494227
2.0903222453075392
1.9596921416751132
1.8586612328210266
3.6969352859474314
2.6156115113628418
2.7399723326101419
2.6519585906058762
2.5351995004211285
2.4075215789477036
2.4061055059997334
2.1826289254728293
2.4858982613236797
2.1756467078115707
2.2506267911220865
2.1180842444933865
2.0495069469255744
1.9281648702383609
1.9688463344929481
1.8814212257774441
2.3188825744492947
2.2380324860719591
2.181070155213054
2.1581081424820674
2.9102555931383582
2.3774303510800028
2.5804249199613727
2.339443756137392
2.341281989354651
2.3002910351348906
2.1334105309373648
2.1158806101926393
2.1222005881481092
2.1196565497486248
5.5376885175409516
3.8312948535734757
3.9478128334585212
3.8617172426342883
3.8430696659678203
3.6270441917481526
3.2376858231731838
3.5792916228494294
3.0932399658292509
3.8244188956421392
3.4277034784221958
4.1616517220539198
4.4474022120264225
3.9718853005754831
4.5072159624959811
3.965232793619724
6.3644221863624626
7.0440303889890243
9.569701969791458
7.5721978549151805
17.297341810059969
12.076596202614283
18.727930918452152
20.568353985686624
25.917172137610642
23.5906484768364
25.173401607558972
22.458650750487308
20.720749128403256
18.312286851856591
18.215762917557612
16.741396399838923
14.20188843763597
13.900515056939627
12.057495049063922
12.849120506355165
10.626534876932118
10.049888540716141
10.692175390002427
8.9899341360507776
8.4360385165105072
7.6999329800913712
6.9918256918693125
6.3249623561071209
5.7484095410375238
6.6769225033961455
6.3479230982416608
6.1463708221234947
6.0940658243790091
6.6770874607862662
6.749895493458669
9.8014855643329444
7.6117548758769535
7.6602596890946968
7.1769818935169969
6.8219755060139313
7.9981563850471673
6.6482374324420705
6.6841803093852024
6.9140727768902295
6.1199868646249467
6.3578917122483984
6.8193509887548691
5.8104220323738831
5.4954278500042744
5.6941598781538616
5.0249342563966142
4.6988860090784179
4.3714575050214117
4.0244596969145547
4.3523439796568502
3.8050517826944716
5.9056261586202234
6.0048836010392499
5.7800915434832962
5.5376666184103103
5.3109959745604458
4.9528305769661127
6.873326306163321
5.3276345713348805
6.0397940605495952
5.854130591686336
5.2524925609707358
5.4064591403751336
5.8172944629649752
4.9348717297925138
5.4318205785633209
4.7403067233902849
4.9554328635423932
4.4354358869299082
4.3413266601193232
3.9235692725020552
3.639756113068211
3.3640892561763707
3.7016955462294492
3.3444003073110604
3.1132582821931636
2.9547104608831676
3.3176803536266415
3.2030167115231056
2.9299205069219227
2.9475793575260156
2.7954491764305547
2.6170949365278795
4.6417331831972239
3.4102477011275765
4.0317824964028164
3.7502375242440387
4.311263071696537
4.1463286919659881
3.7605982064137429
3.6134886186961181
3.4119698417443334
4.0088830262255009
3.7702388154670405
3.4032480119626105
3.9129461686329909
3.5740647820961984
3.3010030478980439
3.4560096305663808
3.1590158540058031
3.738107248371517
3.1381523733492385
4.5215418695924843
4.1276118894171026
3.9847176802023125
3.8006478656224325
4.3622611956858046
4.1055388392389132
3.7140899182537095
3.5511055733438184
3.2621876473000393
3.6697804885315524
3.1270259065768271
3.1159096389276986
3.5174864603080529
3.9719899436897816
3.5569579781299119
3.4011111979427464
3.783839875623332
3.8530917724021538
4.0149718811793802
4.0822069474751128
3.6487605255795486
3.4971494520496242
3.3283356327616689
3.0835763204850264
3.7853840186700616
3.1827537926878295
3.0144458329498161
3.3577552790244587
3.0570257131637364
3.1602779127847049
2.8702159881355382
2.9493725882424018
2.8698446737868801
3.7300460862049065
3.0255400961652068
3.2750814059823421
3.1115606044813457
2.8755571741802233
2.6912296690023867
3.0295330018682476
3.4761031619955776
2.9841245904884013
2.8677475920755682
2.7275648266260806
2.7076017140438462
2.5117284242663946
2.4591337300846932
2.3997525700583497
2.4527765791529919
2.5800890630736695
4.6251727879046145
3.4878238196213713
3.6262745972249646
4.0624039101971761
3.543764904543254
4.8278789692573154
5.935324152076447
4.7462270728631282
4.793191863312642
4.8374399566939053
4.2784678058831185
4.7299144724649445
4.0329466814861892
3.7106577125406557
3.441457021464295
4.0952980149750529
3.8538042291703958
3.556803369303466
3.6495422296360984
3.3174503202474948
3.2020481383372128
2.9110377625997219
2.7409294945190665
2.5302584261290506
2.3330801833228021
3.0682087699419669
2.5673834824604094
2.5098702862227134
2.3965501293436731
2.4924984127912819
2.4621919721937613
3.330239543203529
2.6696567167137872
2.9655094082085856
2.7649030511444104
2.5917723125228784
2.5533081466889063
2.7028467347973253
2.632194655329593
2.4127764843179498
2.288288621765183
3.360906611376612
5.2164674421207069
4.5822153120968458
4.3332467309944542
4.5149702043742357
9.4723378535865557
8.0317363383597211
8.9891045675997407
8.7362852959859421
7.9581952560388389
7.6086181312572361
6.7605615937647361
6.109293362933335
7.6283016090284033
7.7511361655496147
6.8459775206506643
6.5209195860406366
7.0944045141394128
6.3878606348867075
6.6061503693523926
6.6890421510568876
5.9967624266632455
9.0690231642180166
7.0688028136834529
8.040091342827381
7.3308705313551012
8.2696504861864391
13.178612939446129
10.103779914055931
11.771928077172539
11.909952580926303
10.513346639015161
14.467131724264728
12.492789496747811
11.18587037293616
12.052194096106144
10.615941254599596
13.124549478642773
13.309268230077425
11.197722327150741
11.118075799281986
10.115736050498366
9.8193402155384604
8.8129000363398866
8.2574171075398937
7.4514165279451596
6.7153842604274345
6.7548682527145454
6.9485706765707551
6.4099345276261541
6.2606282313840076
5.9422556720783799
5.5483172705693375
5.2069245979388432
8.6097769390273005
6.4164733190621019
6.3715484020149704
7.3233905650754192
13.46906851746725
10.315344398309152
10.486392771123453
10.996838417339786
10.405942653343812
10.094335235450995
9.3333796961889028
12.030004774321894
9.7054254539078535
9.04901514861759
8.8599576305532182
10.36640699710709
10.153571520316827
9.2511777345600521
14.345337014704427
16.940883581774788
13.816763671947179
17.282247816170962
15.331643951445029
20.710106211823479
16.767667279123788
16.34214357817017
19.173562873867844
16.940318150455521
15.194245875139382
15.200286213944704
19.766811396231049
16.941631781485768
19.767440719211425
17.269642577271583
18.481669057239287
16.250524619602576
16.094397687448826
13.979766776757907
13.573213782982409
17.701970387648437
23.298239420464906
18.344620560379749
18.648570357839564
17.676125017262247
22.343625188219594
17.522732897705918
17.872301623867532
15.842167118314469
15.328707488777216
13.972080440436047
13.120042801625956
18.156993729386603
13.740204070679541
13.465671928987225
12.915272568581813
12.715640036413665
11.840006339598707
10.542516400138943
9.7742975188673231
8.9532174095338029
8.3199688639726617
8.0303511403775349
7.1262748026596769
6.6152275475610924
7.1820978273835916
7.2639312559566696
6.3952842325750483
6.1820565466551836
5.8289268094050337
7.4356823040051969
6.9281819555116977
7.7303457756180931
6.8575146606407236
9.3541383097948128
8.5166231920900426
7.8316350000095358
8.467622666838631
8.1342744534477713
8.0106344140354473
7.733050899376436
15.401644526115589
10.615817426176854
10.999080404825024
11.02365897742116
9.8879409031463013
9.0015323630025268
8.0962569117848879
10.807724965031809
8.9458204529710823
8.2499960111622563
7.7598620485467915
13.435848402951507
10.799466353321932
10.329117613176225
11.795632571194822
13.714538240045469
11.231737491882349
11.004688590881557
10.039226464992396
9.1788756169717836
8.9850367728224452
8.6586276390282908
8.8354933542171938
7.8018851624018
7.3426449323487137
9.1146879406116241
7.8548904887336644
7.974865974795577
7.3343765924799555
7.110976787645769
7.9792777598452655
6.821084690824434
7.407066246747493
6.4791940308156537
12.799115974431302
10.347128450009377
11.222874755181309
11.900905677554587
10.913506492109715
10.524478663053998
14.323687193845355
12.659811716137311
12.255512662536674
11.211555025127188
10.837630568234541
11.135020049443018
9.7588167310497997
10.244722230078745
9.6918412280878012
9.2312054983014846
9.9585194785863926
9.6167198903745739
8.5810235899835838
8.0491356622120147
9.1876346622559737
8.2630919850682698
9.0332406406425001
9.1689117701653622
8.2919084900101545
16.092960623844665
15.085084027081194
14.83402259066488
14.542370509870549
15.641838645603661
14.384704415301638
13.017202156846626
11.863738342717296
11.598251714392367
13.924963859287157
11.84767909724331
12.874514021722531
11.10148205875841
12.291262535448086
14.476290276656798
11.735646893938561
12.262180696848993
10.945465549074996
11.466599074407723
12.040347011879804
13.868100970318658
11.405400786413573
12.384077209550421
11.211271691166392
10.889468882819727
9.6711783669944431
10.411797347562072
9.2957126821134892
8.390250815731191
7.7420685991814109
7.5255960032291807
7.3464558864531257
7.9043486932511442
16.99309457420425
12.55712504522945
15.755798488760673
14.04450436966712
13.289974699750914
13.727681287536045
12.147196328059023
11.588370276919555
10.327048259556825
10.49159655185349
10.011805471109147
9.9875010069274754
9.6419884805063845
8.5868330436610965
8.1670493025838944
7.4281640278182497
10.623159551709758
8.1250709368912037
8.0376452501679214
8.2373835053970037
8.5812929719069455
7.5443735573918058
7.3312207034400636
6.6691164128892915
6.15773667118677
6.6189930573606786
6.4239287405643797
6.015154190076986
6.1113618447624951
7.588590839358992
6.8108324155605251
6.7074437936815805
6.4621421253608817
6.8298471370072482
6.076059131245982
5.862348784010492
6.2206952165382656
5.7858440166345773
5.5169089667388
5.4220831129750646
4.9413683128819859
5.8102169932604975
4.9656108690243004
6.3011799319612436
6.0158311768689714
5.8415221419727237
5.5765486448217061
6.1268598557451703
5.8533875034412466
5.5952222593580512
5.4469410360777051
5.1011913871111032
4.7441068721253146
5.0217846471681487
5.4161277123626927
5.2846997975157137
4.8621565082851834
4.8691913216427318
4.5137593732000969
5.5968254386381648
4.6386229173045193
6.5810477544415305
5.3641117659288522
5.2954829990940242
5.3366553857125636
4.9306513401370786
4.6463429539139707
4.3262880737606606
4.1145187897048272
3.9017976743192349
3.5766749417805315
3.4143417159777862
3.1695414302158311
3.1198382729148402
3.0455035349536526
2.8910294995797465
2.7641978476739877
2.8904452774799787
3.1423863673200416
3.5548072867697966
3.6673507343214662
3.3580718287847788
3.3073388761338682
3.1645717865588145
4.1689954549318866
3.6459528027621246
3.9757051596432569
3.6668818826635041
3.6120663988940396
3.3883329548539374
3.1756143574754501
3.5028758664001622
3.0860248212179684
2.9266859475899496
2.876543093754667
3.3171868078514395
2.9494973522263579
4.3957564106775955
4.3374448274871886
4.344100566102961
4.5192919222485699
4.1357555663888226
4.0243256711666282
3.750589016950701
3.5271699321429488
4.3996585115907134
6.1629684056767458
5.9301235991449417
7.2188223834085692
6.3896332744385713
6.1480881489073118
5.7295832670574303
6.1842813586931058
5.7940035717723237
6.6277563504445594
6.8088248180852835
5.8759352496281725
6.2634243269255361
5.5152166649032521
6.5739467777120311
5.7452805394770161
5.5457286384833386
5.2383999154942904
4.8193854124610587
4.4392942240422988
4.6744740731814991
4.307954546739726
3.9044657888118941
4.5022059806931498
3.8560051616053328
4.2510782624750609
3.9800103918940519
4.25271291790785
4.9153867079651992
4.1661897710697806
4.1413677846828829
4.363414733462502
3.8915318483629031
3.6400313259534633
3.3992420476247944
3.1362171772485663
2.9279734456009114
2.7122052732661164
2.7135915716458516
2.4996807935768395
2.3624116973242568
3.7720004657685777
2.9941292468858252
3.5036486513822189
3.4389715352784811
3.2541996185278697
3.393828558758242
3.1077749176770704
3.3100554512922979
2.967657118952753
3.4282348052263827
3.056551864703283
2.9379410216836428
3.398138420017534
3.0168962946238551
3.4074563736742554
3.1035988248310908
2.9165230611804844
2.9419120808967629
3.1655150237142342
2.8413462140292594
2.8714549050304701
2.7027516127083802
2.5273438540811579
2.4660883947916465
2.2769257363491802
3.1714071622003286
2.5288676679965967
2.4979903594972224
2.401360603326498
2.2682831904492078
2.2540673173110792
2.0632416349398404
1.9530628523822691
1.8497323021348049
1.8455034094124481
1.8747473983878193
4.6288308163830338
3.4569152115488264
3.5219224310754003
3.9673865277696589
3.6126340356244984
3.3688613821662803
3.7947109015906526
3.3953843315231493
3.5249640579872366
4.2508211372063558
3.7262460931427475
3.5267270876431125
3.3419658015550473
3.2916021411603302
2.9782434411906396
2.7350722322061096
2.558014121798029
2.8541529053547716
2.4844952884089708
2.3568661610445147
4.0680364804035936
3.0498684583945681
3.2562451638544823
3.2253252759457003
3.0564092662749287
3.283627464752219
2.9212506379542797
2.8556562102279601
2.6101477059809168
2.8915002492713122
2.5692608629201272
2.4045704506779217
2.3414003623008623
2.8714524725288437
2.3807155106983418
3.1379125326609731
2.678935650883469
2.587120225560537
2.4836137127979292
2.496109436885404
2.8793773043814412
2.6572745275742715
2.4658475287342747
2.5611897981310969
2.3866627067830684
3.7580939272724843
2.8593706590233037
5.395836603190781
3.992712180340793
4.5794414741598812
4.1217041825732075
4.1231230730257442
4.6631126171486521
3.8514560810088954
5.4229195689950087
4.2291845418975464
4.2621973281375869
4.2332270653142574
3.8384637953632113
3.989590537835332
3.4483149859190068
3.432898188994256
3.1626385174583231
2.9911727570582349
2.7442177815819755
2.9699550998124651
2.5700544233061664
2.5578320426681049
2.348965435629756
2.2071015529388087
2.3135877398157576
2.2837331707936475
2.0972455176110572
2.1060726378781123
1.9678947872811243
1.8855314339268019
1.7952993284052523
1.9302079495984257
1.8597281058332997
1.814076553182369
1.8835124886735686
2.2333273726668632
2.5250631265998651
2.2109118826154237
2.3587528529192383
2.2595036829543682
2.115422377184125
3.290835027823845
2.5081900531151562
4.3351136917238193
3.4722401597007511
3.5831051761661028
3.5942535521738397
3.5782695700451117
3.4903510362800398
3.1462573037853043
3.2454110881778306
3.903084520711789
3.2044630326487726
3.1850326593959006
3.1305921321623047
3.0173739200677354
2.7146615961461165
2.5201805260342631
2.3268755736321118
2.5508213019216934
2.2072381802508065
2.1318286539631717
2.0101500801362522
1.935071020143158
1.952650738135032
2.0854598521789738
1.9291110393069426
2.0795578967665058
2.4017386229965112
2.1644595492240688
2.1174842112403853
2.2333623210651221
2.2934863392810736
2.055180100510495
2.072691304783286
2.1345489830821314
2.1089099480348348
1.9338427179925028
1.9181104852883104
1.7799616501351381
1.6800944406879739
1.8130971896668329
2.1161427379680293
1.8309122754082112
1.7908028268575988
1.7776202106914494
1.6630227808890723
1.6873368146898509
1.7957734900737825
1.6449605974143913
1.9466873074184263
2.0341444839101896
1.8552120439611708
1.8645508055496478
1.7847465101716682
1.7628819434443368
1.7774989331734437
1.6694736321060433
1.6978400133424618
1.7055636105982799
1.5631620636509453
1.7225042990651303
1.6033545058476133
1.561866974084577
1.4954183467906781
2.085120210560135
1.7058870384551963
2.7668735300907255
2.785974406294121
2.4792308921129793
3.0875203266967719
2.6706474647751564
2.8222915539773346
2.6119514011717917
2.4189411659023841
2.2343776640139921
2.2047896609551092
1.9781900949117714
2.3081649793892631
2.0059383014510548
1.8986805272927996
1.8531507145122657
1.8247752883773394
2.0124131717102043
1.8800541890964064
1.8033294300687441
1.7136673430804144
1.6492492983500893
1.5772377421077328
1.4797403309051458
1.5681738559101746
1.4185701498393044
1.4637715352122038
1.8116616631063363
1.6146456223357377
2.417819427147776
1.9438115524400612
2.1553892082364796
1.9874331413644026
1.9070809195469003
2.105733065077787
1.9897612329092742
1.813977798302413
2.1434180613253511
1.8230418451817727
1.8391226381233592
2.0063768695402242
1.9761695319347314
1.9592748019014803
1.8407946841552363
4.7302039674489134
3.3278202920114626
3.5809185960453296
3.5145948383882151
3.4106420991012389
3.6279675516153485
3.0882234514599811
2.879290119276404
2.6180134507087631
2.7669057222210189
2.5645188191126969
2.3424389312134126
2.8444877240045474
2.7548768087136861
2.5210079906093057
2.4746801690088334
2.4966021813269323
2.3065320700843395
2.3241197261591902
2.3217128123799431
3.6217722643245893
2.9661104289780886
2.9805321533750067
2.8115534952278369
2.6341841372540928
2.5027464613391652
2.2911185172934387
2.1145300814293964
2.0650223806209955
2.0037311610766069
1.8090251431589428
1.7046137810829796
1.759130591491568
1.744389797027079
1.7239478119348617
1.6034515634625568
1.5694849808418072
1.4806927593080235
1.4024856344316736
1.4979879250422818
1.3691369882946871
1.3739405957054593
1.3237448169112813
1.6053029369479381
1.3836288535719286
1.4242454653571186
1.5024824104913201
1.4779885901967564
1.4191017076585974
1.3567830718224951
1.3077551718353913
1.2446373665084891
1.3551999710168898
1.3604118822841511
1.2733045047999982
1.4411716003526884
1.3539488313905468
1.2856577863258396
1.384365557600262
1.335658408379736
1.2676528302117878
1.2084747231274673
1.1541360259772147
1.3629549941684955
1.4992462656803665
1.3231654556230914
1.8122299249302911
1.5111079145163675
1.5157065186109573
1.5501956771797976
1.6759578253679561
1.4799185719554766
1.4281728410171053
1.3497263498540764
1.4466007159039977
1.2792051225387759
1.2225726128893135
1.2194417831177464
1.2237204287771319
1.2586920336164662
1.1485206657251203
1.2289847348303959
1.1267479345117233
1.4883425294191639
1.377066991115637
1.6023266166242498
1.7430520669072442
1.5567056472042169
1.8075247214740573
1.6411267973974371
1.5909750262744569
1.5017695199488754
1.5272471562210839
1.7607411379693902
1.5502525176048458
1.6830638342083173
1.5347877629640572
1.4818146522003712
1.3876126899898191
1.5409231878596812
1.5125825509440729
1.4772675396783057
1.4014182911491757
1.3532244449634052
1.3508623312934809
1.2471732423195883
1.2638230262012173
1.1800789318082858
1.1166145212652647
2.0740080650638166
1.5098110430417582
1.5954971111899756
1.5387945807337839
1.4780528776853525
1.3930512905304124
2.4218191900487773
1.7751763972402665
1.8515531120644064
1.7621591353016244
1.7285326763448423
1.6935808012597318
1.5863314954169874
1.4544308918212672
1.3598103454442323
1.4271810102278768
1.3199553810372744
1.2332269308393042
1.2141858546925066
1.3341103658627076
1.1754036175581226
1.1834507739913263
1.2341365152949584
1.1368118853577467
1.2657229714244478
1.2204221269559838
1.1487713808993012
1.1155163578887872
2.1552644514229971
3.1257442739060872
2.3809530936263976
2.5283485337903331
2.4829230400381017
3.2331589337915481
2.6939937058026313
2.8592292872388274
2.6681959638331385
2.5515190577377114
2.3935637889641077
2.1969582754162826
2.021429118072708
2.0606738416133523
1.808172461478432
1.7862155138017322
1.6493123221982569
1.7167043071586399
1.5187852425549009
1.6470391452804427
1.5308926256520947
1.4243203533165611
1.3569294521680475
1.4026142303422009
1.5213620292732144
1.345190893676852
1.2964028210055829
1.3874960957006035
1.3263146900284315
1.3426190501579356
1.3186477970997386
1.2734024115610443
1.19743339254499
1.515732916623511
1.2795486979822341
1.3964750287458776
1.2797109467540166
1.3258439003618472
1.2182433256254772
1.305817545954014
1.2665038133151785
1.207720482390229
1.1409085158813621
1.16016267978111
1.2773548347206487
1.1699311553665503
1.1701672387938087
1.2405985170660447
1.2570620895123641
1.156251447247941
1.235479252065607
1.2733412033933538
1.2211042783076127
1.170319642984528
1.3821172602697096
1.3351147509227244
1.2333279778814306
1.1906695843125423
1.1513676016390675
1.8846275122835696
1.7710454332909327
2.1413392657280501
2.0956026207275897
3.3091239996956383
2.7004127676464047
2.6495724862911789
2.4977657241822322
2.3600476271690742
2.266249028089439
2.2198045999317468
2.0045858050185936
2.0870679068758737
1.8179114375968539
1.774889300397666
1.861302128598417
1.898901316423292
2.1895550671512773
1.8712732928902767
1.8018875935185175
1.7001950705065842
1.6838595527683369
1.5435894930353631
1.4781910028271814
1.3886301048154746
1.6662529189767592
1.3983780126946874
1.3788843748875168
1.5084666309006507
1.4854857546452394
1.3969982246442785
1.5183881112941537
1.5644128363230889
1.5470019541076176
1.7112304259034092
1.7834083261392324
1.7814699690847109
1.6248474005358091
1.8816385863332155
1.6955637969118418
1.5754359567512952
1.6354703967106201
1.9789582398867347
1.6470274463100416
1.8847104942205217
1.6622433355594608
1.586734309416693
1.4834345652262184
2.2305118258413286
1.7884404589908489
1.7308798834752719
2.1786919502404194
1.8307181366264482
2.3085563201455632
2.1115011534647823
2.8964241854480792
2.9165322656968873
2.6866124574229318
2.5354799159538088
2.3870655552119926
3.3653401494102559
2.7950802587848225
2.5892443272324153
3.8165012900577726
6.3021026993000708
5.7296257063431915
5.2678063309791998
5.8977331048847983
5.1197035501977499
5.055895119371276
4.5755323804834571
4.0403673533005691
3.6724893608503368
3.2513689752990125
3.4074398831573407
2.94879766844827
2.9382663043753547
2.7594966962980947
2.7752020638144481
2.7407798414567273
4.2493750760203381
3.4729688105254883
3.5840113509085576
3.3789454235966514
3.1288024254774158
2.917898071208989
2.6988670356675928
2.7965598090293322
2.4576157083868604
2.9713664905848751
3.5797476416608709
3.1916858263455219
3.1755264648294563
3.1124257258158341
2.9717481922394766
2.7031729540769915
2.5058721904765457
2.3617513191376216
2.1922316911488582
2.040162215958536
1.9093845647070933
1.7668392250126854
1.6453199197676811
1.5932780458441733
1.4728470511737806
1.7645811377659566
1.6936170562567587
1.5886763858687836
1.5330582264695698
1.4636503759296633
1.3833932460822485
1.3162483337529236
1.3562133460566606
1.2620167817856318
1.2824660326638697
1.2794316083047008
1.5118904380391482
1.3422376969348728
1.4481616986368191
1.4391009299737036
1.4587354435897339
1.3433318663534048
1.2872100380572982
1.3807434700802332
1.2313194665138434
1.179607032997293
1.2910226169830818
1.2379061976485772
1.4339657289497239
1.4373446360982562
1.5205533755741427
1.395345625915297
1.4194283911947472
1.3370769392367574
1.8299433536485046
1.4679025624255539
1.4416082350933894
1.7299102224005423
1.5627703999293987
1.7195605867385078
1.5971091284239316
2.0584545127936256
1.7164292585681185
1.7521492440267254
1.7718028442688565
2.6253705438980717
2.0061960980713422
1.9969814718907086
2.068398820877333
2.255474222941241
2.3360817176210165
2.082583277472867
2.0645812088354103
1.9586203552132213
2.0143052570677202
2.0069272949113866
5.829538846088413
4.9117209968057365
4.6852105766845096
4.9115804565880037
4.5700445281391868
4.5624641817413671
4.0028491878452259
3.8427230348814119
3.4723728672488523
3.0874649867595787
2.7778769101409164
2.575716498022079
2.7672397410216312
2.9065259914551067
4.4773382129120192
3.3641143157391138
3.7990196015450892
3.5429649874556959
4.2270560163927495
3.5308335039364258
3.3105543148769878
3.0437871100948604
3.2150534097814014
2.792459724068463
2.5806252992041805
2.3588354921283274
2.29243285876198
2.1988801806100944
3.1024297105057799
2.4019289995301878
2.4976361207495756
2.5193607980837198
2.3970738409043681
2.1972026935134341
2.2596518679051174
2.0123227687960297
2.3144583036235642
2.1989118958903329
2.3114970573226881
2.1633284658607219
2.4427070377667026
2.2112612857642948
3.0186906464609926
2.4819039487169481
2.4127505153525384
2.2676691445273458
2.1005010366669978
2.3822955130441255
2.0784664767124514
2.3516352276583365
2.0221698749419055
2.0050952978858554
2.0245421998302953
1.823426731015457
1.7787716309555881
5.7916334166237995
3.55279176966721
3.7912513114156341
4.1121312610385763
4.7291129755987287
3.9119888813204517
3.6630095598020747
4.4862673379336098
3.625019471043335
3.6543437420214668
5.0831202622818825
5.2021796742606883
4.5258619165199807
5.9244035347113009
4.9067970980028575
4.6030943916950839
4.3957863744570069
4.6828139106669671
4.1458964321061087
3.9378954065647505
3.5169575989910711
3.2227181993524581
3.752791653423587
3.130358868066963
2.9562916355299
2.7892173246198775
3.3434420248722221
4.0387049014154739
3.2643222771723961
3.3451545740112687
3.3540532435853829
3.3852941051328767
2.9677744850794463
3.5122513469644456
4.4221443261284668
3.8832979669528318
3.7706465995451164
3.5222998615855938
4.0243674398900806
3.3975950471038088
3.2555758772024901
3.0652835222311321
3.3433821402541448
2.83013813947621
2.9828484277215539
2.9195144816128313
2.6212020919151318
2.4543835722538416
3.0842532820973059
2.5761776429395566
2.4683826960329727
2.3341600965732154
2.630204576649362
2.2953128620210541
2.3157833351972807
2.2495001448663503
2.1809056849520005
2.3400250329268659
2.7420698305905864
2.3309847584421362
2.8402426390168127
3.3795934810829786
2.887541701513249
2.8981018153020113
6.4642502562184045
4.6551025953390592
4.6258515497373836
4.7486077886222926
4.411126605069656
4.028608672205312
3.6972447263053323
3.7053734480857043
3.363274090397141
3.5998529838739697
3.0521922286164047
2.8576066692550075
2.7342089806056378
2.4688292105709939
2.2845857438462982
2.2793402396322753
2.0350746796833437
1.9898282406698271
2.302313142792463
1.9838943793304853
1.9995638128334148
1.9587313145648508
1.8513496930715185
1.7555315856238145
1.6695963820046811
1.7216311528497363
1.7136129920534295
1.5594425668757363
1.5157670962795606
1.4961307712303347
2.0628750459341791
1.6618250398054504
1.9562489758411883
2.2213704086315902
2.1359296954290588
2.0200382681995772
1.919466741559829
1.8022250625356804
1.6791529187772749
1.6766182760305428
1.6035341146075028
2.2259623450042976
1.8801676021110931
1.8645289883772638
1.902179287652447
1.7487729634280744
1.7113328908925802
1.593880424631329
1.6370215861944279
1.5606554392556362
1.5180614313156902
1.4122475441219458
1.3778292344970431
1.4192064752246747
1.3296843290442724
1.2583986449954114
1.1977333038158458