6.0508486043374878
5.8386290645384964
6.0849902032669441
5.7438552609587328
6.1950902994221435
7.0416556658428719
6.9248720319858501
7.5351423001652398
7.9861545442118356
8.4725802801510746
8.3742590158551451
9.2318989812911401
9.0210987916981384
9.7478495555259332
9.2617760421065416
9.4329659459675685
8.9598483413801926
8.4818850972593136
8.9151971830921344
8.1270368540322639
10.717036320007347
10.529001160662453
11.687528767733589
13.108172621909695
13.784865981155663
13.60437452007422
14.623359452725065
14.789960817421418
14.861824973394203
14.551635437307162
14.385687055683563
15.964648066320485
14.750370927923214
15.539268553219284
15.523598802323919
14.709951073108694
13.909334276176303
15.798426194147881
14.375286517411761
16.055963653249741
16.576885859691785
16.438120771325355
16.192759791241542
15.659896069482285
14.620265241244903
13.753527092212366
12.656943438280562
12.143162385729664
11.542631820543219
11.030996260299686
13.282244922307013
12.325063804478196
17.905010730945122
17.278475669710073
20.498224426952522
23.557872486141687
23.252026011075252
25.960602691700156
25.241997942002353
25.789198980793621
24.797028502167599
23.515618072413542
22.078116768625847
20.862000785224314
19.060634547315718
18.771731049323932
17.482406629281819
17.033204284823153
18.623968802195339
17.723704518036826
18.375364805807237
19.074109985268198
18.252163304248946
17.765366010849206
18.399296935005236
17.918142764034073
17.914435904123518
17.851042602858225
17.10580523367058
16.1324450220263
14.911301199128941
13.678507375899171
12.718867890625235
11.878188878753216
12.908643546634758
12.014630066647877
13.133048403874774
13.366061654789785
13.008323887349563
13.177071361830011
12.556452984644304
12.534082868859514
12.758195243469602
12.191995515430062
12.174427832965991
11.64179231352772
11.185884061300355
10.972212225476195
10.342043712630581
10.179515975936082
10.188496468240603
9.9172040923865357
9.6262852829396515
9.5783391350459191
9.0961321767070871
9.159918342019326
8.5514015130084502
8.3454928441965297
8.519154967314762
8.2719999424893533
8.2039097910132117
8.0748527814387643
7.8707023633763189
7.4340991898989159
7.0021448837646343
6.7823194400726994
6.3395572143421841
6.0347431920428685
5.7820399221443868
5.7250982365091438
5.4401391526646465
5.4990669968675476
5.4042015873928806
5.2899448828334901
5.1213134530394457
4.8967095460124144
4.6530614102200323
4.4047905763440278
4.2250491293888608
4.1476512863136428
4.2870151219581762
4.4680151248351327
4.5078445799853197
4.8959364562248355
4.7585385980416381
4.9034384409761715
4.7033698649377405
5.4692061408764845
5.3886782505317736
5.7132878091113968
5.8860820687834003
5.7465778028580372
5.6371157740486586
5.3161107058753787
5.187639367480803
5.2590421934119229
5.058720752928795
5.3557309329310607
5.4836321383569402
5.7785273183062893
6.0240893969929878
6.0341297482252516
6.0820791059222428
6.5845145762312569
6.1809138967905595
6.6357081340164354
6.5799444201916639
6.5356342336927842
6.3198022595408778
6.2721087781885378
5.8799798563672807
5.6210806716604367
5.2772221692007903
4.9009804943192696
4.7150705901501624
4.5432853362983963
4.3282981232627789
4.2714669765290605
4.0629256070840976
3.9260997918953415
3.6868693220811721
3.5094933841530307
3.39043217909484
3.3693992716656749
3.4614521674486971
3.522535003946166
3.5796522662520136
3.8462323070297337
3.7228528671407357
4.3583828405147917
4.2910127942639509
4.5440198663587612
4.7549797236113678
4.6491208874148668
4.5460834490345965
4.6381091711235261
4.4967288329542239
4.8040025456461217
5.374262904971598
5.904002878641367
6.7171223027959286
7.0221176036132631
7.3356800040021204
7.2986928468662944
7.4232518002441692
6.9788481174759855
6.839607877871889
7.4588474456339506
7.9458003525640164
8.069031276657066
8.8036820122282933
8.8591784049041582
8.8771786239863228
8.4341886619971884
9.6791280864957461
9.3031711728838591
10.954213296406044
11.513025472496148
13.520817663909115
13.588797400688128
14.228114693424079
14.068836506917147
13.524384146503941
12.511444899753773
11.708513701776154
10.854668929739015
10.002925600642884
9.2139256865028756
8.4979225924355752
7.8073493553142415
7.1500984829991108
7.0617328688904353
7.3852354385245276
7.4493786946738529
7.9139435208916478
8.1554639516642542
8.7322684909418538
8.3589190711929202
8.7902668963363961
8.5009896350525977
8.8187596708940692
8.4786961268266641
8.3936256580860373
8.5066681438264968
8.3191905773606649
8.1337798321025954
8.2131068836216343
7.8997528874330838
8.4333508257952641
8.560875970087034
8.7948230850159508
10.644389403943045
10.358350363148297
11.093496890675112
11.377457216114356
10.781682432842
10.294242334530557
10.093999274371265
9.4816797433595088
9.38499598511412
8.9568020402357416
8.7417215772314325
10.112558265903708
9.4574601655762951
10.527487235368749
10.454058956082017
10.205902790026244
9.6403565283250643
8.9648611846444481
8.2182286046279316
7.5314835122060231
7.0025661142699365
6.6723663444973367
6.1824154141590819
5.992981884879427
5.6400092797803838
5.3027373020637834
5.2409404857189674
5.1197665833598078
5.0890803594931482
5.1404724008024321
5.0946745083079845
5.5486892053384391
5.2617886878789033
5.6547293418873341
5.5177318434421272
5.4089530359368734
5.1853917082765424
4.8925642322785041
4.8302919581452164
4.4907291206006272
4.4663029788080024
4.4736138300266637
4.3567743737853979
4.2704765748852802
4.2002987148089277
3.9833990549961009
4.1754910492398398
3.9300843455934595
4.384410633616719
4.2527361614890618
4.3670396297120231
4.3334443071089046
4.5400069047858826
4.8107715486297833
4.8532313341809132
5.3935025953760078
5.4855015964661451
5.5217661455979217
8.0493227346326979
8.3989753760912151
9.7788051623806709
10.781361191242794
10.925068323967107
10.699184973366776
10.36967818916219
10.321661185778089
9.7711155353255492
9.4981284426129786
9.8735271842874219
9.9349214992415256
9.9055846876966154
10.178415611961819
10.184436826822553
10.661494922718585
10.069211884006785
10.583927462837389
10.98876477483501
11.687356255934812
12.212019458987545
13.964701617891629
15.159856113569898
16.11631142241281
16.515902555458045
16.73795718070356
15.868989065553858
16.12987848423494
14.799921446068707
15.54829142633546
14.562732797823953
14.271933361311698
14.182349121383519
13.511766036728753
12.927707914067145
12.344967863370798
11.545039532372176
11.502815605511616
12.408362216136911
11.895531668385498
12.837847236889161
12.776426776933643
12.20724100080759
11.596070830756572
11.714682343722369
10.771167419699717
11.147801174738223
10.542396550155853
10.410152786563401
9.9615292954498873
9.3971418734782528
8.8507961969311264
8.2463435338659714
7.7200282500688813
7.2832049693469045
6.7567271936793745
6.5065374337373436
6.0616419713566287
5.9504317780195848
5.7680122609142881
5.5274322917261705
5.560467856918561
5.2975750620738236
5.1222084179363145
4.9082522857829032
4.6458159258266614
4.3884682521211289
4.2770915471603086
4.4124884115261986
4.2287802480244876
4.5147561716327909
4.4197610381481942
4.5446148161574218
4.3624281679156507
4.2608565672293652
4.0612803761609078
3.9843076206317183
4.5417800849854588
4.3052746358679492
4.8039267327736894
5.1481330684564801
5.5538939744513653
5.5966538452656556
6.4726002032031351
6.3315751700776497
6.5585858003905706
6.4669347349515611
6.1655221735497072
6.1857716184802829
6.0987542643254553
5.9579368893736611
5.9179413072877347
5.6665267770529262
5.5898758523081806
6.0415268690508057
6.9857726432962703
7.499931897039394
8.2636676313080919
8.6040148837493611
9.3261034172988442
8.757624577468091
9.5932113059935435
9.1702628411556102
9.3649132452273633
9.1803419593213142
8.9211464536468004
8.5040593467189254
10.093126746031997
9.3520723418770206
10.792651410766926
10.937586421025822
10.946978127227421
10.870120082259016
10.220424692597124
9.7094581672623939
9.1385379549196042
8.4305639016527749
7.8153735934070339
7.4026324898313565
7.2524481018990441
6.778208564302088
6.7154616334843436
6.3845699457699547
6.0561865675931212
6.3003151871612983
6.3067841691611441
6.3682082079192668
6.500596993738105
6.4493910137019812
6.0924987580079613
7.4680943432834308
6.8534130493052778
7.6855663780974632
7.7782519514486568
8.7613626812452097
8.2331057458424812
8.9961220681670309
9.6134995402426018
11.224964077338294
11.628171632590201
13.481781742493759
13.677760241674573
15.086019860371538
14.56359855048861
14.480439734639374
15.86550056326495
14.73823987253126
15.014263242057373
15.561362213166133
17.363998883418866
16.602808721562329
19.28011326930946
18.770572137370223
19.516569781635894
18.568349948684752
17.802259044310667
16.59299893952269
15.227495665561818
14.182726204459309
15.075496981586918
15.484730743046802
16.003842138648608
16.797342180181783
17.789979355629544
17.442131001124192
17.441585849553146
16.981666693388775
16.838083281176793
15.872675929316435
15.156749679276526
14.256502897001651
13.274846541027877
12.988486331498283
12.917617635984186
12.379220975260084
13.304476008257316
13.43411278645274
14.312098608629819
14.554977502253188
14.6461911780499
14.504534251859734
14.634254149784303
13.595991500501661
13.555047058351104
13.236283722866009
12.593804020364198
13.023517166649807
12.42788393075671
14.084235515951121
14.975480259028831
15.465883373816487
16.189070973393481
16.133051219892359
15.236020126829967
14.369484005655387
13.235619410615623
12.191285921164043
11.131058881044625
11.117691061880908
10.151246751927314
10.148848612659874
9.6882205327530535
9.3043961573793332
11.861226327218445
10.880050951386147
12.76724674547641
13.261316762685182
13.281269408663213
12.899568882189069
12.703943076692193
12.02932940259841
12.896710977029116
12.009244784511035
12.247726950813759
11.965642961700183
11.79166384392396
10.991266724108259
10.55569635802534
9.8795718378164725
9.5353223738980315
8.7226850872732875
8.2933799629041172
7.7415325248691316
7.162048963801114
7.465546008314468
6.8297629604588899
7.1074554275138953
6.8955867334901022
6.8296340304274379
6.7598825356118004
6.4389870095546264
7.0433070671312752
6.6442762626337792
7.7922206024917191
8.4662786158304311
8.7112329324967828
9.4971726378604977
9.5261874989451645
9.433037029806334
8.9998040915084196
8.5637981399493217
7.9807674224336491
7.5644816824438363
6.9355341653226894
6.6115898301694056
6.1714352593309529
6.3184217179197937
5.9364370162707747
6.3180796847134157
6.4119973328899968
6.4803147140823105
7.0212546736723063
6.990918621985168
7.0744573851494872
7.0377277395078472
7.1081173967993099
6.7646384124077974
6.8380952731592339
6.6234348681675845
6.6700936626449634
7.2953267088356473
7.5088658593090107
7.9050995387791057
8.3952126033014132
8.2168475402450163
8.1138232109380031
8.5400506793680062
8.0922277186390925
8.1914023578885349
8.0656152106161567
7.8621214566277065
7.4096416510581609
7.3745792378557331
7.042917416357402
6.8026012567126806
6.6693684289353135
6.3040114801146121
5.977216413899554
6.06095932737305
5.621748260094094
5.7001846258603974
5.5470894606345524
5.3590313133924443
5.1248200033150235
5.001466703579081
4.6597027159605329
4.4441467673187107
4.6650933268048425
4.3865892253363423
4.5058884300874551
4.4341463073080236
4.4476881987992352
4.2076762992331629
4.1506398418261048
4.4184965743240543
4.2483106404108382
4.6301384277465001
4.9488159357395789
4.9914332223661546
5.2506395945218953
5.2422217622575591
6.4681200299338695
6.0923036796506054
6.7511677690442315
7.3972706219127993
7.0337168929114826
7.0551163629721749
6.9778609289505376
6.5081111500918096
6.2577736696591932
6.0005234047931868
5.6802739508635698
5.4622662983437555
6.1805101619380887
5.8973278992944129
6.543609873328478
7.0159709314546186
7.5364158611537144
7.5426274918482106
7.7625341709565321
7.555442112064096
7.162248583887675
6.6901943177087411
6.3433362404027269
5.8892634545267439
5.546011370691061
5.2863208906728243
4.9347649895372276
4.7608933987783981
4.7214004903541857
4.4660605188621814
4.4115591937453731
4.5423240234368212
4.2520116994755206
4.2431064759858703
4.1925978177009924
3.9561072496590484
3.8013477795616617
4.0895200416901085
3.8304054567020165
4.4083028905245945
4.8826857976189553
5.0055193901796056
5.78258683252536
5.6997580099147305
5.9121563273051123
6.1310375867960536
5.8693975532888265
7.0008362972285152
7.940504942550997
8.6402074469732604
9.4384841046589134
10.700791677690086
10.444995833513275
11.168291996199033
12.664064754781508
12.262274042271386
13.979854322438342
14.44060807329863
14.278699579557912
14.179761505880643
14.0295820927803
13.184683508989183
13.352890355413473
12.495871264490784
13.274253570493912
13.439735432188733
14.011114700493762
13.986037569911005
15.22440311842796
14.687363588405754
16.489232180689459
15.742181305971219
16.59222497039098
17.007906631004264
17.493274240944178
19.167070923569604
20.937536641611242
21.452134134831905
25.302569268629149
24.266672324345617
25.775691115432373
25.072102836083047
24.182689737338595
22.903377625597066
21.339787564658998
20.227427326926254
18.805429928200468
18.929507773839084
17.525799279456468
17.386415028009552
16.975316775956504
16.307155314580381
16.74974110597018
15.902548388662071
15.806706144368633
15.568652952273274
16.28407584664907
15.259624724233676
15.562492863623882
15.748156535262495
14.877950058625322
14.56415082851966
14.18939142804166
14.949607703282648
14.273590834975499
14.51366529532123
14.412958441409698
15.486207050654201
14.938689525725376
15.268162753318467
15.376743747914734
14.965385110855351
14.222401664845211
13.458854144598895
13.308788127013713
13.887006448662598
13.40971156853608
13.821427740352089
13.937266504461521
13.859807172821256
13.254533756389712
12.842125480053838
12.210287478060243
13.43717153446093
13.972671250762357
14.459822000424969
19.396897979175666
19.266977434168549
22.770335866076508
22.980178411866202
23.434506733028282
22.72961609887815
22.123030537020636
21.232014478048189
20.335534838290471
20.067308166440565
20.042071045930101
20.459621761499978
20.853404692540828
20.729701841450662
21.801895964531415
20.796715523044547
20.663073623454228
20.692608307825704
19.555881071982942
19.504829683804402
18.717629433764905
17.833310574717121
17.936956540362765
16.856653100067806
16.451632002223292
15.63037055850883
14.751929429345143
14.391793650093511
13.261245428389133
12.760060039206477
12.385562780111931
12.059635589495722
11.410242839258133
11.125633220005264
11.09858436672393
10.865535911846823
10.476413835412833
11.389919243656927
10.740535902621655
11.741474693777153
11.44967137811642
11.449141962733925
11.325888130173425
10.708319493532894
10.616843219732065
10.041915152612772
10.304027596973382
9.9049822288086187
9.7995298209744757
9.4343649993828915
8.8997373751114779
8.2818381504414909
7.6538195646604583
8.0615975071576784
7.4320662452463422
7.6189338110505593
7.4654652376440476
10.001618130906941
9.4208573804319222
11.533262614669477
11.966317659327055
13.670285270307474
13.158690823619191
13.519497265513589
13.300066604146553
12.603949224916633
11.803375645431522
11.367530943583043
12.009371185710421
11.2564382663789
11.689947330498679
11.651482376976507
11.799763151420159
13.340672500786006
13.605487767522948
14.512105757655975
15.271090945145186
14.713992298090817
14.286270184195535
13.400058107947041
13.482945018771387
13.140470543963319
13.259933134379477
13.432520820327433
13.082644960674013
12.66716577788096
12.266411595974636
11.370218686536523
11.689396156203985
10.81160986723752
11.294754548453517
11.542253520604602
11.206373403476093
11.483865155697133
11.256978069207097
11.014774699531001
10.492539345820775
10.268739749381465
9.6091321196660218
9.1715917647934351
8.5636669760276263
7.9720456502793535
7.635099375688438
7.0419650397485771
6.9166272478225697
6.6911476694758081
7.2927537539237361
9.5014473418942202
9.7121723347895745
11.888400307385611
12.81177174675963
13.019565651397745
12.86872472874083
13.203623605645051
13.435840559209415
13.451156523745642
13.534387623641836
13.317014173780922
13.480679650619756
12.767134156121504
12.341907232802365
13.053938686138499
12.186466768200779
12.435632754539435
13.285604607501302
12.568926467742385
13.220063014972613
12.759936097151977
12.356655297594749
11.796952912172816
11.042859317956266
10.269964407924599
9.6698353948848403
8.8790714939368875
8.2358059498198735
7.6371856331243464
7.1190114879698916
6.5731541579681316
6.2699586781707204
6.6501300265855701
6.2848334372348118
6.5162910968152081
6.4319543443665381
6.1800728449955251
5.834743718377041
5.5666092030936367
5.4613544810737054
5.6854987277797564
5.6066152644164822
5.9802841695014681
5.991800443683589
5.9391496596169633
5.8041575959010743
5.5356039825179923
5.8915748348426824
5.5663906022066261
5.6919805750626811
5.6926281494794901
5.4409447363033161
5.1802846877832112
5.0320800968712263
4.6978024056130714
4.565255972980796
4.537988736201191
4.4787995469414268
4.4110797693877855
4.5198305585784997
4.3467458340177663
4.7610990021582591
4.6895578794807253
4.8478917565356348
4.8960496970996887
4.7667913525472994
4.673862325026473
4.5985670785263109
4.3833865987675473
4.3157251736336359
4.1363215549980925
3.9163176228345895
3.7198211855706824
3.4790057101740111
3.2728850166805548
3.073749772706682
2.9237843191195836
2.7509589788806896
3.0173018922151273
3.4612345773316857
3.5502072383303411
3.9702766542090595
4.7420902983455857
4.6675021320564705
4.9635883697565779
5.1743816755489842
5.1210625244725438
4.9989494098779366
4.851979571317715
4.6241157646851301
4.4500531755447277
4.1999768128816592
4.1424001269296848
4.047734966645411
3.9019485082054346
4.2676496998325488
4.018604387709261
4.1716267523276196
4.0568712005189029
3.8946503227496843
3.7484431435522216
3.5626819575034947
3.3737024542682494
3.2709422968061164
3.1096182094848643
2.9935491575743534
2.8515774229094175
2.7157374376917591
2.5969858579278959
2.766752721833929
2.7933637813198171
2.8744010599748586
3.1425976080497793
3.1973184497337241
3.1819547552101035
3.4060758171424363
3.2805142086728805
3.4787600492306381
3.5106919622050698
3.4892673509217613
3.6608878659858011
3.5153246074546458
3.6926113997160992
3.5465617724231886
3.5252637529083595
3.4074649311521101
3.3878804834694298
3.2676434766499365
3.4087002530436541
3.6221566966996015
3.6503848787835564
3.8999045301237776
3.8333283349933178
3.9393785134107171
3.742891440426896
3.7460738026455878
3.6251503878578517
4.3701166021043516
4.1574145208269453
4.7881001590537577
4.8201441633875506
4.8033520079440359
4.5934178997702801
4.4592393807119155
4.3428744160555173
4.1325606890033812
4.7686990660540385
4.4772041033021779
4.7673640194905111
4.69717922468271
4.7839104613133738
4.4616028513997099
4.4856551449038582
4.244613060503414
4.0707579149317699
3.8114174198920479
3.6419688627477647
3.4356288219614313
3.2609916323357422
3.4810851442098252
3.2744979792460538
3.4379971412777199
3.4936232363503761
3.5343320453731164
3.5086319368162777
3.4689776964170225
3.3598070944560372
3.5941717116682863
3.3405340199923099
3.4223557747802209
3.3502705239212127
3.3046737323141269
3.1590527510018545
3.0384055161415064
2.9094610606125193
2.9838819049039347
2.8011389064707881
3.534296457063709
3.4043425024963065
3.827636346149391
3.90195100543855
3.8147019423462805
3.9997129709917654
3.7123863404947812
3.7783625752890684
3.6552325970204538
3.4698294729890384
3.6112994123992666
3.3358972912621816
3.7172891974423541
3.6045576692396533
3.7091223661861918
3.6950261785779066
3.6232338347052293
3.4421955611232526
3.3088543424214598
3.1169478982118028
2.9476348236415757
2.7628459589983279
2.7985057647272948
2.6050772015944026
2.6635608199135321
2.6244159511955893
2.5299706908886748
2.4531098931797994
2.32804647888381
2.1857045633556407
2.1414550002697998
1.9919344030035502
1.9345859591335675
1.8455707110588311
1.7649883796602457
1.6621471908729029
1.5988612275655902
1.5197292575309311
2.0732230812535306
1.927751581770661
2.3079820266851288
2.4061718922358808
2.4412462369388779
2.3351009151021249
2.2486464151841612
2.1306992737281525
2.013039508914674
1.8906031031356525
1.8102437476984523
1.9332350258624209
1.8550736233989418
1.9408387525639521
1.9417810780141413
1.9659143995684147
1.8991603557208041
1.8578295401583433
1.796939401108862
1.7661568322288215
1.6657620483413582
1.624012734876134
1.6765488752348556
1.6644085253807863
1.7437581248016194
1.7453580396758948
1.8683697007439066
1.8190485215371055
1.8174233572020291
1.8020400814247117
1.716196941280568
1.918752435692672
1.8705278445850033
2.2874734955685518
2.3432942503187917
2.508228215000551
2.6205697741389327
2.6068143950376519
2.6690144781210434
2.6814262401442339
2.6657599859481476
2.6229665200751211
2.5202353063325473
2.4233872570921418
2.3027937095798419
2.4288508079844995
2.2930419553901289
2.7192488507115917
2.6105589340862085
2.9474798123173014
2.9808677392348306
2.9953066730176334
3.1346915808686049
2.9925964589655907
2.9420259513128246
3.1998269057133029
2.9687253809868142
3.1499260090152026
3.0476728649361462
3.0012338381821131
2.923177132965276
2.9186596719485909
2.8207047219995922
2.8807825338967463
2.7618544662623887
2.6851372381571457
2.5329491345990425
2.3608153747479506
2.2400851852154782
2.1862235510914747
2.095271048102048
2.0865648041255564
2.0177161009169362
2.0124536476508701
1.8967161142549718
1.9151752650380658
1.8895746340230848
1.8324224010300343
1.8129039212106106
2.4156834442137014
2.3718163085973427
2.7564095666649955
3.0710578873407086
3.0336138952835401
3.0043555833335973
3.357864847518456
3.1084949682854912
3.5261929249261694
3.4838334500427628
3.8120193701906087
3.6980216284239309
3.8267025127567509
3.8173530812018281
3.7520330203896508
3.8888530451963828
3.7325914138934624
3.6968741544652528
3.6094227707941329
3.4876824078971516
3.334604183934522
3.1980644307303745
3.087209405238815
2.9092236165343466
2.8349289587446762
2.6530710754055833
2.5295906461224726
2.4272903491665154
2.4550151854537585
2.2982951717751159
2.3580372578120556
2.2599851471392332
2.1792167781027718
2.2067583425046533
2.056717511890791
2.0324510701929461
1.9834178365901456
1.8715617673256955
1.8046619917414246
1.9785935495202018
1.9591249488249887
2.3086420129689182
2.327086476529372
2.5214878347767082
2.4779918055500398
2.407955025057023
2.3068825997980889
2.2454416881435662
2.0952146698019964
2.0888486290829076
1.9646205715116363
1.8858882348893065
1.7955007106470906
1.6862753295877981
1.6169227473126975
1.5156602590161672
1.6539731269900217
1.5440809507611377
1.6439420794660249
1.6362692623322299
1.7420183488164249
1.8583774312112584
1.8639807787336287
2.0873125373175871
2.150354271795714
2.155170635588977
3.0840483818822895
2.9395128439594189
3.495077799312428
3.6353134248786172
3.6682665498513356
3.4597076614116626
3.5504306521252738
3.312264374281924
3.2592894718288492
3.1431841022320088
3.055960077411886
2.8719496491970955
2.8708411670652336
2.6974864588178784
2.6124773133068331
2.4595025941714961
2.2943362392392523
2.247988319122562
2.0802744423379469
2.0157520752843725
1.9366153131795616
1.8339234283872989
1.7241612456056561
1.7016398759463651
1.7416531031494979
1.7090417140859187
1.766956246110873
1.7591391848442255
1.7086642318635052
1.6341290330710847
1.5662976070181327
1.5439624080359113
1.5754686186817544
1.5330394801229592
1.5763486768419752
1.5329017533699498
1.4843532742053591
1.4064463475431539
1.330859461813215
1.2971467966046999
1.2725584872302358
1.2246903741610202
1.2435272186552702
1.1935223426590129
1.198971044108381
1.1687952764990857
1.2723650467783683
1.2638217959308737
1.3307064214864057
1.3358257032671037
1.3127805932115444
1.2925997375433966
1.2187389719930228
1.4559729645204986
1.3573562611908085
1.5587051706824675
1.564115481367909
1.5594852748348438
1.599963928069331
1.6850293719949643
1.6508311273903005
1.7069556275746807
1.8868130420266003
1.7796848288551219
1.8942324000393707
1.8500440805964691
1.8373826273894964
1.8132573839145731
1.7389811717892021
1.6757007259533285
1.5911144821718077
1.5350049209686614
1.4244980203276751
1.3678408161151936
1.2836622304702863
1.2161911408980228
1.1583285536172665
1.0864176672164811
1.0542116672963813
1.1484726614001948
1.0916713514181511
1.1879423543421905
1.1810337019770671
1.1664822406229649
1.1246884514363582
1.0712046961316495
1.0149375730421033
.95649637261683584
.92723180258371374
1.0242944794153832
.99708825474471752
1.0690416239593166
1.0954584028249701
1.0753536337690037
1.0507852344861768
1.061907663021024
1.023880231215099
1.039637202351726
1.0165026258193905
1.0172813360424775
.97238925316559099
.98392297267511541
.93499195601797325
.92196317934055882
.88614700551838965
.84591653987882376
.80243231407899396
.76048865460246207
.74266472504906167
.7119635827985058
.69367318268240341
.67479663900212827
.67632793921715129
.65862465473968002
.7299287332203569
.73896782123682769
.77919998572450244
.79652966972679684
.82967499017375335
.8198291180058892
.82198921751711007
.81087673298722818
.81772703919526235
.79147626964690576
.77066528212826169
.7615726209538457
.75837015925448892
.72729545025262388
.76345845063235962
.73188934316864573
1.0217121472466402
1.4369395848308926
1.5747967311660866
1.9631201347631524
2.1082039877998242
2.2362015401747519
2.1663973466075976
2.1605913828502077
2.0815872519257774
1.9603810715440475
1.8202391077445388
1.7400130560829403
1.5901578938601062
1.500185689310751
1.4185804188566065
1.3472256558673106
1.255480208040558
1.1945953825665172
1.1587582031132344
1.0802051225764402
1.0519669376505394
1.0265627841974552
.99876531598512153
1.0139867337236042
1.0355410659827524
1.0205882774654755
1.167446393060485
1.1155203884636238
1.1872438295343979
1.1655829500951138
1.1283594207405534
1.0721313545990094
1.0033379454155211
.94265169632004575
1.017698772700997
.94470466602754732
.99239614159667755
.99196258221624389
.95441411472661841
.91159910510959929
.87418824538608919
.81840196744083804
.77549656727815897
.75048617421463204
.71920054162063651
.70412440137525045
.68338465985605323
.68903602263323571
.67175382666938854
.65929204218766191
.64590363855584698
.66637600101250061
.63329835117069344
.64807575990335475
.67139208460177113
.64896824477786463
.93412919422764129
1.2583754888619336
1.3867235345644997
1.7281900985617988
1.8049436547004891
1.8316236428316639
1.7401430257170449
1.6778489398497489
1.6966113790825412
1.5816343647261288
1.5670676600794908
1.4983958226636278
1.4176750441132211
1.3100395066095853
1.2294973615750655
1.1358484353141269
1.0954331140878908
1.0585309981375028
1.00807693340827
1.0089464318748003
.99405421359793511
.96433987573147395
.94127035917621149
1.080759369126959
1.0610908646622481
1.1260767700164473
1.1582104132795941
1.1376475042223606
1.0818851457703598
1.0227980771415761
.95540775412101975
.91102212492572354
.84332496528769518
.90671381104085635
.85539805621117349
.89321903653799506
.93179686063414657
1.0712796273634031
1.044311507212762
1.1307347067777238
1.1308916087279561
1.0950668833519743
1.0374679308337793
1.0490548616337372
.99393191961075389
.99102813469042317
.97474958406168688
.93046963996140486
.88493043429578544
.91192471304408762
1.0208065504814314
1.1133762078129505
1.1940233707242205
1.2794575132676658
1.3027955188933575
1.2612256490152398
1.2070811960575931
1.149992837132463
1.0742650433843919
1.1120908069046889
1.2015047082899288
1.2272667833092588
1.3290881471684095
1.3558270872234719
1.3683571241385426
1.3491537267680829
1.306240293394938
1.3111818502838026
1.2426525649977846
1.3416704377627431
1.2500280480235051
1.27193598539736
1.2304064714800922
1.1687499220655366
1.3847777650995252
1.314329268979143
1.4516571901721911
1.4863897614148462
1.453686289083032
1.451888406108979
1.3698325347773503
1.3308729645780601
1.3386066501487943
1.2852041910195595
1.2639275287513621
1.2183510341442021
1.1704962898852294
1.1744921895086677
1.0923728610056198
1.1095588041663869
1.172581537376236
1.1202192272617544
1.1505124244376184
1.1177742665376276
1.1904589202003235
1.179183815714191
1.1989557098982653
1.2187385276583476
1.1888908376197174
1.1321167112907631
1.0630355001462912
1.0587922755920425
1.0562177068887126
1.0387746792230341
1.044633923735548
1.063535942718725
1.0084419908496465
1.0534449888484745
.99695382120343623
.99782461381947829
1.0413744724453775
.9854530078086785
1.0063178365139189
1.137571498476059
1.1531405776185635
1.2064500088253145
1.4525960558455526
1.434612280746461
1.5811452208442254
1.592358325596799
1.6020461926981382
1.5510767341535254
1.4919106327248004
1.5096933349491448
1.421733936506651
1.4048125441926722
1.3480696336387088
1.2643288420773338
1.2156774214313486
1.1206280642601458
1.1108845557057603
1.0352215506269498
1.011085491154128
1.140729185414737
1.0614955198270464
1.1705739058937503
1.1776891271644212
1.1863078464549859
1.1454409358717281
1.2043665288584282
1.150491044996957
1.3591256202695374
1.2977355150451235
1.400023350430575
1.3860866354533297
1.3832864651107399
1.2958891975098965
1.2469524822459759
1.1670391137608835
1.0908011436747849
1.0852796113440459
.99902551238773929
.9967436907424293
.95111699478037515
.90888613193977263
.89791028427500807
.84100428782617187
.81927327429871
.78626436179901604
.75288547957201013
.70832430370029142
.67803672260583503
.63850132165987827
.63351344455306213
.65895587245019027
.64225563931941065
.68939585743040888
.73579581439944519
.74933436252523566
.77011744583156705
.83298089560116495
.8560725780484203
.99301207587727458
.98422431459086857
1.0495040523101948
1.1731879450530469
1.1275761558324229
1.1553988414380243
1.1358981593506137
1.1502263531070205
1.0999386741273616
1.0677430932311898
1.0656785706867273
1.0014844737529696
1.0172398341283679
1.0868850055249966
1.0651216402529173
1.1115094786317097
1.4819900178625041
1.4070099226911106
1.6049199829769409
1.659737789755928
1.763227912213831
1.6761865905104745
1.6774228582732018
1.7406312284249015
1.6257637173905053
1.6421162515746257
1.5645114182764348
1.4845425309755338
1.4348996402677765
1.3421450280744558
1.2720591855132737
1.2783036143779634
2.6114053752713473
2.399030914061953
3.3554644030534124
3.6666935102741749
3.6526407149849156
3.6229015578023955
3.3526384748479194
3.1804360809152694
2.932213031335646
2.6815426562511715
2.5890988686040366
2.5518309323140058
2.4628000229386808
2.4556881481512476
2.4162140395196561
2.2802779894563754
2.1325942851108679
2.0006206906310373
1.8411559959579844
1.8830306822727332
1.7528190539854842
1.7609482959461562
1.7806267378400114
2.0012979243498372
1.9283211468757668
2.1829207177414367
2.222077742414803
2.2208657230568107
2.177032155687709
2.1136168346730795
2.1131140223123976
1.9839972380412318
1.9488891542599345
1.851125694834429
1.7221644417277722
1.5918733801406126
1.4977934451586767
1.3803471990915466
1.2972849931399442
1.2308999111493362
1.149540609269837
1.0783959291332545
1.0325726554235704
.97247252211130653
.95119631809228777
1.0094489877520643
.96993278307236919
1.0849673855142454
1.131870989157717
1.1371173987716645
1.1658996977906013
1.1966339995508379
1.1364535185812741
1.3510144583087367
1.2685101988717897
1.3650982242370282
1.3555314403292635
1.2937586989467151
1.2316056653467602
1.5933096857859821
1.4600445972039744
1.7286839706984474
1.7731086232333946
1.7565870591847861
1.8490804400470069
2.0896417998589647
2.3961316935850943
2.5326799106987341
2.768819686524211
2.8119251229197872
2.6692446950812529
2.6176792567908684
2.4882683135973358
2.3596911007806347
2.2785016700920817
2.2289257481707949
2.1085629845336387
2.0683705154207206
1.952434261579487
2.4842516599923989
2.2910888863518428
2.6308205688740363
2.8650757912853084
2.931765401319721
3.2411360602063559
3.3622204915242913
3.4471134591785035
3.4761106325610496
3.6118607692212348
3.3939859912039436
3.3268964665037948
3.1899098365226273
3.1071671308150624
2.9782602707541486
2.8526867567596472
3.1227962701328749
3.0093969222043175
3.2555935626942101
3.2317795786136956
3.2008058141031266
3.3575529290527193
3.1292604367103238
4.5891394733319402
4.3660351213020707
5.176199115055649
5.4397156187071278
5.2853327951619518
5.072262946103379
4.6800387471338496
4.3415368568432529
4.163195116728164
3.792727186171744
3.5837779334465285
3.3189003685466423
3.1659321065666379
2.9197553441191926
2.7785865705864379
2.6024985525820337
2.8050786168145714
2.5791006485960501
2.8907536119748594
3.0801753823134836
3.0659650083754078
3.1544476604973815
3.2710779174146096
3.0602009963479917
3.1427396014616278
3.0322723520849801
2.9216849625255832
2.8178884981498658
2.7593186705656136
2.5594042588151225
2.4470608091660333
2.3452025149957416
2.2640010543383817
2.1744443709921217
2.1290697825537532
2.261756922143273
2.1432756771940498
2.2696275489460342
2.2280888721249257
2.164645822739542
2.1664448216808752
2.1677031723318465
2.1117712642139663
2.0933185284056726
2.0301036392614318
1.9228555927565756
1.8094919070005457
1.7038302354984021
1.5826197205799188
1.4940076003301836
1.4142104076192421
1.3165078142772917
1.2663889239940966
1.2013152192686081
1.1483453207453984
1.2036589924826617
1.1550824380776956
1.2346554596569717
1.2316902609530993
1.2296981809806822
1.2044137514052768
1.2533742396041831
1.1887446021699963
1.2279882749751787
1.2558924038490675
1.2174141717001319
1.2140297651148937
1.1719619284882163
1.1111182114286891
1.0898685199416429
1.0202169315975873
1.1591946347420026
1.0944991319418449
1.1596091665476393
1.1563193021775762
1.1479866290716518
1.0969330374976436
1.0552963924215994
1.0116353047970283
.9536470613932595
.9292300518905644
.86456612401895649
.83754909831307356
.85323935420487873
.82503619762003944