1.03703986707589
2.7600525892260093
2.924840496734801
3.4543058328400962
3.2610205719540599
3.0601644617836694
3.2652897321855598
2.6380060437310884
2.3304485793599272
2.0032633964178115
1.7044872702155518
2.5112888855630766
2.2300130605712449
2.7037900677060134
2.3783809099544579
2.2375729752428102
2.6853065676153349
2.1668747553313086
1.9980035323125942
2.1257416365043991
2.4440832346545136
2.0350765040650938
1.9282112956195558
1.7333991844603347
2.4374918062874129
2.2930104658022339
2.100348294520372
1.9837781310557565
1.9444888002875602
2.170124411392317
2.6637817614248509
2.6405380196816828
2.4393558379423466
2.2816682009397549
2.2611570204889686
2.428405213640461
2.4333914234097604
2.1357305714582431
2.3096100993141042
1.9711071742304764
2.4122754732305953
1.9747302784000895
1.8453008450188431
1.653578076718901
1.4519956309302455
1.269546743899141
1.6295268204806108
1.5716718811326578
1.4435018147731113
1.378495725269407
1.7969850309255755
1.4683598176079984
1.5808110400034556
1.39910124693321
1.2792326518696566
1.1436381835030982
1.0366355032423551
.93669118403416374
.8786234232331338
.78832456460148903
.90319314015966579
.90560083255407375
1.0244039762381636
1.7709484984905064
1.4433323073907802
1.9033373506013058
1.8300332939869839
1.9092095491756669
1.6787208035325598
1.5215671791071241
1.4877628468438835
2.2089306991063795
1.8539458579163357
1.80024073575759
3.0023765525293968
3.9165256182298425
3.338814428044798
3.3374564377732945
3.0196657558785946
2.5981238534948927
2.3218191457302439
2.3988639247427028
1.9602787357903213
1.7800540937036602
2.9663154722847378
2.2532345874804967
2.2487632541251976
2.1738763085189796
2.4851032727352655
2.1500370645186182
1.9622005881904714
1.7691285998141517
1.7198859838375122
1.4640791708650285
2.0465251604137107
1.6348264358137556
3.020411531330673
2.4182222019255875
2.428117323010786
2.2452850773929409
1.9762138740281046
1.7603894416720947
1.5043813800911092
1.3128149130094822
1.1516879410865066
1.0186511192468866
1.255632432411159
1.0433642632820874
1.178795986290895
1.0731663195241135
1.2238931460829707
1.1079252832869757
1.0360795588006362
.95715454207645145
1.0372331094571876
.89406520644731413
.9638898064007938
.85508428584570073
.98406495759012724
1.1208414175176267
1.064543827668107
1.0125484841869961
1.0569010168806208
1.1988736100174249
1.3849515844932747
1.2152355462328677
1.1775847495928942
1.3055432721583322
1.242857028277901
1.1124329680680387
1.026512588991201
1.0318957986033788
.89315032513844816
.8168970709864638
.88751406519322373
.76483955655794511
.72070005364262213
.95796839783788623
.7986365279399531
.7841977901449998
1.1271363366253768
.924708254396436
.91222118921356043
.85676534770328527
.89267950449649403
.81884476056293376
.74615977718924253
.68873412696137915
.62722321083331789
.84912511132431878
.70001045245314564
.69312710876767192
.74449433795348097
.65978341673473895
.69535819965352219
.62360121923878975
.58256521541709427
.53791664647913862
.49375961149301667
.48372776426752029
.43928205785590091
.41558293537834406
.38998092207069668
.40633986363559732
.38894971988059351
.3703852916978585
.35624214072304866
.33902044741986193
.32170007752022456
.30581589797120295
.2912970654716307
.3853427768045582
.49488475756442257
.45777750183943888
.78165370172529214
.70664734092443215
.78091653860097276
1.0330387101536564
.8731942376735391
1.5570594698624582
1.2434492110202437
1.2564922127642526
1.8538191731438354
1.9091336949877766
1.7007285002284753
1.6125542269258191
1.6370061365736872
1.3634489628156461
1.2163198415425536
1.0524809382798108
.93870201807052533
.81060577672248157
.74071747905285223
.65228519842200072
.58881045265550791
1.0990947848321664
.89741756215391322
1.6396501491283344
1.354158129792272
1.3716806012658915
1.2668797235850711
1.5339413337844245
1.494841604061238
1.3203843351070743
1.2301299608155583
1.0963807901048532
.95886789043517262
1.1336856293712969
1.2072690973041724
1.0595818629929117
1.0187217444866481
.92967061100700732
.82756323457425929
.98970062770465561
.83058075868560888
.78703600791322248
.72654707714125244
.65739752530860163
.69917252978648559
.74050064415125427
1.2544396093690515
1.019802611899508
1.0563136406560971
.9982423932646336
.89435562734321583
1.2198667729734483
.96738198152327981
1.8808883507861121
1.46185007587265
1.490857407900485
1.3808415961942695
1.9451217371740868
1.9971743436096101
1.8691794547824085
1.7533537511214807
1.6266571296616184
1.4065706347985698
1.3138221722130843
1.2860063222381213
1.0929478418188467
.99441816019368345
.88803552870423585
.78811445183270334
1.4033674401069962
1.5212677896524591
1.4068794865550978
1.4075466286631391
1.9977552353697265
1.9206071847377015
1.8166087974589453
1.6808804668351758
1.5047677278181457
1.3092197218538639
1.3388530754240586
1.9276931052224808
1.5296452163321725
1.5232893150023892
1.6374801809669779
1.7105779423214751
1.5836937261446946
1.4307867390507429
1.2957655509270289
1.1425269792097776
1.439539761554631
1.156390272347503
1.1041239780638741
1.0099365773064486
.90230081499020687
.85380225911359497
.74849804143481147
.70211616965886403
.63307956078796346
.58090060394204313
.53360396898960571
.60186372642884078
.6769821074112925
.61067390351000628
.60294042018157123
.5691137041917419
.7732506743452574
.69861558153074643
.82142360427999006
.74188269877694346
.74429678139533484
.87083448463393109
.74311724766893661
1.2370674439075064
.98854597475014083
1.6321202870197065
1.3608259300487031
1.3336355681987939
1.5210042922752878
1.3802656757328169
1.2291555317607552
1.1976405951564291
1.0597846538553855
1.1573636074255989
.97220525761838616
.90038534562544703
.83964557101682058
.7409428289847535
1.0555634586834532
1.312473941295629
1.7913551062269537
2.2229422826502123
2.0143224343664015
3.4157692564302669
2.7397868039372706
2.6464132006654584
3.2470352304244945
5.1332333340084082
3.9734809602515071
3.9776842081222048
3.5907744915500293
4.0968211287451082
3.3758774256122241
2.9881176743112388
2.6952921675365253
3.7190274687660754
2.8550530120838205
2.7264578924912555
2.5555083190707579
2.191073663740974
1.899638740795087
1.699277202295189
1.5489757306889678
1.3566719362647892
1.2111863491719335
1.1528530616767578
1.0159633330429911
.95099113936696911
.97762904696294428
.90448602778699083
.83986674907905068
.78476478559188856
.72358985924372732
.80606897303970093
.78330387666592749
1.5188115371883559
1.2065990521156287
1.2708119163704172
1.2091283888206206
1.0916810966959969
1.2908841075988344
2.6210465310591098
1.9920201957325916
2.1205968559813995
1.9961583098969202
1.7620232846668724
1.5155980766358264
1.2961649270965889
1.5360035600781936
1.2352184451877017
1.2714330539399665
1.2345109371448644
1.443975067931464
1.228663073947087
1.1668940158180792
1.0626048296956865
.9481369786390178
.9138994912232582
.79759845649478112
.72927551211806241
1.0857141198979363
1.1337860130799102
1.0541610738544516
1.3874967720408102
1.3184341024923492
1.4833360941884808
1.3033271188191549
1.2145847877313696
1.386689531417971
1.1495647927134132
1.0761926982115373
1.6027396812896291
1.2651167257775358
1.2457892126627865
1.1485399458739121
1.0233680952694606
1.3002928190970031
1.2318230267170194
1.3896807190138056
1.6558095937261057
1.4861052969125998
1.4112073314286229
1.7531527321868807
1.4314903015550544
1.3400720052950283
1.2858640378597495
1.6590081651573785
1.4464726182942227
1.3605873157107111
1.5379582415641748
1.3032063851000522
1.7405061877272661
1.6731637874855176
1.5236702226375083
1.4284874940883538
1.2769376338097587
1.1188972057110209
.97639154356245128
.85643819756897976
.90844654230004662
.85181842011632247
.77843165276674453
1.0130344772100062
1.2478673399547267
1.091652008768528
1.0851153345381757
1.006483819507813
1.1192573245937449
1.3333547094828333
1.3835216572492874
1.2669398267692311
1.2076710596201035
1.1826372889119738
1.0664125561669022
.9432197282202146
1.0072144755715347
.92008420173453032
1.3133974632815189
1.080140092717284
1.2247308296278354
1.0926882627053776
1.3588631328921901
1.9096738692997133
2.7206673704719067
2.5877061941844133
4.1962741441829747
3.4331181240651412
5.8331642471851888
4.5528174832054225
4.8949926365690493
5.859042780363529
7.2132136735033088
7.849981728877296
6.8897322608232487
6.418984398325227
5.5608024778364404
4.6482754651160612
3.8398270329780506
4.5046323565740938
3.4802052379008726
3.2004075294798104
2.8308359592746277
2.4514529809240688
2.1254464591561715
1.9677309378679226
1.6890704543715409
1.5116350859074374
1.4441036745907034
1.8009912888685937
1.5054752345760671
1.468726509022543
1.9829222761283238
2.4217883651921213
2.1048899314944802
2.0829697337105677
2.0616248592239081
2.4118176347830862
1.9929676862746519
2.7288489461946046
2.9380493771382645
2.5998681477140746
2.4783668290146563
2.2212802663677036
1.9335665545400862
1.6686754112889357
1.4441923622855157
1.2605316728286511
1.2792458200161767
1.7617424328950053
1.4504936946124831
1.6549576505895889
1.5006050523356882
1.3908888711198759
1.253976340856086
1.3161440684809655
1.1233779892593969
1.0419609905818159
1.2226951786809115
1.0381283976156657
1.1667336412658482
1.376689428336517
1.1986795473154455
1.1777062981696815
1.2840831898367877
1.1097967440543297
1.032245502066361
.93743794765144794
1.4885433139871556
1.682198752517289
1.6519104347280529
1.8604361554572688
1.9645854017289359
1.8006512419254366
1.6350903985458984
1.4596380860579492
1.4371122472907514
1.4410307138067562
1.2414980367649007
1.1488418053928573
1.036775211268127
.9261042882243754
.93096249972187073
.81139384728055042
.7542265790555629
.69409620283686557
.75385398498123068
.85092619262978031
.84303995626016015
.97336862324457063
.88215469222452148
1.3546863245007463
1.1098101632244408
1.3020370522152256
1.1546373494585089
1.11846891472992
.99421764902475529
.89000632387139
.79182737335406816
.7063025399939451
.80473920547892785
.68597398852080893
1.1746548360698614
1.1629494568757051
1.1161323813883459
1.0919673321422707
1.0996091748230079
1.398379131608495
1.2374755168072398
1.1684971607975834
1.0847733192106044
.97127082842945156
.97064406366143496
.83083486502612902
.75944827944159354
.79043757231198575
.80230343748559818
1.0360770253615299
1.2875907651592089
1.144764422495842
1.2442166351734041
1.1207980881857245
1.0182079495352576
.90342209733546963
1.2361974761564281
.98451736674908163
.96100220899953359
1.0110532174682496
.87915045959569538
.80658733509142144
.72749703659278242
.7550166695909013
.67178895788023407
.62318276204002687
.60837655498558507
.55119053099569093
.51173414690604113
.47347827421244648
.62911171894296469
.57304366799643847
.56502996354081703
.74019237832256612
.66098688697405927
.63917677522821381
.60138050708922031
.61905800267392663
.55308760199179774
.66158720316025366
.57146804173920807
.79560747379461738
.6738619242538838
.66306257772065003
1.1201817898805551
.88213586527076171
.89144657290567131
.83321666320223953
.74760668830654409
.80334002890706457
.67696181319895865
.70895059771414215
.74564291488453338
.65905242997092772
.69653779411051187
.78171165362066009
.69490073424175058
.65978570024221328
.78010050465078262
.66312842829355068
.62933898641283026
1.011335323645006
.80063790725376272
.84476646962393054
.88935064070484005
.78177682093531298
.71815586995771208
.64491656461816627
.60574670449062118
.64639703440734586
.58796533017444663
.58096451219497336
.72312846801744279
.61972105259555754
.61895492691321674
.70001085592799372
.90979997718658689
.77171999206765818
.96611023966116527
.84153157873031481
1.3949951527195239
1.2647153972075864
1.415532561727018
1.2771744997609971
1.1785830142258569
1.6052710201441103
1.8439943661365892
2.9755774869761238
2.4457831529719698
2.9477650774532274
2.9879761424253291
3.2730498256923899
2.7440256942996881
3.0816185555334452
2.5323229350505585
3.2857639550323769
2.5987922012690219
2.4143373932454701
2.1268848615250415
3.2868938438310851
4.4045360764948267
3.6717108454939305
3.6990189241119764
3.4596656264903047
3.5226978687840877
4.3692940784087462
6.4913950039770585
5.2844493605824239
10.040513426436021
7.7928933860532368
7.6547373308646014
6.8098002587001272
9.6704205848704188
11.806357343014337
10.366031680408094
11.571579513967761
9.9683767251657951
8.7905061903494079
7.4238700408409546
6.39439990712357
5.2309671168410805
8.1108433302731768
6.010000870364288
7.1274436481505514
6.1304777379657294
6.0209233514178289
5.1353587505818608
4.4719642097178518
5.2045867028615076
4.148876842318189
5.2160247321694619
4.3034164736979026
4.026305095231165
3.5965346658260358
3.7426500780140621
3.1308811484353503
2.8318032943239819
2.9255137467203287
2.4874145952168711
4.6047432526759398
4.2741657701627007
4.1105371947206342
4.4981315709926424
6.4024111054775705
5.1036833224743274
5.1004318361210235
4.5485513964918471
4.4907657141794992
3.7318133016601114
3.2853805620686609
4.5679566875949282
4.5641708402325243
4.1002942825546915
4.1010099498299839
6.3647094378626319
5.6692691563557878
5.3199479672291821
7.1545263428134307
6.9188400917266328
6.136859380394263
5.6352701071136027
4.9146605284327718
7.8493725378102708
5.829469224074419
5.7159578550189458
5.4800041994369399
5.6825503526662589
5.1188360510668049
5.2071627664640898
4.4730098380766083
4.0332921194059761
3.5385543672332367
3.2721144041827848
2.7961937512061152
3.289603020049582
2.7188158746162285
2.950253309796746
2.5926910368354688
2.5030170953130439
3.6176989453417856
2.9000859826663907
3.432598929433349
3.0203603850780514
5.1487844428745166
3.9955347353799104
3.9823238188372727
4.1445583049191175
3.5279860310675568
3.1416520772076835
3.1667954630527042
2.8455860135022575
2.9885410955072977
2.7368830884062194
2.488232732671718
2.8300439739130483
2.3876171954954946
2.224804263476897
2.0125368715747807
1.9340265003290189
1.6969091262668556
1.5437898918570268
1.4878134799745755
1.7550466060747991
1.939002039816432
1.7518350399720315
1.7133396529418792
1.691596526466258
1.5997299747803591
2.1751609905140552
2.0005520409533357
2.0211657710900806
2.0238776119048909
2.6764164488602535
2.2702068404461135
2.1771175919841879
2.362152549724764
2.602547771397119
2.2254278367623375
2.9371505295257978
3.3143282034935635
2.8923290962246497
2.776782543261775
2.5026803893357243
2.1881705980606729
3.3052474009070374
2.5357024138769311
2.498061278002587
2.2986956257924791
2.0635442348627611
1.8184929909033498
1.9717316152737041
1.9194646940520912
1.71753051596063
1.6127006787060447
1.6564506603077522
1.4532980364657939
1.848877789018081
1.5810739903553797
2.1098156438335098
2.1908583767270096
2.4148251508741088
2.8510338555104875
3.1653562183197188
2.9876553843831548
4.7946906823107298
3.7944107697851863
3.774849474308013
3.3984166406734637
3.053751335445523
2.5885601311033093
3.5952400226284982
2.7813852533896131
3.8126809757544757
3.1693844363427859
3.2154674811453945
2.8351730484782376
3.1453272037758033
2.6297830865696525
2.3947676548041152
2.1362279873987435
1.8777838949337606
2.4297725515897506
1.9533540319533369
1.8856317562630702
1.9488247732120325
2.6340107087421067
2.4308520750378593
2.5285855733924678
2.3226889070923553
2.1297266593368445
2.5490237330518095
2.8130027728272173
2.4950586355674966
3.1970450217241906
3.4344513927162845
3.0256275360792135
6.1455970204453365
4.6147106269564162
4.6902836407007662
4.3007022281873928
3.7305631354369102
3.1664910991973136
2.6771158957747003
2.2771536188965475
3.5111895799782915
2.6791847232551871
2.6632591448771818
3.2321102907052328
2.8831755002466872
3.9958939130675541
3.2746816311315703
3.1595856120686419
2.8575172583974218
2.5014273349288048
2.1677920182377757
2.5848867210561157
2.1412112926774007
2.6282551895748103
2.2454154486664955
2.1278960239112807
1.9320140668319945
2.3379713511082274
1.9196159752586803
1.8219925637560923
1.6656357507337205
2.1435186039928791
1.9889348422256388
1.8506756038835519
1.8324601100333113
1.6516641365512765
1.8885543628797101
1.5926135581907002
1.4992379771286772
1.4513641438609939
1.8583035457857087
1.5427120229395614
1.5045216705072584
1.3958654857973694
1.4318735018380999
1.2443734174813297
1.1504105771992981
2.1053188530999516
1.6252812009953412
1.9756062323048702
1.7891076674592574
1.7371691023907809
1.5457112698798401
1.3805613194076498
1.2238122034778716
1.3311116667352743
1.1316136240264909
1.1377028217487706
1.0308273106545149
1.0823309930266432
.95988086065492761
1.0214748468144805
.99715361104572786
.91804354699107926
.86652986166419033
.95478489588144033
.83914690661098323
.80055839693055886
.74795699417441186
1.2299083622927671
.98668322557151733
1.5973803145386969
1.5369941561467095
1.4747618027283014
1.5869094095250933
1.3884838681294212
1.531694549149988
1.9011295396381465
1.59001986152062
1.5445853794692814
1.4267055382726783
1.2630552726685202
1.1173827402783323
1.0923177497147905
1.1029033478325401
.97143635322199795
.91469976533358466
.9829363545242692
1.0059003087786631
1.0209128305163888
.94020723924463789
1.0653469958589346
.93454200821998024
.88224487141266128
.81191430791509467
.82924526183241798
.73173953644829792
.73577988432933461
.66857807160222793
.62677449033169852
.94926796034087402
.77849721232177738
.79115270156794315
1.0882384918548866
.91373079605847063
.89551801848892909
.83384501306865211
.7571797754743661
.69984246490522961
.62910781167478969
.57594924904355727
.53002589422106872
.58057043110992312
.68015811811945592
.60907891691841443
.60669152827653183
.85512815523379304
.718045866019555
.74699181770353296
.90484615328940698
.78113337327385712
.75105718778734176
.69479302948233124
.68594665977474634
.60739695151264572
.56221666428357941
.64748233847092118
.60719674883510999
.61026884659574854
.58550860037393848
.54892928138713104
.51186382108840867
.49155286985079177
.4501428402222713
.72790886974111535
.7347694140664297
.73241372326414156
.72131310309481611
.86528723087057491
1.0178089051288124
.95559191805258059
1.2701650005448235
1.0859343765349094
1.0456310083521099
.95136594835876398
.85560585638436804
.74932008791230031
.674194375272686
.59885040921928467
.54837273190825475
.49730631075571852
.57936576240243431
.50384957007170161
.62053417111895048
.55064567322758606
.53697697069145434
.50522926618755626
.84889411118535341
.9401242419534882
.87689267361719636
.88067080625708005
.81996849007261541
.76298644095195534
.67045476032592155
.65356230285632666
.57343924176126426
.5328433246281723
.60461537993026115
.52424192205572229
.50443995514320139
.63496973174683702
.54361457249230172
.53141677203002158
.49964009188219771
.46113837603749058
.72561091269948463
.5845876706534513
.72551348102347391
.74181716618345062
.68340439969557387
.64400878071358592
.58689885917974394
.60267902415041175
.5556475777671529
.58332223475912837
.52352944566164428
.63506314765941019
.55012775816532389
.58218287557156301
.56828070086496651
.54297864451309952
.50016234929875358
.68110727131720417
.57852065949389697
.56743996326116641
.53487319955296808
.54695467460871461
.48286660445409363
.44974764651359855
.4145452352756549
.38141424184289674
.352285660976972
.32740584135673545
.3064767541670344
.2888435523691753
.27390695365554302
.26125500435668425
.25024360698480347
.25980431129301107
.35593461703823254
.31387626258968171
.4250789225094686
.4401032111875417
.44879479298141745
.42768592460054211
.4188354715533647
.38312272158747718
.35351830293227937
.38644565826659849
.34031775828887112
.46005943882798106
.44981770065275795
.48349051154058392
.45296368880076299
.43149616696077236
.67754968734943977
.62902284476296122
.63884322844526076
.60738745345595491
.56245020069074558
.55804205073573609
.48496303354157111
.44298342296983634
.52206496408501202
.47063287442533003
.51331583810930526
.46496257781480488
.45080311666164097
.41348469956965028
.44430709387784495
.38974929146414544
.3698821366427481
.344240617076084
.41720897315336586
.35970640468401954
.35210029770447665
.41650918740111492
.36548782813425318
.3538955075346098
.37910545459284767
.33950006021008061
.35690310928756558
.32448656062822118
.34102166021376418
.31025671601204036
.84964902470758241
.62590931346784884
1.0106005251063666
.88086180867277808
.85931401961958753
1.1507815145197351
.91954360934564039
1.4955010839116079
1.2615274275732133
1.2552539568871504
1.1432475907160311
1.0908611352352526
.92422401585237079
.80902615709450587
.83726685799074796
.69938139639425012
.63968508681689873
.57566169503218845
.54033190405595077
.48975010786770201
.4444995837087295
.40830842474912948
.49456992887165169
.4243520878176365
.41497918348521567
.39216979112010825
.36444814702045919
.44403354325945771
.38266077120683867
.37867417589761798
.35797879895403101
.33421331963068279
.52805224079899948
.44220933656934325
.57279700811356993
.51463446860751549
.4984762414873552
.72369010159721148
.65761794564682785
1.3571345820730762
1.0629910493612527
1.3773321209845764
1.2106338368999192
1.1755513545967109
1.2599101174620264
1.0424003134838533
.94466657837759627
1.0831476397909268
.88370246998782076
.82440371242330079
.78026057665510795
.6802705106934257
.60847461542250092
.63917881191181769
.57410685729930877
.52812882188460541
.48916892342391027
.4473074908475479
.40809787576079554
.37355768909482762
.39261549037879451
.35878790241595904
.34556100474108531
.55187395400842443
.45407934943469996
.46666308742575546
.44708020883989519
.41318279551153786
.3853701503340044
.48270617301522872
.408533503606131
.40142184571096151
.40496893042752852
.36742379794230223
.35840868218122679
.53612413555739258
.61999013928167723
.63835944082201901
.63160018440863275
.75859254542348109
.69904601851273585
.64205647926034859
.58857627216075881
.68200932287174221
.57241880805938294
.53665184064420723
.6360781652964026
.53907597184116662
.58308817479945829
.5167040767521095
.48047800796482509
.84056659659399757
.6510110099181452
.88161154749000625
.76907475840216721
.73345978330900519
.66408979273963964
.6043117097668903
.52725127886568846
.46879147040895375
.50091394459988803
.43025139994955308
.82973279285518242
.75660331258984259
.74978955880264619
.94809188933285071
.80834775696616001
.89483923554976086
.76924872199888972
.70279455078679021
.63546571265160201
.55752162437215957
.49391558345386283
.43992489049271138
.39499758843192501
.35820305001790603
.32816476033864822
.30335014261404586
.39306620211421023
.33771722322258041
.33784360494572807
.32416305849128496
.3042535914798829
.28363834854601266
.28151748386354775
.32099776353500448
.28796997043821526
.28383863327901981
.30659355854612591
.2789839904371923
.26791088658479034
.25332818532293472
.26686041568944741
.24308818767755361
.2778760838561336
.32680997271577883
.29627522122512001
.43377916247529674
.37228429992126433
.3718071174221208
.40626835093187014
.35833750705834427
.33589148977510286
.30895527313300369
.28332903767462808
.27648793596939114
.25055559023870205
.26960709350714596
.37265547724670117
.35712409733580769
.36424967176255652
.36800067459180835
.34053253355520369
.31516299491725913
.43130161487869739
.35529976796406226
.35561258356226616
.55252775121372089
.44791137003378767
.44922690967171242
.42090928685579915
.44311248922337704
.38179406933534477
.35365451023708216
.32263764318557964
.29294865244717144
.26690709673555008
.31277512261991164
.27099334857847579
.26459205281087567
.25116444007335026
.23505524886159745
.21940865600663739
.30313181154963909
.25712548277245972
.26012592521001199
.40764409326770645
.43213497041279891
.40635231097691576
.48294947103444835
.4272203614168848
.43582118522654273
.38677704686921432
.54374022663742205
.44082386453083305
.4326821796846626
.40886258478938253
.45416864285479941
.38659943661845902
.44907488972025644
.43793381475943427
.40075273415654267
.37690783575579978
.38500800473111446
.33780469337685842
.31283638658149049
.4247296741874827
.35148085034999266
.34764680411462745
.32740131945646811
.30052604549515355
.27396235077464526
.25031347503540513
.23011244006963139
.22434153404121071
.20664055359289299
.32468142015464968
.26990717127384589
.27880043509726754
.30362837308633195
.33877281950862415
.42406763209789511
.3723796698956745
.36901785145333843
.34461822704227496
.38343245092878159
.34021131992763276
.36827183707854405
.32790037826531188
.30894048550037423
.28430857263364567
.25930484823955735
.23684734102638974
.27184838215913687
.23714386465838905
.23090066265871784
.21904604490552892
.22102682797531664
.20261945465604647
.19286317773641251
.18244313487630298
.18079470454981636
.16906266322415939
.16240511173048605
.1585962824986421
.15111235649131655
.15445218688268542
.14630887306355353
.14276336571082024
.13832663412657487
.19764185149168434
.30153785120551724
.3057733452308205
.30917039477443209
.43695517049794413
.37010169909468255
.37801732984298031
.34314119040966462
.3111775850830874
.29888429755406581
.30382901225363074
.30414999131182163
.3841814455636901
.33253828338521252
.34267823493941379
.31507248369929064
.53671300049733073
.46657227148148966
.45843416834490586
.43867059799701524
.39774949286724948
.4417656614130645
.36906909372356334
.35122969712521368
.37082797453185207
.33644916234631062
.31005440702363601
.33378053963727711
.29245348737996102
.27481564689606403
.25373812036616167
.23268470883690151
.23581639168962928
.28571449369839291
.24964966142547687
.28598672352743865
.45868529590288781
.66782035810518359
.58101867588534772
.74803728492626254
.66312344316303695
.61418286318682069
.54510717236309159
.54060612435531952
.71193924183726587
.57301620891396399
.55937302061870753
.51289791203032975
.45521911253675673
.40018258216413771
.3525338193310229
.33345336584896024
.34412567533499822
.35070620120623397
.31912191771792059
.31995216934520282
.29716146920026476
.27449792285948227
.25328997300295258
.23316099343547658
.21542024481284971
.2002346739446994
.20079106519257811
.20777493832904595
.19288104786386343
.20430285650568514
.24594067031611141
.22061351743000759
.2303543581990066
.22706311743773222
.2586050542441265
.23079066296774448
.27904487167530623
.24720436218311412
.23956786359139198
.22465541898341732
.21335137030059839
.26648335802318435
.22846200065089722
.22577154348623199
.22430040302010854
.206165550708026
.19274550638098109
.17943568592253756
.2604363433077676
.3205754051932026
.2906536004895976
.29720137272891434
.28178411265689868
.25783070788962659
.23310803134479771
.21094741841850012
.19227068818278223
.41645169572731822
.31604240865132571
.33994573469333494
.40321114301164429
.35031969455609474
.32815439390229012
.38223000808825991
.36475011594914325
.3638559078096435
.33313046965882981
.30917055940848542
.28021019382116286
.2521481819623474
.25931547334655075
.22755810009928562
.21426530231803942
.19961356918880244
.18536651413131272
.17266038636495235
.1615968237672297
.18473995749267594
.16647681213360607
.16388554014578571
.15788302826801784
.15028324463663878
.1791419699615405
.18313492956712851
.17613988959863555
.22083163177324228
.27121198328986884
.30272966694130726
.28350159754120702
.27778841474205107
.30175555557276601
.32872422595039513
.33852206224388293
.38963317991793117
.34665628184896591
.3315945720430904
.30293349765251615
.27353629084685388
.2435801266640169
.21895531314465794
.19830478888151676
.23875523786120331
.20490994537874693
.20090399827309807
.2877092747003277
.24125871746713098
.24186754349016842
.22947676195904168
.21181313142430469
.21982148924727946
.32617832881651548
.2695757716917459
.27562051405061788
.26220211018816153
.25036068903050485
.22441209995378511
.23955920667068115
.21043555440420228
.19926185542469968
.19728237828452505
.38398816891327886
.48954084408138115
.47189601859418651
.48004199172923417
.45333840468055103
.53752578107502669
.78243437719066444
.62882387298833875
.63040596279350625
.65733981275347297
1.0716425430387557
.83106786276940725
.91681274307997296
.81639813998158151
.83066498265006161
.69594611279265484
.81038952680388632
.65899461473206167
.60806092478574214
.54121920373794863
.47399887530783735
.41452864345576296
.38270160149668764
.3353709443294372
.30400031026465024
.32895145519341468
.32564844730072168
.29904329893341869
.28598193563174473
.34887140551053941
.31978621293878751
.30417019726631261
.28839098576128158
.26750499788497489
.24468477502395058
.22438554983713022
.25202071887116972
.22145187599756677
.3456386416036164
.28869430972559945
.53824619865088352
.43848983595515745
.44948854278596967
.47063588593973599
.41069244556349027
.39475056994781094
.34628355975658048
.34310405084080614
.3372911020819423
.29980353093168283
.27985323320739958
.32185918305640354
.27681531414341204
.2647970315829653
.24654133240450846
.22680558132706793
.20830455276764256
.19391262274425197
.17963418920663898
.16828629205180318
.19569495290889274
.17484596792869223
.17266480301863804
.21302494662196159
.18882458234260055
.18684423347510368
.28352324740797713
.23628955892631512
.23988584469640761
.28353621504102444
.24768112676782106
.34664709982283071
.38866681016069493
.35175165969026223
.39879037704416437
.37981654198234704
.41918663719139798
.36349461620561779
.33928580690735344
.30694910781024348
.28626139394548528
.29545736731480771
.25726068863660428
.39918094383717018
.32456567153418547
.32659266377687796
.37231989157017104
.37573195523603592
.33695463597760572
.44965262108420467
.37428894905721655
.36265254807159442
.33361009490705829
.29939448032522092
.26728396282914407
.23937454724047544
.223841477719427
.20199113761932838
.27088284992108469
.22863586017870038
.22836773395136142
.49216752990557999
.3769366743084388
.42463962075681105
.39875550746533828
.36557132812429355
.44158669767044817
.49980924463537141
.43327620020424812
.42066056919786088
.38502685292470118
.34565441623855209
.30462616699674455
.27054363822245248
.24191346305746755
.23052231919191463
.20739519438943607
.19306271554665813
.21105108176325013
.18878999344398556
.35325903150718324
.37864708350068826
.36268101387762558
.36518001180609377
.49387462719451708
.40474254137972304
.43699450127459288
.38676813272865002
.35333311604456508
.35998441047529073
.30899829929225314
.42556342625924637
.38331452406108024
.36484051568563636
.34494754491019292
.31372505987020688
.29556822844589709
.26099895936065648
.31619059481584116
.28986511385661323
.27385264081633709
.37511657149662636
.41287563260232768
.37407090563480683
.61430525219461596
.49727929341385929
.49373640927872703
.52145150536345963
.44624886677559805
.45913747755537082
.51658884518799708
1.036061279513725
1.1239140482625636
1.0635514761595568
2.2589184304583418
1.7204110654059279
1.7890564549996411
2.5404740731451487
1.9720006150830895
2.4962231261856966
2.0279527917823947
1.8406051496331797
2.6326794363567787
1.9850872782164497
1.8731637273767003
1.6545956348597008
1.4165217700457682
1.7452398417382928
1.3529283896906288
2.2926914927195314
1.7748404772003459
1.9341593257879102
2.4386608118599704
2.0406742630313115
1.8891099503146385
1.7795308170734845
1.5034759312319772
1.2951014236296325
1.1069064802777597
.94763580810932524
.81732172738307363
.7436672574059745
.75016828937614577
.64949728377475213
.60503491451351332
.55383969215688122
.50362319055200255
.45913146229293633
.61725638029589591
.51382481782593925
.51188766524932117
.48357486918604969
.57214738189348102
.48934772986374381
.8855616040314167
.95081149793151432
.90786443328950794
.96317796706598968
.86783349755412997
.79857835707319746
.90911217727518567
.74752113868368031
.69569025830310693
.62675193404251539
.55616026522584394
.49262705385559125
.59107029891380858
.65679123964070996
.58302709948001141
.99526557661095583
.80276839522464027
1.0767007081767499
.95646656936758634
.89453074354974327
.95388246031182133
.81002765630122386
.73066009131098297
.64774531140530955
.57110402086697776
.50229439154196609
.44574629766598839
.39921312979360091
.38868561369585375
.47485990495220198
.40841066048110519
.40286129450493291
.38041621572889717
.3514865607154401
.37913167430527756
.33370853028880526
.31820702417343072
.30587485780813878
.4343607116548171
.61470618066844263
.53304764116528602
.64255270366807427
.58183779659235402
.54816365615617546
.52973071525514892
.46135497393671943
.41601758213522688
.57002095553289367
.46131718264666538
.45353764018159609
.70661564291481083
.6402548033187766
.61381233133674173
.58371070819458593
.52785734121499672
.49146009494483345
.43289753959696281
.43919861042607966
.38244403366283697
.35491114364693732
.33023258496369878
.30048944358742757
.27626765545098236
.25486826181415567
.236596590934812
.22098284249531683