29/04/97	0.6155	6.011	498.5	23.14
30/04/97	0.6156	5.933	498.5	23.55
01/05/97	0.6163	5.933	498.5	23.55
02/05/97	0.6165	5.886	498.8	23.65
05/05/97	0.6164	5.886	502.5	24.18
06/05/97	0.6123	5.864	501	24.28
07/05/97	0.6198	5.857	497	24.03
08/05/97	0.6173	5.857	497	24.03
09/05/97	0.6163	5.823	495.5	24.06
12/05/97	0.616	5.846	496	24.03
13/05/97	0.6122	5.812	501	24.41
14/05/97	0.6072	5.815	503	24.33
15/05/97	0.6088	5.793	497	24.33
16/05/97	0.6111	5.791	497	24.84
19/05/97	0.6098	5.791	497	24.84
20/05/97	0.6035	5.894	483.5	24.59
21/05/97	0.6079	5.863	483	25.27
22/05/97	0.6158	5.936	484	25.32
23/05/97	0.6112	5.967	482	25.12
26/05/97	0.6112	5.974	481	25.73
27/05/97	0.6129	5.978	488	26.06
28/05/97	0.6095	5.96	487	25.96
29/05/97	0.6096	5.96	486.5	25.96
30/05/97	0.6096	5.987	488	25.45
02/06/97	0.6114	5.974	493	24.74
03/06/97	0.6117	5.914	494	25.14
04/06/97	0.6123	5.899	494	25.4
05/06/97	0.6118	5.89	494	25.37
06/06/97	0.6127	5.775	501.5	25.2
09/06/97	0.6105	5.72	493.5	25.04
10/06/97	0.6103	5.746	495.5	24.84
11/06/97	0.6105	5.718	493.5	25.14
12.06/97	0.6127	5.747	494	25.6
13/06/97	0.6109	5.678	491.5	25.4
16/06/97	0.6108	5.62	493	25.27
17/06/97	0.61	5.656	494.5	25.27
18/06/97	0.6104	5.682	494.5	24.71
19/06/97	0.6066	5.668	504	24.51
20/06/97	0.6037	5.711	487.8	24.69
23/06/97	0.5979	5.7	484	24.41
24/06/97	0.5993	5.709	487.5	24.76
25/06/97	0.6012	5.66	486.3	25.58
26/06/97	0.6006	5.636	487.5	25.45
27/06/97	0.6008	5.628	488	25.02
30/06/97	0.6008	5.627	487.8	25.04
01/07/97	0.6029	5.676	488.3	24.92
02/07/97	0.5968	5.605	487.5	25.42
03/07/97	0.5912	5.619	487	25.27
04/07/97	0.5912	5.572	476.5	25.27
07/07/97	0.5916	5.565	464	25.2
08/07/97	0.5922	5.53	470.5	25.7
09/07/97	0.5922	5.506	463	26.46
10/07/97	0.5922	5.544	480.5	25.79
11/07/97	0.591	5.53	465.5	26.36
14/07/97	0.5924	5.526	475	26.92
15/07/97	0.5954	5.595	472	26.62
16/07/97	0.5957	5.59	474	27
17/07/97	0.5978	5.541	474.5	27.48
18/07/97	0.5951	5.539	477	27.27
21/07/97	0.5957	5.577	483.5	28.44
22/07/97	0.5951	5.53	482.5	31.94
23/07/97	0.5954	5.491	485	32.95
24/07/97	0.5973	5.494	478.5	31.43
25/07/97	0.6006	5.559	489.5	32.04
28/07/97	0.6127	5.566	495	31.28
29/07/97	0.6144	5.526	497	31.3
30/07/97	0.6139	5.491	495.5	31.48
31/07/97	0.6094	5.485	493	31.94
01/08/97	0.6133	5.53	493	31.76
04/08/97	0.6135	5.617	496.5	31.18
05/08/97	0.6156	5.655	491.5	31.61
06/08/97	0.6241	5.704	488.5	31.13
07/08/97	0.6289	5.674	494	32.17
08/08/97	0.6299	5.707	490	33.74
11/08/97	0.6289	5.691	499.5	35.03
12/08/97	0.6334	5.644	497.5	34.65
13/08/97	0.6315	5.697	495.5	33.66
14/08/97	0.6285	5.672	496.8	33.76
15/08/97	0.6214	5.665	488	33.51
18/08/97	0.6227	5.653	489.5	32.45
19/08/97	0.6227	5.603	488.5	34.42
20/08/97	0.6275	5.593	491	36.7
21/08/97	0.6281	5.609	491	35.84
22/08/97	0.6209	5.68	484	34.45
25/08/97	0.6225	5.703	487.5	34.07
26/08/97	0.6202	5.712	483.5	33.26
27/08/97	0.6198	5.7	485	32.75
28/08/97	0.6179	5.678	482.5	32.7
29/08/97	0.6173	5.66	483	31.74
01/09/97	0.6173	5.68	485	33.46
02/09/97	0.6283	5.678	484.5	33.03
03/09/97	0.6307	5.667	486	33.15
04/09/97	0.6314	5.687	481.5	33
05/09/97	0.6274	5.659	481.5	33.23
08/09/97	0.6318	5.68	479	32.24
09/09/97	0.6291	5.656	478	32.57
10.09.97	0.6303	5.642	474.3	31.43
11.09.97	0.6251	5.663	473.5	30.97
12.09.97	0.6221	5.654	477.5	29.61
15.09.97	0.6225	5.644	474.5	29.3
16.09.97	0.6268	5.618	466.5	30.42
17.09.97	0.6244	5.56	466.5	30.62
18.09.97	0.6205	5.548	468.5	30.9
19.09.97	0.6205	5.534	470	31.13
22.09.97	0.6234	5.521	470.5	32.04
23.09.97	0.6196	5.533	473	32.09
24.09.97	0.6197	5.516	471.5	32.34
25.09.97	0.6141	5.503	476.5	32.39
26.09.97	0.6219	5.531	476	32.09
29.09.97	0.6211	5.533	476.5	32.04
30.09.97	0.6179	5.523	483	32.29
01.10.97	0.619	5.474	492.5	32.5
02.10.97	0.6189	5.47	499.5	33.36
03.10.97	0.6188	5.469	484.5	33.36
06.10.97	0.6188	5.427	483	34.02
07.10.97	0.6163	5.406	477.5	33.97
08.10.97	0.6165	5.427	482.5	33.56
09.10.97	0.6156	5.494	483.5	33.15
10.10.97	0.6167	5.575	480	32.5
13.10.97	0.6156	5.583	482.5	32.88
14.10.97	0.6165	5.552	480.5	33.34
15.10.97	0.616	5.577	477	33.49
16.10.97	0.618	5.648	476.5	32.82
17.10.97	0.618	5.676	474	32.57
20.10.97	0.6122	5.648	477	32.31
21.10.97	0.6115	5.665	476.3	33.21
22.10.97	0.6128	5.689	477.5	33.23
23.10.97	0.6125	5.678	476.5	31.7
24.10.97	0.612	5.678	474.5	32.42
27.10.97	0.6013	5.629	454	31.24
28.10.97	0.5997	5.597	437	28.89
29.10.97	0.5981	5.652	446	30.93
30.10.97	0.5986	5.584	446	29.86
31.10.97	0.5973	5.602	437.5	29.91
03.11.97	0.5968	5.608	445.5	31.34
04.11.97	0.5936	5.595	442.5	30.88
05.11.97	0.5947	5.613	441.8	31.6
06.11.97	0.5915	5.631	440.3	31.83
07.11.97	0.5917	5.6	436.5	30.68
10.11.97	0.5891	5.611	433	30.93
11.11.97	0.5866	5.607	437	30.83
12.11.97	0.5867	5.596	431	29.76
13.11.97	0.5889	5.624	433.8	30.04
14.11.97	0.5909	5.592	423.8	29.96
17.11.97	0.5901	5.584	426	31.24
18.11.97	0.5914	5.543	432.6	31.75
19.11.97	0.5914	5.542	432	31.55
20.11.97	0.5923	5.514	431	32.16
21.11.97	0.5906	5.52	437	32.59
24.11.97	0.5914	5.487	437.5	30.98
25.11.97	0.5961	5.499	432	31.09
26.11.97	0.5975	5.48	424	31.11
27.11.97	0.5975	5.49	425.8	31.29
28.11.97	0.5925	5.475	427	31.34
01.12.97	0.5933	5.45	433	31.83
02.12.97	0.5949	5.425	427.5	31.55
03.12.97	0.5938	5.416	425.5	31.5
04.12.97	0.6001	5.405	425.3	31.8
05.12.97	0.6028	5.395	426.3	32.31
08.12.97	0.6069	5.393	427	33.92
09.12.97	0.6053	5.385	430.6	34.82
10.12.97	0.6059	5.4	433	34.87
11.12.97	0.6034	5.36	416.5	34.21
12.12.97	0.6057	5.305	415	34.87
15.12.97	0.6122	5.261	411.5	35.15
16.12.97	0.6114	5.277	417.5	35.64
17.12.97	0.6056	5.318	418.5	35.84
18.12.97	0.6001	5.276	423	36.56
19.12.97	0.5988	5.247	428.8	38.24
22.12.97	0.6011	5.218	427.5	37.07
23.12.97	0.5995	5.223	428	37.78
24.12.97	0.5992	5.223	428	37.78
25.12.97	0.5992	5.223	428	37.78
26.12.97	0.5957	5.222	436	37.78
29.12.97	0.5982	5.243	431.5	36.97
30.12.97	0.6039	5.302	430.5	36.2
31.12.97	0.6058	5.302	430.5	36.2
01.01.98	0.6058	5.302	430.5	36.2
02.01.98	0.6095	5.352	430.5	36.79
05.01.98	0.6135	5.238	430.5	36.92
06.01.98	0.6156	5.188	428.5	36.84
07.01.98	0.6152	5.172	423.5	37.22
08.01.98	0.6202	5.158	423	35.74
09.01.98	0.62	5.092	420	35.69
12.01.98	0.6167	5.019	417	33.39
13.01.98	0.6116	5.071	422.5	34.21
14.01.98	0.6137	5.096	427	34.1
15.01.98	0.6137	5.056	430.5	33.46
16.01.98	0.6119	5.082	443	33.69
19.01.98	0.6111	5.09	435.5	34.15
20.01.98	0.6146	5.053	440	34.1
21.01.98	0.613	5.052	443	33.44
22.01.98	0.6068	5.116	439.5	32.88
23.01.98	0.5977	5.116	433.5	32.88
26.01.98	0.6039	5.149	443	32.62
27.01.98	0.6082	5.076	440	32.82
28.01.98	0.6088	5.073	444.5	33.77
29.01.98	0.6101	5.098	453	34.21
30.01.98	0.6122	5.048	454	34
02.02.98	0.6101	5.048	456	33.23
03.02.98	0.6073	5.066	450.3	34.26
04.02.98	0.6035	5.076	439	34.97
05.02.98	0.6043	5.104	436	34.97
06.02.98	0.6085	5.125	442	34.36
09.02.98	0.6136	5.082	447.5	35.18
10.02.98	0.6152	5.067	446.5	34.82
11.02.98	0.6126	4.999	445.5	34.64
12.02.98	0.6096	4.975	441.5	34.1
13.02.98	0.6096	4.956	446.5	33.75
16.02.98	0.6096	4.948	444.5	33.31
17.02.98	0.6124	4.948	446.5	33.85
18.02.98	0.6105	4.891	446.3	33.8
19.02.98	0.6108	4.931	445.5	33.49
20.02.98	0.6105	4.944	443	33.57
23.02.98	0.6075	4.886	432.3	33.75
24.02.98	0.6059	4.914	429.5	33.8
25.02.98	0.6088	4.947	434.5	33.64
26.02.98	0.6077	4.91	436.5	33.9
27.02.98	0.6082	4.911	444.3	33.59
02.03.98	0.6074	4.93	442.5	33.72
03.03.98	0.6055	4.932	443.5	33.9
04.03.98	0.6073	4.992	447	33.08
05.03.98	0.6124	5.036	439.3	33.13
06.03.98	0.6118	5.039	445	33.39
09.03.98	0.6105	4.963	445.3	33.64
10.03.98	0.6095	4.912	444	33.39
11.03.98	0.6067	4.883	447.3	34.05
12.03.98	0.6039	4.87	443.3	34.56
13.03.98	0.5984	4.862	444	34.82
16.03.98	0.5993	4.869	442.5	34.13
17.03.98	0.5973	4.842	442	34.36
18.03.98	0.5982	4.869	435	33.85
19.03.98	0.5999	4.866	439.5	33.9
20.03.98	0.5992	4.869	445	33.77
23.03.98	0.5957	4.879	445.8	34.26
24.03.98	0.597	4.858	454.5	34.54
25.03.98	0.5973	4.832	451.3	35.41
26.03.98	0.5933	4.856	451	34.97
27.03.98	0.5942	4.87	459	35.02
30.03.98	0.5961	4.874	467.5	33.85
31.03.98	0.5983	4.922	464.5	34.15
01.04.98	0.5983	4.923	467.3	34.97
02.04.98	0.6011	4.914	478	35.02
03.04.98	0.6032	4.858	473.5	35.07
06.04.98	0.6001	4.827	482.5	34.67
07.04.98	0.5996	4.852	472.5	36.46
08.04.98	0.5966	4.85	471	35.53
09.04.98	0.5986	4.85	470.5	35.94
10.04.98	0.5982	4.85	470.5	35.94
13.04.98	0.5995	4.855	470.5	35.94
14.04.98	0.5935	4.856	465	36.76
15.04.98	0.5933	4.845	461	37.63
16.04.98	0.5913	4.855	474.5	37.2
17.04.98	0.5936	4.845	466.5	36.71
20.04.98	0.5967	4.862	464.5	37.99
21.04.98	0.5971	4.893	460.5	38.04
22.04.98	0.5982	4.91	476	38.6
23.04.98	0.6006	4.939	470.3	37.63
24.04.98	0.5995	4.933	469	36.4
27.04.98	0.5972	4.934	487.8	35.02
28.04.98	0.5997	5.01	476.3	34.67
29.04.98	0.5989	5.019	485	35.69
30.04.98	0.5985	5.048	485	35.38
01.05.98	0.6002	5.047	485	35.38
04.05.98	0.6002	4.97	456.5	35.99
05.05.98	0.6013	4.964	453	35.43
06.05.98	0.603	4.993	447	35.07
07.05.98	0.6066	4.98	440	34.41
08.05.98	0.6114	4.977	447.3	35.79
11.05.98	0.6138	4.99	445.8	36.15
12.05.98	0.6125	5.036	444.5	35.84
13.05.98	0.6127	5.003	446	37.07
14.05.98	0.6163	4.994	442.5	35.84
15.05.98	0.6149	4.998	450.8	35.76
18.05.98	0.6165	5.003	457	35.33
19.05.98	0.6166	4.984	457	35.25
20.05.98	0.6124	4.948	445	35.59
21.05.98	0.6133	4.947	445	35.59
22.05.98	0.6133	4.92	444.5	36.69
25.05.98	0.6133	4.914	442	36.56
26.05.98	0.6111	4.891	439.5	37.27
27.05.98	0.613	4.871	434.5	36.1
28.05.98	0.6146	4.881	434.3	35.79
29.05.98	0.6126	4.875	438	36.97
01.06.98	0.6094	4.875	438	36.97
02.06.98	0.6103	4.846	433.5	35.48
03.06.98	0.61	4.856	432.5	36.53
04.06.98	0.611	4.847	433	36.53
05.06.98	0.6117	4.866	433	36.4
08.06.98	0.612	4.835	434.8	35.71
09.06.98	0.6109	4.854	442.5	35.56
10.06.98	0.6137	4.829	436.5	35.43
11.06.98	0.6144	4.829	435.5	35.43
12.06.98	0.6122	4.764	430.3	35.38
15.06.98	0.6116	4.738	433	34.51
16.06.98	0.6055	4.769	434	34.51
17.06.98	0.5992	4.79	436	35.38
18.06.98	0.5981	4.824	439	35.02
19.06.98	0.5981	4.817	448.8	34.59
22.06.98	0.5977	4.76	445	34.31
23.06.98	0.5998	4.768	445	34.56
24.06.98	0.5994	4.738	445.8	35.69
25.06.98	0.5983	4.751	443	36.33
26.06.98	0.6019	4.771	448	35.28
29.06.98	0.6001	4.748	448	35.28
30.06.98	0.5996	4.778	448	35.13
01.07.98	0.6023	4.78	457	35.07
02.07.98	0.6027	4.747	454	34.82
03.07.98	0.6027	4.737	454	35.28
06.07.98	0.6107	4.703	449.5	34.49
07.07.98	0.6104	4.702	452	34.38
08.07.98	0.6109	4.704	450.5	34.59
09.07.98	0.6127	4.697	452.5	34.64
10.07.98	0.6124	4.671	451	34.28
13.07.98	0.6094	4.675	445.5	34.15
14.07.98	0.6117	4.693	450	35.43
15.07.98	0.6116	4.693	446.5	35.64
16.07.98	0.6098	4.702	444	34.92
17.07.98	0.6079	4.688	445	35.79
20.07.98	0.6069	4.705	446	36.66
21.07.98	0.6085	4.679	449.5	37.38
22.07.98	0.6085	4.663	448.5	36.81
23.07.98	0.6056	4.673	445.5	36.2
24.07.98	0.6026	4.681	444.5	35.89
27.07.98	0.6033	4.669	439	34.92
28.07.98	0.6068	4.676	437	35.02
29.07.98	0.6089	4.66	436	34.61
30.07.98	0.6111	4.658	437	34.33
31.07.98	0.6124	4.62	437	34.51
03.08.98	0.6147	4.617	454	33.85
04.08.98	0.6107	4.593	434	33.75
05.08.98	0.6111	4.588	433	32.82
06.08.98	0.6113	4.589	432.5	32.42
07.08.98	0.6137	4.568	431.5	32.19
10.08.98	0.6115	4.549	431	31.24
11.08.98	0.6126	4.499	428	29.14
12.08.98	0.6148	4.464	424	30.68
13.08.98	0.6161	4.454	425	30.63
14.08.98	0.6182	4.495	428	30.63
17.08.98	0.6188	4.408	431	29.96
18.08.98	0.6186	4.423	433	30.22
19.08.98	0.616	4.431	433	29.4
20.08.98	0.6129	4.399	431	29.14
21.08.98	0.6111	4.262	431	27.66
24.08.98	0.6095	4.278	431	27.92
25.08.98	0.6099	4.203	429	29.19
26.08.98	0.6106	4.268	432	27.61
27.08.98	0.6045	4.252	415	26.95
28.08.98	0.5949	4.175	398	27.35
31.08.98	0.5952	4.215	403	26.08
01.09.98	0.5968	4.218	405	26.08
02.09.98	0.5988	4.319	407	27.3
03.09.98	0.5972	4.252	410	26.08
04.09.98	0.5986	4.242	411.5	25.67
07.09.98	0.5986	4.235	411.5	26.38
08.09.98	0.6036	4.241	410.5	27.56
09.09.98	0.5995	4.155	405	27
10.09.98	0.5916	4.075	405.5	25.59
11.09.98	0.5978	3.996	412.5	26.38
14.09.98	0.5959	3.977	410.5	27
15.09.98	0.5963	3.977	410.5	26.28
16.09.98	0.5958	4.002	408.5	26.59
17.09.98	0.5948	3.949	407.5	25.26
18.09.98	0.5948	3.948	408.5	25.51
21.09.98	0.5951	3.871	411.5	24.9
22.09.98	0.5936	3.931	408	25.77
23.09.98	0.593	3.97	408.5	26.02
24.09.98	0.5893	3.958	412.5	25.41
25.09.98	0.5895	3.912	422	24.8
28.09.98	0.5861	3.933	412	25.1
29.09.98	0.5853	3.941	417	24.13
30.09.98	0.5882	3.895	414	23.11
01.10.98	0.5863	3.791	413	21.17
02.10.98	0.5882	3.761	414.5	20.5
05.10.98	0.5942	3.795	409.5	22.24
06.10.98	0.5942	3.79	403.5	23.01
07.10.98	0.5865	3.83	401.5	22.09
08.10.98	0.5845	3.864	403.5	21.12
09.10.98	0.586	4.19	403.5	21.63
12.10.98	0.5915	4.192	404.5	22.91
13.10.98	0.6121	4.13	398.5	23.01
14.10.98	0.5868	4.13	401.5	23.42
15.10.98	0.5862	4.046	402	24.08
16.10.98	0.5876	4.05	401.5	24.34
19.10.98	0.5882	4.041	403.5	24.13
20.10.98	0.5843	4.071	400.5	25.21
21.10.98	0.5893	4.099	407.5	24.85
22.10.98	0.59	4.096	401.5	24.95
23.10.98	0.592	4.101	399.5	24.64
26.10.98	0.6009	4.175	400.5	25.31
27.10.98	0.5965	4.126	399	25.56
28.10.98	0.5974	4.108	399	25.21
29.10.98	0.5967	4.129	404.5	24.8
30.10.98	0.6045	4.116	404	25.46
02.11.98	0.601	4.181	403.5	25.36
03.11.98	0.6026	4.164	396	25.05
04.11.98	0.6024	4.147	401	25.87
05.11.98	0.6018	4.16	406	25.67
06.11.98	0.6019	4.166	413	27.15
09.11.98	0.6012	4.237	416.5	28.1
10.11.98	0.6027	4.17	414.5	26.84
11.11.98	0.6013	4.186	414	27.35
12.11.98	0.6023	4.148	418	27.71
13.11.98	0.6009	4.15	419.5	26.59
16.11.98	0.5967	4.168	414	27.15
17.11.98	0.5965	4.136	413.5	27.56
18.11.98	0.599	4.078	418	26.84
19.11.98	0.6002	4.048	419	27.3
20.11.98	0.6036	4.011	421	28.02
23.11.98	0.6034	4.001	423	28.68
24.11.98	0.6024	4.02	427	28.33
25.11.98	0.6022	4.027	426	28.04
26.11.98	0.6022	4.012	426	28.38
27.11.98	0.6045	3.975	427	28.63
30.11.98	0.6062	3.987	418.5	28.53
01.12.98	0.6046	3.94	414	26.84
02.12.98	0.5997	3.913	410.5	25.67
03.12.98	0.6009	3.881	407.5	26.18
04.12.98	0.6009	3.883	408	25.97
07.12.98	0.6054	3.871	415	25.56
08.12.98	0.6031	3.872	410	25.16
09.12.98	0.6042	3.822	408	25.41
10.12.98	0.5985	3.788	401	24.95
11.12.98	0.5922	3.749	394	24.44
14.12.98	0.5907	3.826	394.5	24.03
15.12.98	0.5937	3.826	401	23.93
16.12.98	0.5987	3.865	404	24.29
17.12.98	0.5976	3.853	402	24.47
18.12.98	0.5949	3.847	400	23.62
21.12.98	0.5937	3.835	402	24.75
22.12.98	0.5952	3.904	400.5	24.9
23.12.98	0.5958	3.925	400.5	25.51
24.12.98	0.598	3.924	400.5	25.51
25.12.98	0.598	3.924	400.5	25.51
28.12.98	0.5966	3.924	400.5	26.74
29.12.98	0.5943	3.911	401	26.33
30.12.98	0.6023	3.875	402	26.95
31.12.98	0.6026	3.874	404	26.95
01.01.99	0.6026	3.874	404	26.95
04.01.99	0.6033	3.753	400.5	28.1
05.01.99	0.6043	3.767	400.5	27.5
06.01.99	0.6043	3.756	409	28.4
07.01.99	0.6058	3.755	407	28.1
08.01.99	0.6088	3.754	414	28.7
11.01.99	0.6138	3.763	416	27.8
12.01.99	0.6132	3.827	410	27.3
13.01.99	0.6068	3.702	400	25.7
14.01.99	0.6035	3.719	396	25.25
15.01.99	0.6055	3.67	396	25.4
18.01.99	0.6049	3.703	402	27.3
19.01.99	0.6039	3.672	404	27.8
20.01.99	0.6076	3.703	401.5	27.1
21.01.99	0.6055	3.695	405	26.7
22.01.99	0.6037	3.648	405	25.8
25.01.99	0.6035	3.629	407	26.4
26.01.99	0.6025	3.663	407	25.6
27.01.99	0.6075	3.677	409	25.8
28.01.99	0.6062	3.663	409	26
29.01.99	0.6078	3.657	413	26.3
01.02.99	0.6092	3.676	413	26.5
02.02.99	0.6139	3.717	413	25.8
03.02.99	0.6115	3.747	415	25.8
04.02.99	0.6079	3.781	415	25.4
05.02.99	0.6129	3.795	421	25.9
08.02.99	0.6098	3.878	417.5	26
09.02.99	0.6107	3.813	416	25.8
10.02.99	0.6145	3.794	412	25.5
11.02.99	0.6162	3.816	413	25.7
12.02.99	0.6122	3.795	413	25.5
15.02.99	0.6122	3.94	413	25.05
16.02.99	0.6119	3.916	420	25.3
17.02.99	0.6116	3.949	416	24.9
18.02.99	0.6114	3.909	415.5	24.8
19.02.99	0.6163	3.931	416	24.6
22.02.99	0.6145	3.93	423	24.95
23.02.99	0.6192	3.855	425.5	25.4
24.02.99	0.6266	3.875	424	25.8
25.02.99	0.6234	3.91	426	25.7
26.02.99	0.6238	4.02	422	25.6
01.03.99	0.6216	4.006	423	24.9
02.03.99	0.6188	4.076	426	24.65
03.03.99	0.6197	4.056	426	24.2
04.03.99	0.6212	4.167	424.5	24.3
05.03.99	0.6224	4.118	430	25.15
08.03.99	0.6219	4.047	430	25.45
09.03.99	0.6177	4.074	436	25.3
10.03.99	0.6148	4.078	436	25.85
11.03.99	0.6111	4.083	433	26.6
12.03.99	0.6126	4.012	437.5	27.2
15.03.99	0.6161	4.002	434	28
16.03.99	0.6138	4.011	435.5	28.4
17.03.99	0.6135	3.942	417.5	27.95
18.03.99	0.6136	3.92	418	27.7
19.03.99	0.6143	3.901	418.5	28.05
22.03.99	0.6143	3.963	427	28.35
23.03.99	0.6104	4.001	422	27.7
24.03.99	0.6117	3.992	423	26.85
25.03.99	0.616	3.96	418	27.8
26.03.99	0.6163	3.991	420.5	27.6
29.03.99	0.6191	4.043	419	27.9
30.03.99	0.6205	4.046	423	27.6
31.03.99	0.6204	4.01	423	27.7
01.04.99	0.6238	3.976	421	28.2
02.04.99	0.6236	3.976	421	28.2
05.04.99	0.6252	3.976	421	28.2
06.04.99	0.6281	3.929	421	28.6
07.04.99	0.6266	3.895	421	29.55
08.04.99	0.6224	3.886	420	29.8
09.04.99	0.6219	3.811	422	29.8
12.04.99	0.6198	3.774	422.5	29.75
13.04.99	0.6189	3.793	425	29.55
14.04.99	0.6198	3.803	425	29.75
15.04.99	0.6214	3.798	427.5	29.85
16.04.99	0.6197	3.862	430	29.7
19.04.99	0.6208	3.894	430.5	29.85
20.04.99	0.6209	3.818	434	29.2
21.04.99	0.6224	3.798	434.5	29.6
22.04.99	0.6187	3.798	433.5	29.95
23.04.99	0.6189	3.847	433.5	30.45
26.04.99	0.6204	3.861	430.5	30.5
27.04.99	0.6181	3.84	428.5	30.75
28.04.99	0.6194	3.854	433.5	30.85
29.04.99	0.6179	3.856	442	30.35
30.04.99	0.6215	3.804	435	30.6
03.05.99	0.6213	3.898	442.5	30.25
04.05.99	0.6141	3.889	442	30.1
05.05.99	0.6109	3.95	434	30.25
06.05.99	0.6098	3.938	437	30
07.05.99	0.6133	4.01	434.5	29.95
10.05.99	0.6154	4.053	426.5	29.8
11.05.99	0.616	4.036	423.5	29.8
12.05.99	0.6181	4.097	423.5	29.7
13.05.99	0.617	4.097	420.5	29.7
14.05.99	0.6172	4.02	423.5	29.6
17.05.99	0.6179	4.144	420.5	29.3
18.05.99	0.6171	4.121	417.5	29.5
19.05.99	0.618	4.116	417	29.85
20.05.99	0.622	4.075	414	30.05
21.05.99	0.6245	4.079	418	29.7
24.05.99	0.6259	4.079	418	29.7
25.05.99	0.6233	4.006	414.5	28.15
26.05.99	0.627	4.019	411	28.1
27.05.99	0.6257	4.075	414	27.15
28.05.99	0.6245	4.1	413.5	26.9
31.05.99	0.6245	4.102	415	26.5
01.06.99	0.6204	4.173	415	26.2
02.06.99	0.6234	4.242	410.5	26.25
03.06.99	0.6226	4.242	413	26.25
04.06.99	0.6172	4.271	452	26.4
07.06.99	0.6255	4.277	413.5	27.45
08.06.99	0.6229	4.214	413	28
09.06.99	0.6236	4.214	404	29.2
10.06.99	0.623	4.307	400	29
11.06.99	0.6183	4.343	397	28.8
14.06.99	0.6222	4.351	411	28.9
15.06.99	0.6273	4.3	399	29.1
16.06.99	0.6298	4.294	402	28.85
17.06.99	0.6277	4.246	400	28.85
18.06.99	0.6264	4.197	400	28.95
21.06.99	0.6282	4.222	404	29.15
22.06.99	0.6285	4.354	404	29.1
23.06.99	0.6327	4.437	407	28.7
24.06.99	0.6296	4.456	407	28.15
25.06.99	0.6306	4.585	406	28.3
28.06.99	0.6316	4.6	408	29.2
29.06.99	0.6358	4.56	410	29.3
30.06.99	0.634	4.503	412	29.45
01.07.99	0.6355	4.455	418	29.85
02.07.99	0.6343	4.596	418	30.65
05.07.99	0.6343	4.593	416.5	31.6
06.07.99	0.6376	4.68	407	31.65
07.07.99	0.6369	4.703	410	32.05
08.07.99	0.6413	4.785	410	33.25
09.07.99	0.6451	4.728	410	34.5
12.07.99	0.642	4.794	409	33.8
13.07.99	0.6423	4.655	408	33.45
14.07.99	0.6396	4.652	406	34.95
15.07.99	0.639	4.625	404	34.95
16.07.99	0.6401	4.748	404.5	34.65
19.07.99	0.6329	4.744	400	34.55
20.07.99	0.6369	4.71	394	33.4
21.07.99	0.6331	4.611	393.5	32.55
22.07.99	0.6323	4.56	394	32.15
23.07.99	0.6337	4.626	395.5	32.6
26.07.99	0.6288	4.641	387	32.3
27.07.99	0.6289	4.637	389	32.55
28.07.99	0.6262	4.643	386.5	32
29.07.99	0.6183	4.691	383	31.45
30.07.99	0.6163	4.746	387.5	31
02.08.99	0.6182	4.939	387.5	30.7
03.08.99	0.6171	4.93	388.5	30.5
04.08.99	0.6166	4.881	385.5	30.9
05.08.99	0.6199	4.957	383.5	29.45
06.08.99	0.6211	4.953	385.5	29.9
09.08.99	0.6225	5.044	399	29.8
10.08.99	0.6194	5.032	395.8	29.6
11.08.99	0.6202	4.943	392.5	30.15
12.08.99	0.6208	4.921	396	30.85
13.08.99	0.6229	4.94	400	32.45
16.08.99	0.6245	4.927	398	33.05
17.08.99	0.6235	4.918	403	33.15
18.08.99	0.6239	4.829	403	33.2
19.08.99	0.6182	4.85	394.5	33
20.08.99	0.62	4.829	392	33.4
23.08.99	0.6244	4.771	394.5	34.1
24.08.99	0.6274	4.808	391.5	33.2
25.08.99	0.631	4.756	393.5	33.8
26.08.99	0.6299	4.717	394	33.05
27.08.99	0.6297	4.769	394	34.1
30.08.99	0.6291	4.852	394	34.35
31.08.99	0.6229	4.924	394	33.9
01.09.99	0.6233	4.939	389	35
02.09.99	0.6221	4.986	384	34.15
03.09.99	0.6242	4.995	388	35.85
06.09.99	0.6242	4.923	391.5	36.2
07.09.99	0.6234	4.943	391.5	35.75
08.09.99	0.6179	5.035	391	35.85
09.09.99	0.6115	5.044	394	35.85
10.09.99	0.6178	5.072	401	35.5
13.09.99	0.6219	5.114	400	35.5
14.09.99	0.6221	5.087	400	35.15
15.09.99	0.6195	5.152	402	35
16.09.99	0.6163	5.16	400	34.25
17.09.99	0.6159	5.032	399	34.2
20.09.99	0.6172	4.999	399	33.8
21.09.99	0.6125	5.116	412	34.1
22.09.99	0.6139	5.089	412	34.75
23.09.99	0.6076	5.104	412.5	35.5
24.09.99	0.6089	4.992	417.5	35.2
27.09.99	0.6079	5.001	438	35.6
28.09.99	0.6065	5.056	469.5	35.65
29.09.99	0.6081	5.099	460.5	35.75
30.09.99	0.6071	5.133	458	36
01.10.99	0.6042	5.139	460	35.55
04.10.99	0.6041	5.199	474.5	35.95
05.10.99	0.604	5.169	501	35.55
06.10.99	0.6043	5.191	485.5	35.75
07.10.99	0.6054	5.227	486.5	35.8
08.10.99	0.6054	5.205	488	35.5
11.10.99	0.6054	5.238	483.5	35.3
12.10.99	0.6034	5.289	480	35.2
13.10.99	0.6037	5.292	483.5	34.7
14.10.99	0.6012	5.375	478.5	34.6
15.10.99	0.5988	5.417	466.5	33.9
18.10.99	0.5995	5.365	466.5	33.8
19.10.99	0.5981	5.425	466.5	34.6
20.10.99	0.6013	5.449	466.5	34.6
21.10.99	0.5969	5.44	452	34.45
22.10.99	0.6036	5.383	458.5	34.7
25.10.99	0.601	5.402	458.5	34.9
26.10.99	0.6051	5.437	446.5	34.7
27.10.99	0.6074	5.363	450	35.45
28.10.99	0.6106	5.299	461	35.9
29.10.99	0.6078	5.192	462	36.25
01.11.99	0.6086	5.162	446.5	36.3
02.11.99	0.6078	5.135	452	35.9
03.11.99	0.6086	5.118	454.5	35.85
04.11.99	0.6163	5.112	459.5	36.05
05.11.99	0.6176	4.992	456	35.95
08.11.99	0.6174	4.992	453.5	35.95
09.11.99	0.6158	4.931	458.5	35.9
10.11.99	0.6138	4.974	467.5	35.3
11.11.99	0.6161	4.992	461.5	34.75
12.11.99	0.6189	4.914	461.5	34.55
15.11.99	0.6167	4.883	458.5	34.05
16.11.99	0.618	4.868	464	34.2
17.11.99	0.6155	4.905	459.5	34.3
18.11.99	0.6187	5.023	463.5	34.8
19.11.99	0.6175	5.011	463.5	34.7
22.11.99	0.6172	5.096	463.5	33.35
23.11.99	0.6152	5.065	471.5	33.1
24.11.99	0.6217	5.162	478	32.7
25.11.99	0.6217	5.161	474	33.15
26.11.99	0.6222	5.196	473.5	32.6
29.11.99	0.6227	5.187	470.5	31.85
30.11.99	0.6256	5.181	480.3	32.25
01.12.99	0.6246	5.136	470.5	32.15
02.12.99	0.6247	5.123	459.5	32.15
03.12.99	0.6244	5.204	454	33.55
06.12.99	0.6172	5.104	437	33.6
07.12.99	0.6154	5.031	445	33.4
08.12.99	0.6143	5.009	443	33.45
09.12.99	0.6158	5.037	441	34.3
10.12.99	0.6167	5.022	449	34.8
13.12.99	0.6156	4.99	447	35.35
14.12.99	0.6205	5.06	449	35
15.12.99	0.623	5.062	451	34.5
16.12.99	0.6209	5.142	449	35.85
17.12.99	0.623	5.23	456	35
20.12.99	0.6226	5.243	455	34.55
21.12.99	0.6201	5.253	457	34.65
22.12.99	0.6219	5.28	457	35
23.12.99	0.6186	5.235	457	36.65
24.12.99	0.6186	5.235	457	36.65
27.12.99	0.6184	5.273	461.5	36.1
28.12.99	0.6193	5.287	465.5	35.95
29.12.99	0.6182	5.269	469.5	36.1
30.12.99	0.6189	5.335	469.5	36.45
31.12.99	0.6191	5.342	469.5	36.45
03.01.00	0.6108	5.391	460.5	35.5
04.01.00	0.6109	5.521	444.5	34.8
05.01.00	0.6088	5.498	440	34.9
06.01.00	0.6072	5.541	443	35.35
07.01.00	0.6102	5.491	447	36.55
10.01.00	0.6108	5.414	447	36.4
11.01.00	0.6069	5.491	447	36.35
12.01.00	0.6069	5.557	447	36.6
13.01.00	0.6072	5.549	451	36.15
14.01.00	0.6117	5.501	456.5	36.1
17.01.00	0.6127	5.56	460.5	36.25
18.01.00	0.6106	5.606	471	36.55
19.01.00	0.6082	5.646	464.5	36.7
20.01.00	0.6043	5.631	461	35.95
21.01.00	0.6063	5.572	464.5	36.2
24.01.00	0.6057	5.546	466.5	35.35
25.01.00	0.6079	5.524	462.5	33.75
26.01.00	0.6102	5.5	465.5	33.55
27.01.00	0.6101	5.52	472.5	33.3
28.01.00	0.6176	5.626	469.5	33.1
31.01.00	0.619	5.584	474	32.15
01.02.00	0.6194	5.505	473.5	32.7
02.02.00	0.6218	5.471	476.5	32.95
03.02.00	0.6261	5.494	471.5	33
04.02.00	0.6283	5.397	484.1	33.1
07.02.00	0.6261	5.524	503.8	32.3
08.02.00	0.6202	5.516	507.2	31.6
09.02.00	0.6184	5.493	507.9	32.3
10.02.00	0.6214	5.535	516	35.6
11.02.00	0.6277	5.6	504.2	37.4
14.02.00	0.63	5.586	507.1	37.2
15.02.00	0.6265	5.563	493.5	37.5
16.02.00	0.6219	5.596	495.9	36.9
17.02.00	0.6217	5.55	494.2	39.8
18.02.00	0.6244	5.567	499.8	39.7
21.02.00	0.6244	5.523	499.8	38.75
22.02.00	0.6202	5.463	492.1	38.1
23.02.00	0.6235	5.438	484.5	38.8
24.02.00	0.6249	5.446	488.4	39
25.02.00	0.627	5.402	486	38.85
28.02.00	0.6269	5.468	487.1	37.9
29.02.00	0.6335	5.489	491.7	37
01.03.00	0.6303	5.489	481.4	36.25
02.03.00	0.6344	5.507	484.9	37.9
03.03.00	0.6336	5.497	485.9	37.9
06.03.00	0.6353	5.441	486.2	36.9
07.03.00	0.633	5.41	493.3	40.2
08.03.00	0.6324	5.434	490.6	41.85
09.03.00	0.6324	5.375	489.1	44
10.03.00	0.6342	5.331	487.7	43.95
13.03.00	0.633	5.331	489.5	41.7
14.03.00	0.6341	5.342	484.8	42.8
15.03.00	0.6356	5.332	485.6	42.5
16.03.00	0.6344	5.32	477.9	42.9
17.03.00	0.6355	5.251	476	42.9
20.03.00	0.6373	5.247	477.1	43
21.03.00	0.6357	5.228	486.5	43.8
22.03.00	0.6336	5.235	483.8	44.1
23.03.00	0.6301	5.209	472.8	43.1
24.03.00	0.6275	5.21	466.2	42.6
27.03.00	0.6301	5.286	465.1	43.4
28.03.00	0.6294	5.287	467	43
29.03.00	0.6278	5.29	468.9	42.3
30.03.00	0.6266	5.296	460.7	40
31.03.00	0.6284	5.224	467.9	39.5
03.04.00	0.6256	5.219	464.1	39.85
04.04.00	0.6259	5.195	466.9	39.8
05.04.00	0.6314	5.128	462.6	38.9
06.04.00	0.6327	5.177	461.9	40
07.04.00	0.633	5.215	465.4	40.3
10.04.00	0.6311	5.145	464.6	40
11.04.00	0.6306	5.12	467.7	40
12.04.00	0.6298	5.198	469.2	40.55
13.04.00	0.6297	5.198	466.3	41.7
14.04.00	0.6301	5.184	466.4	42.6
17.04.00	0.6325	5.205	468.4	40.2
18.04.00	0.6333	5.235	472.2	41.8
19.04.00	0.6321	5.273	473.1	43.3
20.04.00	0.633	5.276	473.6	42.2
21.04.00	0.6337	5.276	473.3	42.2
24.04.00	0.6338	5.276	473.3	42.2
25.04.00	0.6324	5.309	478.6	42.9
26.04.00	0.6347	5.329	474.1	42.7
27.04.00	0.6355	5.289	474.1	41.3
28.04.00	0.6437	5.323	477.1	41.6
01.05.00	0.644	5.323	473.9	41.6
02.05.00	0.6413	5.328	481.1	41.2
03.05.00	0.6402	5.343	482.8	41.45
04.05.00	0.6487	5.491	492	41.4
05.05.00	0.6546	5.425	484.4	42.95
08.05.00	0.6527	5.413	481.6	42.6
09.05.00	0.653	5.395	479.3	42.1
10.05.00	0.6619	5.359	480.3	40.7
11.05.00	0.6645	5.349	481.7	41.4
12.05.00	0.6592	5.415	472.2	41.4
15.05.00	0.6638	5.415	474.5	41.4
16.05.00	0.669	5.398	477.5	42
17.05.00	0.6693	5.402	478	41.6
18.05.00	0.6745	5.434	482	41
19.05.00	0.6715	5.46	477.3	39.8
22.05.00	0.6693	5.412	478.7	38.6
23.05.00	0.6768	5.343	476.3	38.4
24.05.00	0.677	5.328	474.3	38.85
25.05.00	0.6793	5.328	467	39.7
26.05.00	0.6706	5.267	462.9	38.4
29.05.00	0.6706	5.25	464.5	38.9
30.05.00	0.6688	5.203	463.4	39.5
31.05.00	0.6663	5.232	462.9	39.35
01.06.00	0.6693	5.169	456.2	40
02.06.00	0.6632	5.123	474.1	39.75
05.06.00	0.6582	5.073	477.9	39.3
06.06.00	0.654	5.097	475.7	39.4
07.06.00	0.6569	5.127	469.4	39.4
08.06.00	0.6623	5.116	468.5	38.7
09.06.00	0.6627	5.15	471.3	39.3
12.06.00	0.6612	5.15	470.3	39.3
13.06.00	0.663	5.168	467.3	40
14.06.00	0.6669	5.137	468.3	39.8
15.06.00	0.6606	5.143	469.7	39.7
16.06.00	0.6603	5.108	465.6	40.6
19.06.00	0.6605	5.096	468.9	40.5
20.06.00	0.6612	5.1	470.4	39.45
21.06.00	0.668	5.161	473.5	38.75
22.06.00	0.6617	5.224	473.8	38.4
23.06.00	0.6652	5.252	472.1	37.2
26.06.00	0.6669	5.282	473.2	38.8
27.06.00	0.6666	5.226	473.4	38.35
28.06.00	0.6619	5.244	482.1	37.9
29.06.00	0.6582	5.238	477.2	36.8
30.06.00	0.6591	5.205	475	37.3
03.07.00	0.6606	5.274	475	36.2
04.07.00	0.6598	5.26	473.7	36.9
05.07.00	0.6615	5.278	465.5	38.3
06.07.00	0.6619	5.238	464.5	38.1
07.07.00	0.6609	5.294	467.4	38.5
10.07.00	0.6606	5.273	465.4	38.8
11.07.00	0.6604	5.268	465.2	38.35
12.07.00	0.6638	5.231	467.4	37.4
13.07.00	0.6664	5.278	469.4	37.3
14.07.00	0.667	5.245	470.6	38.2
17.07.00	0.6699	5.295	474	37.4
18.07.00	0.6686	5.3	471.4	36.15
19.07.00	0.669	5.343	471.5	36.7
20.07.00	0.6621	5.321	470.3	37.4
21.07.00	0.6586	5.253	469.6	37.6
24.07.00	0.6602	5.253	469.6	37.1
25.07.00	0.6583	5.198	466.1	37.1
26.07.00	0.6596	5.199	466.6	37.1
27.07.00	0.6615	5.174	466.5	37.2
28.07.00	0.6651	5.201	469.4	37.8
31.07.00	0.6671	5.207	466.8	38.3
01.08.00	0.6702	5.182	472.1	37.95
02.08.00	0.6695	5.154	472.8	39
03.08.00	0.6689	5.201	469.8	38.5
04.08.00	0.6644	5.176	470.7	37.9
07.08.00	0.6635	5.164	469.6	38.75
08.08.00	0.6655	5.188	472.2	39.55
09.08.00	0.6669	5.184	472.6	39.3
10.08.00	0.6675	5.146	470.2	39.65
11.08.00	0.666	5.138	478.9	38.6
14.08.00	0.6639	5.158	476.8	38.75
15.08.00	0.6639	5.16	475.1	38.45
16.08.00	0.6667	5.206	476.8	37.55
17.08.00	0.6672	5.197	478.1	38.15
18.08.00	0.6715	5.201	480.1	37.85
21.08.00	0.6707	5.246	479.7	37.8
22.08.00	0.6754	5.243	478.2	37.9
23.08.00	0.6749	5.234	473.4	37.6
24.08.00	0.6754	5.21	472.5	37.65
25.08.00	0.6798	5.224	473.7	37.4
28.08.00	0.6795	5.232	474.6	36.65
29.08.00	0.6843	5.261	474.8	36.5
30.08.00	0.6869	5.309	482.8	36.5
31.08.00	0.689	5.296	484.7	36.1
01.09.00	0.6829	5.264	482	35.1
04.09.00	0.6856	5.186	482.7	34.15
05.09.00	0.6888	5.205	485.4	34.05
06.09.00	0.6923	5.217	490.4	34.15
07.09.00	0.6951	5.264	489.6	33.85
08.09.00	0.7047	5.25	490.4	33.8
11.09.00	0.7086	5.284	487.2	33.5
12.09.00	0.7127	5.276	487	33.35
13.09.00	0.708	5.268	483.4	32.6
14.09.00	0.7112	5.258	487.7	32.6
15.09.00	0.7149	5.264	492.9	32.25
18.09.00	0.7136	5.344	490.5	32.7
19.09.00	0.7102	5.327	486.9	32.3
20.09.00	0.7089	5.323	483.7	31.7
21.09.00	0.696	5.289	484.8	32.5
22.09.00	0.6859	5.237	476.1	33
25.09.00	0.688	5.256	481.8	32.3
26.09.00	0.6853	5.252	477.5	33.4
27.09.00	0.6844	5.27	484.8	33.6
28.09.00	0.6832	5.261	478.8	33.6
29.09.00	0.6773	5.245	475.9	33.6
02.10.00	0.6814	5.229	476.9	33.45
03.10.00	0.6865	5.229	473.3	33.45
04.10.00	0.6868	5.244	473.7	33.1
05.10.00	0.6896	5.269	474.2	33.5
06.10.00	0.6917	5.249	475	33.4
09.10.00	0.6913	5.229	474.3	33.25
10.10.00	0.6892	5.225	479.9	32.9
11.10.00	0.6847	5.19	472	33
12.10.00	0.6783	5.209	484.1	32
13.10.00	0.6896	5.163	483.3	31.5
16.10.00	0.6915	5.21	483.9	30.95
17.10.00	0.6891	5.213	484.2	31.2
18.10.00	0.693	5.205	485.4	30.3
19.10.00	0.6914	5.214	486.7	31
20.10.00	0.6892	5.202	486.4	30.9
23.10.00	0.6889	5.194	488.4	31.1
24.10.00	0.6896	5.198	487.5	33
25.10.00	0.6897	5.213	477.2	32.7
26.10.00	0.6968	5.239	485.1	32.3
27.10.00	0.6874	5.223	479.7	32.1
30.10.00	0.6891	5.202	480.9	32.2
31.10.00	0.6898	5.23	480.8	33.25
01.11.00	0.6887	5.2	473.7	33.3
02.11.00	0.6916	5.192	474.7	33.75
03.11.00	0.6902	5.188	470.2	33.2
06.11.00	0.7007	5.21	469.7	33.35
07.11.00	0.6972	5.216	470.3	33.25
08.11.00	0.7018	5.25	472	33.75
09.11.00	0.6979	5.243	468.4	33.9
10.11.00	0.7009	5.22	471.6	33.2
13.11.00	0.6954	5.194	470.5	33.2
14.11.00	0.6987	5.178	471.6	33.2
15.11.00	0.7006	5.186	473.2	33.3
16.11.00	0.7025	5.151	479.2	32.85
17.11.00	0.7026	5.16	482.3	32.35
20.11.00	0.7025	5.171	480	31.9
21.11.00	0.7051	5.164	485.1	31.7
22.11.00	0.7108	5.135	483.7	31.1
23.11.00	0.7108	5.116	483.7	31.2
24.11.00	0.7144	5.103	484.3	31
27.11.00	0.7055	5.129	481.3	30.85
28.11.00	0.7061	5.088	477.9	30.4
29.11.00	0.7028	5.056	473	30
30.11.00	0.7006	5.032	471.4	29.05
01.12.00	0.6934	4.981	468.4	29.35
04.12.00	0.689	4.929	466.9	29.1
05.12.00	0.697	4.964	467.3	29.5
06.12.00	0.693	4.91	470	30.4
07.12.00	0.692	4.922	470	30.3
08.12.00	0.6919	4.941	470	30.9
11.12.00	0.6867	4.965	470	31.15
12.12.00	0.6904	4.972	470	30.88
13.12.00	0.6864	4.966	465.4	30.2
14.12.00	0.6866	4.921	465.1	29.6
15.12.00	0.6866	4.884	459.5	29.1
18.12.00	0.6783	4.864	455.7	29.6
19.12.00	0.6825	4.863	459.9	29.65
20.12.00	0.6763	4.804	460.1	28.4
21.12.00	0.6787	4.834	457.2	28.25
22.12.00	0.6748	4.849	453.1	28.5
25.12.00	0.6748	4.849	453.1	28.5
26.12.00	0.6748	4.849	453.1	28.5
27.12.00	0.6748	4.845	454.7	29.05
28.12.00	0.6748	4.899	451.4	29.48
29.12.00	0.6684	4.872	443.4	30.5
01.01.01	0.6684	4.872	443.4	30.5
02.01.01	0.6667	4.801	433.8	30.6
03.01.01	0.6712	4.72	439.8	30
04.01.01	0.666	4.737	433.3	31.3
05.01.01	0.6658	4.688	433.3	32.2
08.01.01	0.668	4.714	433.4	32.8
09.01.01	0.6711	4.731	433.1	32.2
10.01.01	0.6726	4.761	434.8	31.5
11.01.01	0.6674	4.765	429.2	32.1
12.01.01	0.6768	4.772	429	32
15.01.01	0.6768	4.812	434.8	31.8
16.01.01	0.6795	4.802	433.5	31.6
17.01.01	0.6786	4.847	435.2	31.9
18.01.01	0.6791	4.805	434.5	32.2
19.01.01	0.6836	4.814	438.4	31.9
22.01.01	0.682	4.858	438.9	31.8
23.01.01	0.6816	4.864	439.2	32.3
24.01.01	0.6874	4.872	440	32.85
25.01.01	0.685	4.878	440	33
26.01.01	0.6842	4.824	438	32.5
29.01.01	0.6854	4.837	439	32.75
30.01.01	0.684	4.848	441	32.95
31.01.01	0.6829	4.805	438	32.65
01.02.01	0.6763	4.78	439	31.95
02.02.01	0.6807	4.763	440	31.4
05.02.01	0.6784	4.776	438	30.6
06.02.01	0.685	4.759	439	30.55
07.02.01	0.6881	4.763	438	30.5
08.02.01	0.692	4.762	438	30.35
09.02.01	0.6922	4.777	434	30.8
12.02.01	0.688	4.753	437	30.85
13.02.01	0.6888	4.749	438	30.9
14.02.01	0.6872	4.775	437	30.75
15.02.01	0.6902	4.822	436	30.9
16.02.01	0.6905	4.815	437	30.5
19.02.01	0.6905	4.798	437	30.4
20.02.01	0.6914	4.817	437	30.1
21.02.01	0.6932	4.809	438	29.3
22.02.01	0.692	4.864	441	28.95
23.02.01	0.6873	4.86	442	28.5
26.02.01	0.6923	4.829	451	28.5
27.02.01	0.6925	4.789	448	28.85
28.02.01	0.6921	4.74	446	28.7
01.03.01	0.6873	4.727	439	28.3
02.03.01	0.6814	4.733	435	28.3
05.03.01	0.6819	4.739	438	28.3
06.03.01	0.6813	4.763	433	28.5
07.03.01	0.6843	4.738	438	28.7
08.03.01	0.6807	4.719	445.5	29.3
09.03.01	0.6804	4.696	453.5	30.25
12.03.01	0.6828	4.713	450	30.15
13.03.01	0.6898	4.711	455	29.9
14.03.01	0.6924	4.733	448	29.4
15.03.01	0.6967	4.691	448	29.7
16.03.01	0.698	4.689	446.5	29.85
19.03.01	0.7017	4.678	446.5	29.7
20.03.01	0.6999	4.685	449	29.6
21.03.01	0.6994	4.628	452	29
22.03.01	0.7036	4.602	452	28.2
23.03.01	0.7017	4.616	451	28.4
26.03.01	0.6971	4.635	452	28.7
27.03.01	0.6977	4.619	450	29
28.03.01	0.6956	4.663	452	29.55
29.03.01	0.7006	4.669	453	30.4
30.03.01	0.706	4.708	450	31.6
02.04.01	0.705	4.683	445	30.5
03.04.01	0.6978	4.723	443	30.2
04.04.01	0.6982	4.716	441	30.1
05.04.01	0.7005	4.758	443	30.45
06.04.01	0.6945	4.748	443	30.7
09.04.01	0.6928	4.718	445	30.9
10.04.01	0.6975	4.725	443	31.3
11.04.01	0.6962	4.786	444	31
12.04.01	0.6947	4.836	447	31
13.04.01	0.6947	4.836	447	31
16.04.01	0.6947	4.836	447	31
17.04.01	0.6983	4.854	455	30.85
18.04.01	0.7003	4.923	455	31.1
19.04.01	0.6912	4.926	454	31.2
20.04.01	0.6939	4.964	447	31.3
23.04.01	0.6956	4.935	450	31.15
24.04.01	0.6971	4.956	454	31.55
25.04.01	0.6938	4.941	452	31.75
26.04.01	0.6936	4.938	453	31.8
27.04.01	0.6951	4.911	457	31.7
30.04.01	0.6977	5.006	459	31.8
01.05.01	0.697	5.006	459	31.8
02.05.01	0.6977	5.034	459	31.95
03.05.01	0.6965	5.002	463	31.8
04.05.01	0.6948	4.968	463	32.15
07.05.01	0.6943	4.942	463	32.15
08.05.01	0.7014	4.934	464	32.35
09.05.01	0.7028	4.927	465	32.2
10.05.01	0.7028	4.917	469	32.25
11.05.01	0.7043	4.943	471	32.25
14.05.01	0.7048	5.065	471	32.05
15.05.01	0.7022	5.073	472	32.1
16.05.01	0.699	5.075	476	32.25
17.05.01	0.6982	5.077	477	32.1
18.05.01	0.6947	5.058	500	32.55
21.05.01	0.6946	5.078	493	32.45
22.05.01	0.7004	5.065	500	32.1
23.05.01	0.7046	5.139	499	31.9
24.05.01	0.7104	5.139	496	32
25.05.01	0.703	5.176	490	31.6
28.05.01	0.7041	5.171	491	30.6
29.05.01	0.7026	5.164	485	30.2
30.05.01	0.7011	5.139	475	29.75
31.05.01	0.7049	5.154	475	29.4
01.06.01	0.7055	5.114	475	29.2
04.06.01	0.7071	5.069	475	29.3
05.06.01	0.7072	5.084	461	29.3
06.06.01	0.719	5.032	475	29.25
07.06.01	0.7184	5.063	476	29.4
08.06.01	0.7254	5.073	483.5	29.5
11.06.01	0.7282	5.042	479	29.45
12.06.01	0.7285	5.081	482	28.85
13.06.01	0.7187	5.087	484	29.5
14.06.01	0.7132	5.055	483	28.8
15.06.01	0.7127	5.012	480	28.65
18.06.01	0.7124	4.994	482	28.75
19.06.01	0.7137	5	486	29.25
20.06.01	0.7162	4.973	474	29.3
21.06.01	0.7064	4.972	482	29.25
22.06.01	0.7076	4.934	480	29.55
25.06.01	0.7079	4.931	480	29.75
26.06.01	0.7082	4.966	483	30
27.06.01	0.7056	4.976	479	30
28.06.01	0.7101	4.95	482	29.65
29.06.01	0.7061	5.047	482	29.85
02.07.01	0.7057	5.086	480	29.8
03.07.01	0.7106	5.087	478	29.85
04.07.01	0.7106	5.119	481	28.95
05.07.01	0.7126	5.129	480	28.3
06.07.01	0.7082	5.1	475	28.25
09.07.01	0.7097	5.093	476	28.6
10.07.01	0.7084	5.106	468	28.15
11.07.01	0.7103	5.061	473	27.6
12.07.01	0.7106	5.083	469	27.5
13.07.01	0.712	5.061	470	27.35
16.07.01	0.7145	5.06	472	27.4
17.07.01	0.7139	5.034	468	27.4
18.07.01	0.7035	5.023	465	26.9
19.07.01	0.6995	4.986	464	27.15
20.07.01	0.7003	4.949	465	26.9
23.07.01	0.704	4.953	463	26.9
24.07.01	0.7037	4.945	462	26.4
25.07.01	0.7007	4.961	457	25.7
26.07.01	0.7006	4.98	456	25.85
27.07.01	0.7024	4.937	459	26.1
30.07.01	0.7012	4.91	455	26
31.07.01	0.7016	4.875	457	26.05
01.08.01	0.6973	4.889	457	26.7
02.08.01	0.6986	4.911	457	26.5
03.08.01	0.6996	4.911	456	26.1
06.08.01	0.705	4.884	455	25.5
07.08.01	0.7059	4.879	457	26.25
08.08.01	0.706	4.902	455	26.25
09.08.01	0.7015	4.834	459	26.8
10.08.01	0.7027	4.833	462	26.3
13.08.01	0.7021	4.81	462	26.95
14.08.01	0.6994	4.817	462	27.45
15.08.01	0.6939	4.805	462	27.1
16.08.01	0.6921	4.789	462	27.2
17.08.01	0.6914	4.78	462	27
20.08.01	0.6924	4.759	462	26.7
21.08.01	0.69	4.779	456	26.5
22.08.01	0.686	4.834	456	26.8
23.08.01	0.6908	4.842	455	26.75
24.08.01	0.6908	4.869	453	27
27.08.01	0.6928	4.879	453	27
28.08.01	0.6881	4.845	451	26.7
29.08.01	0.6893	4.812	454	26.7
30.08.01	0.6862	4.814	452	26.45
31.08.01	0.6876	4.769	454	27.45
03.09.01	0.6876	4.781	457	26.9
04.09.01	0.6924	4.812	460	27.05
05.09.01	0.6862	4.886	460	26.3
06.09.01	0.6863	4.899	458	24.9
07.09.01	0.6845	4.856	455	24.35
10.09.01	0.6866	4.813	455	23.4
11.09.01	0.6778	4.886	465	20.5
12.09.01	0.6813	4.812	460	20.9
13.09.01	0.6797	4.817	454	21
14.09.01	0.6797	4.794	461	20
17.09.01	0.6825	4.768	462	20
18.09.01	0.6826	4.795	460	19.2
19.09.01	0.6811	4.84	458	17.9
20.09.01	0.6821	4.843	454	15.7
21.09.01	0.6864	4.869	460	15.8
24.09.01	0.6835	4.9	455.5	16.6
25.09.01	0.6799	4.873	459.5	17.5
26.09.01	0.6781	4.841	459.5	17.4
27.09.01	0.6782	4.786	468.5	17.4
28.09.01	0.6782	4.757	475.5	18.1
01.10.01	0.6762	4.784	472.5	16.85
02.10.01	0.681	4.745	468.5	17.05
03.10.01	0.6771	4.676	469.5	17.2
04.10.01	0.6773	4.674	471.5	17.75
05.10.01	0.6738	4.658	469.5	18
08.10.01	0.6783	4.624	469	17.4
09.10.01	0.6859	4.659	469	17.2
10.10.01	0.689	4.699	469	17.6
11.10.01	0.692	4.664	467	17.65
12.10.01	0.6887	4.702	464	17.4
15.10.01	0.6905	4.672	461	16.25
16.10.01	0.6902	4.662	464	16.9
17.10.01	0.6911	4.667	465	17.15
18.10.01	0.6925	4.63	458	17.05
19.10.01	0.6978	4.59	460	16.7
22.10.01	0.702	4.613	460	16.75
23.10.01	0.7014	4.613	460	16.7
24.10.01	0.7	4.587	460	17.8
25.10.01	0.701	4.553	467.5	17.9
26.10.01	0.6961	4.484	460	18
29.10.01	0.687	4.451	458	17.9
30.10.01	0.689	4.433	458	17.5
31.10.01	0.6874	4.417	458	18.2
01.11.01	0.6836	4.3	458	18
02.11.01	0.6837	4.31	461	17.8
05.11.01	0.6857	4.313	460	18.95
06.11.01	0.6857	4.31	460	18.95
07.11.01	0.6838	4.262	462	19.45
08.11.01	0.683	4.242	459	20.05
09.11.01	0.6866	4.305	458	19.25
12.11.01	0.6877	4.347	462	18.9
13.11.01	0.6939	4.374	465	19.75
14.11.01	0.6936	4.427	464	19.75
15.11.01	0.6984	4.548	460	20.3
16.11.01	0.6988	4.563	460	20.65
19.11.01	0.7077	4.569	455	21.35
20.11.01	0.7044	4.507	455	21.15
21.11.01	0.7059	4.533	456	21.5
22.11.01	0.7059	4.631	457	21.3
23.11.01	0.7096	4.567	457	21.35
26.11.01	0.7078	4.584	457	21.35
27.11.01	0.7067	4.635	451	20.65
28.11.01	0.7014	4.641	455	20.2
29.11.01	0.701	4.622	458	19.4
30.11.01	0.7021	4.55	455	19.4
03.12.01	0.7023	4.507	460	19
04.12.01	0.7026	4.522	457	18.85
05.12.01	0.706	4.527	458	19.45
06.12.01	0.7037	4.737	457	19.95
07.12.01	0.6974	4.76	456	19.2
10.12.01	0.6967	4.798	456	18.7
11.12.01	0.6947	4.775	453	18.5
12.12.01	0.6916	4.727	453	17.7
13.12.01	0.6942	4.694	452	17.3
14.12.01	0.6875	4.753	455	17.3
17.12.01	0.6852	4.824	457	17.95
18.12.01	0.6862	4.81	460	17.4
19.12.01	0.6893	4.78	453	17
20.12.01	0.6899	4.784	456	17.15
21.12.01	0.6939	4.794	462	17.05
24.12.01	0.6935	4.794	462	17.05
25.12.01	0.6935	4.794	462	17.05
26.12.01	0.6895	4.794	471	17.05
27.12.01	0.6892	4.942	468	17.2
28.12.01	0.689	4.942	470.5	17.35
31.12.01	0.687	4.942	470.5	17.35
01.01.02	0.687	4.942	470.5	17.35
02.01.02	0.6913	4.907	465	17.8
03.01.02	0.6949	4.939	466	17.95
04.01.02	0.6909	4.939	460	18.35
07.01.02	0.6943	4.934	465.5	18.35
08.01.02	0.6951	4.827	468.5	18.45
09.01.02	0.6956	4.865	475	18.3
10.01.02	0.6952	4.871	478	17.85
11.01.02	0.69	4.831	475	17.95
14.01.02	0.6901	4.756	474	17.45
15.01.02	0.6924	4.756	483	17.65
16.01.02	0.6952	4.737	477	17.3
17.01.02	0.6966	4.758	477	18.65
18.01.02	0.6953	4.793	473	18.7
21.01.02	0.6964	4.811	474	18.55
22.01.02	0.6998	4.816	470	18.75
23.01.02	0.702	4.825	468	18.8
24.01.02	0.7015	4.844	470	19.3
25.01.02	0.7101	4.891	480	19.45
28.01.02	0.7098	4.948	478	19.75
29.01.02	0.7073	4.961	483	19.6
30.01.02	0.7068	4.913	480	19.2
31.01.02	0.709	4.919	485	19
01.02.02	0.7061	4.912	490	19.2
04.02.02	0.7029	4.854	493	19
05.02.02	0.7064	4.834	505	18.7
06.02.02	0.7082	4.818	508	18.5
07.02.02	0.7071	4.858	515	18.55
08.02.02	0.7067	4.926	514	18.35
11.02.02	0.7033	4.923	503	18.4
12.02.02	0.6981	4.931	506	18.4
13.02.02	0.7	4.987	512	18.3
14.02.02	0.6989	4.985	510	18.5
15.02.02	0.6981	4.95	508	18.35
18.02.02	0.6981	4.917	508	18.45
19.02.02	0.6985	4.899	487	18.45
20.02.02	0.7006	4.969	498	18.45
21.02.02	0.7011	4.972	501	18.5
22.02.02	0.6976	4.929	494	18.25
25.02.02	0.7017	4.927	499	18.4
26.02.02	0.706	4.976	512	18.4
27.02.02	0.7046	5.008	508	18.65
28.02.02	0.7059	4.939	507	19.1
01.03.02	0.7047	4.957	514	19.4
04.03.02	0.7027	5.042	507	19.65
05.03.02	0.7024	5.036	500	19.5
06.03.02	0.7029	5.127	492	20.15
07.03.02	0.7003	5.144	485	20.3
08.03.02	0.7027	5.158	493	20.75
11.03.02	0.7045	5.15	494	21
12.03.02	0.7064	5.152	495	20.6
13.03.02	0.707	5.184	492	20.5
14.03.02	0.7041	5.186	485	20.55
15/03.02	0.7019	5.241	486	20.8
18/03.02	0.7011	5.219	487	20.8
19/03.02	0.7026	5.187	488	20.85
20/03.02	0.6986	5.168	486	20.95
21/03.02	0.7009	5.225	486	20.85
22/03.02	0.7013	5.225	486	20.8
25/03.02	0.7013	5.28	486	20.6
26/03.02	0.7014	5.242	486	20.3
27/03.02	0.702	5.213	511	20.2
28/03.02	0.7015	5.201	511	20.52
29/03.02	0.7013	5.201	511	20.52
01/04.02	0.6942	5.201	506	20.52
02/04.02	0.6963	5.26	509	20.22
03/04.02	0.6964	5.22	501	20.55
04/04.02	0.6973	5.22	502	20.4
05/04.02	0.6979	5.144	500	20.25
08/04.02	0.6989	5.13	504	19.55
09/04.02	0.6957	5.181	497	19.5
10/04.02	0.6963	5.146	505	19.9
11/04.02	0.6953	5.192	504	19.8
12/04.02	0.6963	5.149	503	19.8
15/04.02	0.6958	5.116	499	19.75
16/04.02	0.6944	5.126	499	20.1
17/04.02	0.6916	5.193	500	20
18/04.02	0.6908	5.208	504	20
19/04.02	0.6908	5.19	501	20.05
22/04.02	0.6892	5.173	503	19.9
23/04.02	0.6909	5.158	504	19.9
24/04.02	0.6899	5.184	501	20.29
25/04.02	0.6873	5.106	504	19.95
26/04.02	0.6857	5.123	507	19.9
29/04.02	0.6855	5.098	505	19.85