45.2
44
42.89
44.15
45.99
47.66
46.25
44.25
43.95
45
46.25
45.1
45.1
44.5
43.75
44
41.7
41.6
40.9
41.15
39.92
40.05
41.8
42.55
41.4
40.3
43.3
43.8
44.5
43
43.7
41.25
42.6
43.9
43.98
43.4
43.9
43.7
42.7
42.8
42.85
43.79
42.7
42.85
41.9
42.01
40.77
40.63
41.7
40.65
41.31
41.61
42.02
45.1
45.9
45.62
45.25
44.95
44
44
44.61
45.85
46.92
46.8
46.78
46.95
47.5
45.5
44.3
43.91
45.1
44.4
44.77
44.55
44.32
43.65
43.45
42.75
42.55
42.55
42.55
43.88
44.6
44.16
45.83
45.83
44.4
44.08
44.75
44.3
43.93
43.93
43.5
43.55
43.33
42.75
43.4
42.85
42.68
42.55
42.5
43.04
43.19
42.19
41.6
42.17
42.28
41.4
41.8
41.9
42.3
41.49
42.01
41.41
42.4
42.46
42.21
41.98
40.8
31
39.9
39.8
39.15
38.7
38.55
38.83
38.89
39.9
39.32
41.05
41.37
42
42
41.25
41.25
42.04
41.85
43.43
43.43
42.49
43.15
42.85
42.97
43.66
43.35
43.84
45
44.95
43.85
45.25
45.05
45.06
45.1
45.1
44.85
45.34
44.9
44.63
44.85
45.6
46.05
46.63
46.8
46.04
46.51
46.9
47.32
47.42
47.27
48.64
48.3
47.98
47.8
47.27
46.65
46.64
46.92
46.93
45.85
44.5
44.35
44.29
44.29
44.42
44.25
43.46
43.9
42.02
41.33
43.7
43.15
42.2
42.14
42.45
41.89
43.28
43.28
44.15
45.19
46
45.09
45.28
45.02
43.74
43.74
43.74
43.74
43.74
43.74
43.74
46.8
46.8
47.61
48.25
49.04
49.35
49.35
51.6
50.56
51.5
51.9
52
51.67
50.93
49.8
49.6
49.6
51.6
49.8
49.3
48.21
49.45
48.75
48.8
49.13
49.87
51.05
51.22
50.77
50.97
50.95
52.47
53.95
53.6
55.6
55.08
52.88
52.2
52.3
52.49
54
54.6
54.85
53.6
53.8
54.75
55.9
55.87
55.87
56.8
55.89
53.25
53.25
53.6
52.2
50.75
51.3
51.6
52.59
51.67
52.05
51.28
50.85
51.01
51.7
51.7
51.79
52.21
52.5
53.18
52.88
53.08
53.1
53.1
53.18
52.75
52.6
52.49
52.69
52.5
52.4
52.4
53.4
54.3
53.5
53.61
53.25
51.3
52.8
52.6
53.19
53.1
52.85
52.9
52.17
52.7
53.05
52.75
52.23
51.03
50.23
49.44
48.7
48.96
47.54
45.7
46.5
47.5
50
49.07
49.04
48.14
47.55
46.9
46.25
46.57
46.15
47.66
48
48.5
48.9
48.9
48.9
48.95
49.35
49.98
49.73
48.68
49.09
48.39
49.52
48.25
47.63
47.63
45.8
45.02
46.11
46.11
46.3
47.51
47.51
47.19
46.8
46.49
47.75
47.45
47.45
48.03
48
47.26
47.13
47
47
46.01
46.27
46.71
47.46
47.3
44.79
45.61
46.5
47.1
47.58
46.7
46.9
46.55
46.55
46.05
45.45
45.65
44
43.65
43.5
43.42
43.69
45.29
46.86
46.74
46.11
45.87
45.3
44.5
44.24
43.61
43.29
43.78
43.78
43.91
44.55
44.33
45.46
45.11
45.3
45
44.5
45.35
46.02
46.58
47.25
46.85
45.74
45.05
45.35
45.35
37.35
37
36.13
36.1
36.25
34.9
32.75
33.33
34.4
34.98
34.8
34.27
34.45
35.16
35.72
35.81
35.53
35.18
36.16
36.98
35.95
35.4
35.02
34.5
33.2
32.95
31.96
30.1
31.1
30.45
29.6
27.26
26.13
26.13
28.95
29.25
31
31.5
30.7
30.88
30.88
31.75
32.2
32.29
33.66
34.5
34.36
36.98
35.23
35.23
34.85
35.5
34.45
34.4
35.49
35.4
33.58
33.99
33
32.75
32.96
34.15
33.58
34.6
34.05
35.15
35.6
34.78
34.05
35.05
34.27
33.9
36.9
38.5
37.9
37.83
37.6
38
37
36.49
35.5
36
36.9
36.9
36
36.44
37.3
37.07
36.58
36.95
35.85
35.15
34.75
35.71
35.35
34.57
34.4
34.42
34.42
34.42
34.42
35.65
35.8
35.8
35.8
36.25
37.35
38.1
38.5
40.16
38.5
39.1
37.18
36.08
36.08
35
35.95
35.67
36
35.54
36.99
37.7
37.62
37.1
36.59
36.9
37.18
37.31
36.92
36.5
35.28
34.9
34.57
34.85
34.47
34.53
34.5
33.92
33.94
33.27
33.4
34.35
34.07
35
35.15
35.45
36.79
37.35
38
37.79
37.69
37.33
38.11
38.38
39.18
39.49
40.02
40.8
40.07
40.48
40.05
39.55
39.2
39.45
39.2
39.1
38.78
38.78
38.78
39.9
39.95
38.92
39.19
38.21
38.5
39.25
38.5
39.39
39.9
40.04
40.03
40.05
40.14
40.06
39.2
39.25
37.35
36.82
35.79
35.95
35.95
36.48
35.9
35.51
36.4
37
36.47
35.8
36.37
36.5
36.1
36.05
36.05
35
36
35.58
35.64
35.1
35.55
35.55
35.47
34.2
34.8
34.48
33.3
33.6
33.6
33.15
33.5
33.3
33
32.8
31.57
33.25
32.73
32.1
31.4
35.31
31.28
31.1
31
37
32.97
32.55
31.85
30.75
31.25
33.39
32.9
32.53
30.75
30.5
30.51
29.5
29.5
30.2
29.95
27.5
26.65
25.11
24.87
23.69
25.25
34.5
27.2
25.15
23.5
23.69
21.55
22.88
21.7
23.8
25.4
24.35
24.96
23.05
24.01
23.97
24.75
23.81
24.5
25
25
25
25
25
23.2
24.1
23.35
21.51
21.7
21.38
22.18
21.43
21.53
22.01
21.45
20.95
21.35
22
20.6
19.5
19.79
18.62
18.36
19.11
19.51
19.39
17
19.1
18.77
19.1
20.4
18.55
17.7
17.75
18.45
19.53
18.98
20.6
20.99
21.41
21.58
21.65
19.53
18.39
18.75
18.3
18.71
18.55
19.29
18.6
18.85
19.89
19.88
20.11
19.45
19.46
19.44
20.95
20.25
21.92
22.49
23.25
23.16
22.86
23.19
23.4
23.24
22.22
23.66
23.25
23.06
23.55
23
23.2
22.3
22.55
21.76
22.22
23
22.9
21.31
22.45
21.6
21.4
20.66
21.93
21.08
20.89
20.89
20.89
19.55
20.45
20.45
20.45
21.36
21.79
22.38
22.05
21.28
21.3
21.2
20.76
20.96
20.64
20.98
18
19.34
18.8
17.83
18.12
17.22
16.48
16.54
16.4
16.28
16.23
16.25
15.58
15.85
15.3
15.08
15.19
15.85
15.31
15.02
15.43
16.59
16.66
15.69
15.38
15.87
14.29
12.31
11.63
12.48
12.17
12.39
12.32
12.02
12.12
12.07
11.68
11.66
10.55
10.85
10.2
10.28
14.4
13.1
13.75
13.92
13.06
12.9
13.08
13.08
13.02
12.49
12.47
13.43
13.39
14.12
14.82
14.73
14.82
14.78
15.28
16
16.2
15.94
16.18
16.18
16.18
16.66
17
16.58
17
16.23
15.9
16.35
16.35
16.34
16.31
16.55
17.48
17.21
17.14
16.91
16.6
17.38
18.37
18.47
17.23
17.15
16.88
16.96
16.92
16.69
16.56
16.94
17.09
17.37
18.18
18.03
18.6
18.24
18.75
18.43
19.1
19.38
19.71
18.9
19.95
20.35
20.6
20.25
19.81
21.45
19.83
20.7
20.38
22
20.25
19.37
19.77
19.5
19.6
20.98
20.7
20.21
19.9
20.29
20.74
20.5
20.13
19.76
20.17
20.83
19.62
19.44
19.82
19.38
21
19.98
20.39
21.21
20.98
21.04
21.35
20
19.01
19.05
19.16
19.27
18.96
19.2
19.29
19.84
19.48
19.9
20.03
19.97
19.7
19.59
19.75
19.75
19.25
19.93
19.61
20.42
20.24
19.95
20.31
20.15
19.78
19.84
19.3
19.82
19.85
19.76
20.82
20.6
19.98
19.98
18.74
18.98
19.13
18.94
18.55
19.85
17.97
19.27
18.35
18.29
18.73
18.82
18.64
19.19
19.24
19.3
19.36
19.2
19.37
19.66
18.89
19.05
19.13
19.55
20
20.19
20.58
20.79
20.72
20.8
20.8
21.06
22.51
22.3
22.69
22.28
22.35
22.52
21.85
21.68
21.54
21.83
21.8
22.57
22.46
22.39
22.71
22.54
23.14
22.97
23.58
23.35
22.89
22.68
22.61
22.28
22.12
22.26
22.39
22.35
22.58
22.99
23
22.8
23
23
23
23
23.2
23.22
23.22
23.22
23.74
23.95
24.06
23.8
24.45
24.3
24.41
24.39
24.52
24.72
24.84
25.32
25.39
25.06
24.57
24.49
24.12
24.26
24.78
24.33
24.38
24.32
24.13
23.69
23.5
23.26
23.61
23.82
23.99
23.92
23.45
23.44
23.64
23.38
23.5
22.83
23.01
22.55
22.57
22.65
22.8
23.27
23.45
23.48
23.63
23.48
23.63
23.43
23.18
21.8
21.7
20.94
20.95
21.47
20.4
19.99
19.49
19.72
19.53
19.91
20.16
20.41
20.2
19.81
20.08
20.65
20.94
21.14
21.3
21.07
21.07
21.07
21.65
21.53
21.54
21.7
21.75
21.74
21.53
21.52
21.96
22.31
22.63
22.23
22.71
22.73
22.2
21.85
22.43
21.86
21.81
21.05
21.07
21.1
21.62
21.75
21.33
22.06
22.95
22.54
22.28
22.7
22.37
22.95
23.61
23.35
23.4
23.19
23.67
23.75
23.74
23.69
23.54
23
23.12
23.25
22.55
22.97
23.03
22.89
22.87
22.92
22.59
22.6
23.42
23.42
23.6
23.64
23.7
23.68
23.42
23.27
23.04
22.86
22.98
22.91
22.65
22.6
22.6
22.29
22.25
21.9
22.09
22.33
21.71
21.55
21.28
21.36
21.28
21.81
22.18
21.99
22.1
21.97
21.84
21.26
21
21
20.7
20.37
19.86
20.16
20.16
20.43
20.68
20.77
21.08
21.08
21.01
21.3
21.52
21.52
20.97
20.96
20.89
21
21.31
21.29
21.17
20.92
21.06
21.69
21.85
21.79
21.75
21.95
21.79
22.12
21.93
21.76
21.87
21.72
21.91
22.22
22.02
22.73
22.88
23.13
23.16
23.01
22.75
22.63
22.4
22.55
22.18
22.03
22.1
22.39
22.11
22.27
22.44
21.83
21.74
22.01
22.3
22.21
22.54
22.85
22.94
23.03
23.22
23.15
23.13
23.26
23.93
24.05
24.01
23.87
24.3
24.42
24.06
23.95
23.75
23.67
24.22
24.11
23.95
23.84
24.4
24.54
24.39
24.48
24.48
24.5
24.22
24.37
24.77
25.11
25.3
25.44
24.95
25.2
25.15
25.29
25.25
25.25
25.01
25.02
24.89
24.94
24.94
25.1
24.74
24.11
24.12
24.05
24.13
23.9
23.51
23.59
23.81
24.4
24.53
24.46
24.41
24.95
24.87
24.95
24.95
24.71
24.94
24.39
24.74
24.58
24.47
25.1
25.43
25.39
25.61
26.05
26.35
26.46
26.32
26.03
26.42
26.75
26.79
26.4
26
26.32
26.6
26.4
26.55
26.82
26.5
26.65
26.72
26.4
25.94
25.99
26.39
26.23
25.73
25.34
25.57
25.68
25.42
25.65
25.34
25.52
25.52
25.52
25.38
25.5
25.47
25.8
25.65
25.75
26.22
26.41
26.47
26.4
26.35
26.43
26
25.69
24.97
25.2
24.94
24.79
24.86
24.88
25.15
24.85
24.88
25.36
25.36
25.57
25.49
25.65
26.01
26.29
26.22
26.28
26.54
26.26
25.94
25.89
26.57
26.92
27.13
27.14
27.3
27.15
27.22
27.27
27.34
27.29
27.91
27.94
27.85
27.86
28.11
27.95
28.36
28.58
28.62
28.35
28.06
28.18
28.04
28.22
28.47
28.46
28.45
27.74
27.41
27.71
27.79
27.59
27.86
27.68
27.6
27.42
26.78
27.13
27.7
27.97
28.19
28.14
28.18
28.6
28.8
29.02
29.34
29.53
29.61
29.35
29.25
29.58
29.48
29.44
29.77
30.15
30.14
29.92
30.01
30.44
30.09
29.92
29.67
29.36
28.84
28.62
28.55
28.94
29.07
29.3
29.03
28.71
28.3
28.44
28.24
28.61
28.7
29.07
29.51
29.7
30.55
30.55
30.84
30.81
29.91
30
29.95
30.74
30.36
30.58
29.85
29.37
29.23
30.35
29.93
30.56
30.24
30.49
30.7
31.23
30.35
30.12
30.05
30.08
30.26
29.76
29.7
29.57
29.54
29.38
28.81
28.84
28.56
29.23
28.62
28.47
27.86
28.16
28.97
28.86
28.98
29.42
29.29
29.62
29.35
30.69
30.89
31.87
32.45
32.5
32.5
32.98
33.27
33.82
33.95
33.49
33.45
33.51
33.44
33.69
33.86
34.59
35
34.7
34.57
34.05
34.35
34.06
33.88
33.73
34.17
34.17
34.49
34.24
34.45
35.4
35.4
35.66
35.66
35.92
35.79
35.78
35.29
35.62
36.28
36.37
36.12
36.06
36.05
35.7
35.53
35.62
35.34
35.58
35.03
34.73
34.58
34.42
34.18
34.2
34.09
33.61
34.7
34.22
34.37
34.72
33.99
33.68
33.8
33.86
33.5
34.27
34.26
34.56
34.9
34.93
35.07
34.93
34.66
34.32
34.65
34.4
34.43
34.68
33.79
34.08
34.35
33.8
32.41
32.45
31.7
32.51
32.68
33.18
33.58
33.46
32.99
33
33.14
32.97
33.75
34.75
35.42
34.78
34.08
32.76
33.09
33.06
33.4
33.28
33.52
33.69
33.43
33.93
33.41
33.27
33.57
33.57
33.57
33.31
33.69
34.32
35
35.28
35.11
35.51
36.75
36.61
35.96
35.36
35.76
35.83
35.82
36.52
36.61
36.61
36.48
35.51
35.25
34.14
34.16
33.72
33.15
34.51
33.97
35.02
36.13
35.82
35.2
35.04
34.85
34.53
34.25
34.03
34.59
33.59
33.1
32.28
30.56
32.66
32.66
32.66
32.88
32.73
33.1
33.5
33.15
33.02
32.76
33.32
34.38
35.94
36.33
36.48
35.68
35.32
36.31
36.66
36.85
37
36.45
35.93
35.85
36
37.05
37.75
37.46
38.4
38.91
38.82
38.3
39.1
38.57
37.86
38.11
37.82
38.16
37.21
37.58
38.06
38.45
38.75
39.28
40.06
39.8
39.66
39.57
39.17
39.21
39.03
39.27
39.16
39.54
39.26
38.9
38.67
38.4
38.4
38.1
37.9
37.83
38.11
38.57
39.06
38.8
38.85
39.41
38.81
39.1
38.85
39.14
38.43
39.12
39.3
38.98
39.73
40.2
40.53
40.23
40.74
40.62
40.04
40.52
40.4
40.29
39.98
40.04
39.89
39.6
40.16
40.07
40.32
40.35
40.8
40.54
40.41
39.62
39.2
39.45
40.17
39.62
39.76
40.34
40.14
40.29
40.45
40.42
40.19
40.18
40.26
40.1
39.9
39.98
39.96
39.76
40.09
39
39.79
39.45
39.88
38.93
38.83
39.26
39.68
39.34
39.41
39.71
39.57
39.99
40.6
40.5
40.42
40.8
40.23
40.71
40.78
40.27
40.27
40.27
40.92
40.84
40.66
40.66
41.25
41.44
41.27
40.77
40.25
40.2
40.86
41.96
43.2
43.01
42.86
43.55
43.68
43.89
43.32
43.76
44.22
43.19
43.07
43.42
43.52
45.2
45.4
45.37
45.03
45.07
44.99
44.39
44.59
44.92
45.5
45.56
45.11
44.47
44.49
44.62
44.4
44.51
44.61
45.07
44.21
43.47
42.22
42.27
41.77
42.57
42.3
43.89
43.77
44.86
44.04
42.74
44.13
44.53
44.63
45.06
44.78
45.73
46.33
45.8
46.01
46.72
47.69
47.84
47.58
48.12
48.55
49.15
49.15
49.15
49.68
48.9
48.14
49.24
49.69
49.88
49.04
49.01
49.55
49.1
49.58
50.79
51.38
50.91
50.41
50.41
50.72
51.82
51.65
51.54
50.42
50.6
50.05
50.03
49.52
50.14
49.57
49.49
51.2
53.22
53.35
52.48
52.53
52.45
52.45
52.46
52.39
53.49
54.33
54.48
54.65
53.1
51.85
51.91
53.17
53.45
54.32
55.57
56.51
56.05
56.68
56.59
56.01
56.41
56.21
55.2
55.23
56.06
56.1
55.95
56.41
57.21
56.5
56.67
55.92
54.57
55.35
56.01
56.39
57.15
56.87
55.63
56.21
55
55.2
53.88
52.94
51.32
50.33
51.5
52.27
51.65
52.51
51.72
52.23
51.25
54.22
52.63
52.17
53.12
52.26
55.13
53.7
54.01
54.68
56.77
56.88
56.36
56.81
56.27
56.11
55.81
56.81
57.92
57.87
58.56
57.08
56.74
54.91
54.67
55.13
55.37
55.79
56.11
56.57
57.54
58.53
57.95
55.5
56.55
56.04
56.24
56.12
55.82
56.49
55.77
55.55
55.28
55.2
55.62
55.45
55.47
56.72
57.66
57.81
58.55
58.84
59.87
60.23
58.16
59.06
58.61
58.56
58.28
57.79
57.11
57.54
55.76
56.65
57.01
56.62
56.83
55.75
55.56
54.75
54.77
55.3
54.48
54.05
53.22
55.15
55.27
57.38
56.75
55.88
55.87
55.76
56.24
56.34
55.71
56.62
57.81
58.19
58.37
58.75
58.85
60.44
59.74
59.49
58.43
59.03
60.11
60.95
62.08
62.08
62.08
62.08
61.74
62.53
62.53
62.53
61.45
61.71
62.43
63.5
65.08
65.68
64.13
64.21
63.7
62.79
60.73
59.94
60
55.35
54.97
51.86
54.81
53.53
53.5
53.57
52.94
54.83
54.94
55.97
53.48
55.5
54.34
54.64
55
57.46
57.63
57.81
55.66
54.4
54.9
53.37
53.93
52.5
53.18
54.04
54.08
51.55
50.85
50.2
47.29
48.4
47.5
46.75
45.9
47
48.1
48.45
48.36
47.83
49.6
49.95
48.24
48.24
48.24
50.31
49.81
50.58
50.84
50.76
52.09
51.59
52.49
52
52.02
52.41
52.9
52.25
50.99
51.17
50.97
52.07
51.53
52.7
52.99
51.5
52.08
53.69
55.36
54.21
54.07
54.8
54.66
54.97
54.94
55.37
56.25
55.92
55.81
56.39
56
55.03
55.16
55.14
54.55
54.5
54.95
54.7
54.52
54.75
56.4
56.37
57
56.1
56.85
56.11
56.33
55.3
55.4
54.79
53.38
53.57
53.83
52.43
53.03
51.71
52.23
50.61
51.6
52.08
52.48
51.97
53.15
53.46
52.66
52.51
52.62
52.83
54.97
54.69
56.13
55.26
54.3
54.91
53.78
53.84
52.85
53.33
53.5
54.22
54.11
53.99
55.95
55.96
53.79
52.75
53.04
52.31
52.85
52.34
53.18
53.56
54.23
54.01
54.5
55.52
54.68
53.28
52.2
52.7
53.34
54.06
53.65
54.45
55.94
56.31
54.6
54.68
57.53
54.18
54.77
54.2
54.42
53.63
52.23
51.8
52.4
49.39
51.79
49.83
50.1
46.34
44.7
41.2
43.63
45.2
41.88
38.28
39.5
41.8
43.19
41.72
43.17
41.45
37.84
38.31
43.44
40.76
43.16
43.42
44.58
43.38
41.41
43.13
43.47
40.76
40.04
40.23
40.04
39.84
39.58
37.99
37.93
36.83
40.34
41.81
41.34
41.48
40.68
38.8
39.38
39.9
40.12
36.9
39.22
40.85
40.4
39.82
39.6
39.4
40.01
40.04
40.08
39.9
39.2
39.25
39.25
39.25
39.25
40.37
41.55
41.55
41.55
42.83
42.84
44.29
43.75
44.04
44.12
44.01
43.89
43.47
42.65
43.08
42.74
42.2
42.37
42.12
42.99
43.03
41.86
42.99
42.68
41.61
42.19
42.89
42.49
42.72
44.01
43.8
43.2
43.9
43.11
43.17
43.42
42.07
42.51
42.5
40.99
40.9
39.88
39.44
38.58
38.08
36.7
36.41
37.67
35.7
34.61
35.38
37.35
37.22
37.45
36.8
36.46
32.69
33.6
33.92
37.74
38.1
38.67
38.55
38.08
37.53
36.25
36
35.81
36.85
36.52
36.94
36.99
36.9
37.59
37.59
37.35
37.84
38.25
38.2
38.01
38.88
39.19
38.7
38.92
38.87
38.63
37.37
37.61
37.61
38.15
37.91
37.85
37.78
38.04
38.2
38.28
37.06
37.29
36.99
37.5
38.48
40.93
39.79
39.3
39.36
40
39.55
38.82
40.2
40.6
40
40.6
41.92
41.34
40.73
40.87
41.08
41.9
41.54
39.82
40.05
39.36
39.98
39.99
38.95
38.46
38.88
38.66
38.55
38.53
38.22
38.72
37.38
37.4
37.06
36.54
36.22
36.43
35.66
37.2
36.86
36.86
36.86
36.86
36.86
36.86
36.86
36.86
36.86
36.86
36.86
36.86
36.86
36.86
36.86
36.86
36.86
36.86
36.86
36.86
36.86
36.86
36.86
36.86
42.09
36.86
36.86
36.86
36.86
36.86
36.86
36.86
36.86
36.86
36.86
36.86
36.86
36.86
36.86
36.86
36.86
36.86
36.86
36.86
36.86
36.86
36.86
36.86
36.86
47.52
47.43
47.12
46.18
46.22
48.45
48.84
47.35
46.05
45.5
46.32
47.52
47.43
47.23
46.98
48.18
47.35
48.79
48.8
47.53
48.65
47.66
48.29
48.01
47.68
47.82
48.38
47.93
48.28
47.23
47.13
46.83
46.87
48
48.36
49.65
49.72
50.33
51.21
51.52
52.2
53.29
51.82
51.5
51.71
53.27
53.5
53.03
51.25
51.16
50.99
52.28
53.22
53.4
53.73
53
52.09
52.45
53.41
54.43
54.06
54.28
55.05
54.37
54.21
55.72
55.43
55.82
56.35
56.45
55.96
56.4
55.37
55.02
54.3
53.82
53.81
53.3
54.28
54.79
53.14
54.2
54.83
53.69
51.08
51.43
50.38
51.04
50.81
49.28
49.47
49.61
50
49.19
48.35
46.82
47.56
47.84
48.35
48.56
49.35
49.35
50.21
50.42
50.77
51.01
50.47
49.84
50
49.38
48.67
50.51
51.12
52.19
51.67
52.3
51.84
52.37
52.6
51.88
51.73
51.36
52.1
51.84
51.15
50.58
50.41
50.1
49.79
50.61
49.97
50.31
50.2
50.08
50.64
49.62
49.5
49.73
50.17
49.92
50.34
50.18
49.67
49.4
49.67
50.22
50.09
49.7
51.51
52.06
50.61
50.15
48.97
48.08
47.17
45.69
46.06
46.4
45.24
46.96
47.44
48.24
48.86
47.31
47.74
47.85
47.04
46.19
45.51
45.35
44.17
44.58
45.69
45.6
45.5
45.83
46.37
47.01
46.48
46.56
46.51
47.23
47.51
47.81
47.97
48.08
48.28
48.67
48.33
48.65
48.53
47.92
47.67
47.19
47.84
45.75
46
45.58
44.38
44.32
45.12
45.42
46.01
46.4
46.41
46.94
47.19
46.85
46.28
46.21
45.42
45.25
45.85
45.79
45.5
44.65
44.19
44.13
44.12
45.79
45.97
46.56
48.51
48.88
49.27
48.71
47.97
48.28
47.92
47.85
48.11
48.24
47.28
46.73
46.65
46.33
47.08
46.83
47.15
47.03
48.18
49.79
49.14
49.5
49.5
49.47
50.03
50.49
51.09
50.82
51.48
51.67
51.4
51.06
52.32
51.82
50.77
51.47
52.31
51.97
51.98
51.07
51.15
51.38
51.22
52.6
53.3
53.35
53.95
53.95
53.66
54.94
55.48
55.38
54.89
54.18
55.37
54.9
55
55.1
54.88
53.98
53.62
54.23
54.5
54.59
55.58
55.79
55.7
55.97
55.4
54.74
54.04
56.13
55
55.44
56.54
57.78
57.1
56.58
57.43
57.72
57.6
56.06
55.95
57.18
57.1
57.12
57.58
58.12
58.62
58.28
58.09
57.3
57.03
56.93
56.67
56.45
56.38
56.73
56.77
56.52
55.87
55.72
55.86
55.3
54.87
54.3
54.19
55.72
55.5
54.3
54.32
55.95
55.52
55.4
55.3
56.2
55.6
54.41
54.46
54.17
54.5
55.13
54.51
53.56
53.86
54.18
54.35
54.16
54.85
54.5
55.6
55.3
55.7
55.58
55.93
56
56.41
56.58
57.18
55.93
55.3
55.1
55
54.8
56.18
55.69
55.89
57.13
56.63
56.4
56.18
55.9
55.19
54.64
54.36
52.43
51.17
52.37
51.99
53.23
53.12
52.86
53.61
53.3
53.08
54.3
54.59
54.64
56.19
56.71
54.65
54.77
54.52
54.99
55.39
54.75
55.7
55.46
55.6
54.45
54.02
56.36
56.63
57.12
57.54
58.71
59.35
58.13
58.55
57.39
57.98
58.98
57.73
58.47
58.66
57.89
58.21
58.4
57
57.94
57.81
56.96
55.81
56.21
55.75
54.71
55.27
55.82
56.95
56.6
55.13
55.43
56.25
56.04
55.33
56.02
55.56
55.72
57.01
56.23
57.33
57.56
57.39
57.68
58.03
54.4
54.08
53.7
53.89
54.79
55.44
55.67
56.43
56.51
57.27
57.89
57.39
56.09
55.68
55.41
54.9
55.5
55.7
56.32
55.94
56.67
56.63
57.35
58.3
57.53
56.85
55.93
54.07
53.03
52.16
50.65
48.72
46.72
45.03
42.51
44.42
45.63
46.24
46.24
46.07
43.87
43.01
43.4
44.17
45.1
43.88
43.33
44.46
43.88
44.89
44.44
42.81
40.83
37.75
39.05
38.97
38.99
38.44
38.38
38.74
38.96
39.54
38.28
39.04
38.39
36.81
39.42
41.1
42.12
41.81
42
41.45
40.58
39.49
40.1
41.14
40.9
42.17
43.6
44.85
44.24
44.85
44
44.42
44.08
43.14
44.75
44.87
44.62
44.81
48.01
47.83
46.29
43.38
45.32
46.63
44.9
46.03
46.55
45.76
46.44
48.09
47.03
47.24
47.38
46.78
46.15
44.4
43.98
43.4
42.85
43.49
45.6
45.79
48.76
47.35
47.29
47.65
47.04
47.17
46.47
47.38
45.82
45.73
44.8
44.99
45.04
44.75
46.99
47.04
47.92
48.13
48.13
48.27
47.36
48.73
49.4
50.81
51.62
51.5
52.27
51.77
51.25
53.89
53
53.87
52.82
53.9
54.86
54.87
54.2
53.52
53.25
53.26
52.66
53.92
53.4
53.03
53.54
54.4
54.31
55.09
55.25
55.03
54.44
55.24
54.2
55
55
55.56
55.62
56.17
57.31
56.64
56.07
56.02
55.9
55.91
55.84
55.5
56.61
55.65
55.22
53
53.33
54.68
54.7
54.97
55.63
55.26
55.16
54.35
53.9
54
54.79
53.6
53.44
53.83
53.75
52.88
52.24
52.74
53.84
53.93
52.37
52
52
52
50.69
51.19
51.79
50.5
50.94
52.85
52.53
52.4
53.73
51.37
52.09
53.21
54
55.66
53.21
53.21
53.19
53.39
52
52.18
51.33
52.56
52.49
53.05
51.51
51.18
51.29
51
50.67
51.77
52.06
50.84
50.45
50.9
51
51.83
51.11
51.14
48.81
48.43
47.97
48.63
49.74
49.47
50.06
50.82
51.45
52.16
53.51
53.32
54.79
54.13
54.2
52.87
52.97
53.31
54.98
54.02
56.78
57.48
58.3
58.38
57.85
57.1
57.11
57.41
57.42
56.96
58.3
57.57
58.17
59.06
59.78
58.54
56.94
56.56
57.05
59.71
60.99
61.15
61.91
62.26
60.6
63
62.37
63.03
63.12
63
62.65
62.24
63.53
63.17
63.2
62.63
62.75
62.6
61.43
60.7
61.46
62.23
61.63
62.05
61.19
61.67
62.78
62.26
62.91
65.53
65.22
64.41
65.47
65.75
65.38
64.9
65.57
65.1
65.43
65.9
67.5
67.7
68.35
67.5
68.4
66.83
68.53
67.4
67.6
67.28
69.01
68.23
67.84
67.75
68.57
67.97
68.27
70.36
69.62
69.49
69.06
68.49
65.87
66.24
66.69
67.15
66.5
67.65
67.19
67.5
67.43
67.62
68.19
66.26
66.36
65.72
66.14
66.66
66.49
65.43
65.32
66.4
67.25
67.75
68.64
69.74
69.3
69.34
70.05
70.04
69.55
70.11
70.3
70.15
72.54
71.9
72.2
72.41
72.25
72.44
72.45
72.27
72.49
71.43
72.4
72.95
72.95
72.95
72.95
72.41
71.89
71.89
