29.49
28.3
27.74
27.65
27.6
28.7
28.6
28.19
27.4
27.2
27.28
27
27.59
26.2
25.75
24.75
23.33
24.45
24.25
25.02
23.6
24.2
24.28
25.7
25.46
25.1
25
25
25.85
25.65
25.35
25
25.6
25.2
26.2
27.55
27.75
26.9
26.9
27
26.11
26.66
26.91
26.9
26
25.8
25.33
25.78
25.7
26.2
26.55
27.31
31.05
31.75
29.99
30.7
33.1
34.45
33.4
33.8
32.55
33.15
34.4
33.93
33.15
33.15
33.92
33.2
32.2
31.35
32.5
32.45
32.5
32.1
30.9
31.4
30.1
30
30.01
30.01
30.01
30.7
30.5
30.2
29.6
29.6
31.5
30.75
31.5
32.89
33.25
33.25
33.6
34
33
32.59
33.5
31.78
30.75
30.5
30.4
30.7
32.15
32.7
32.29
32.45
32.35
32.6
33.13
33.76
33.16
33
32.05
31.2
32.59
33.07
34.18
34.29
34.48
33.56
33.2
32.93
32.54
32.21
31.65
31.51
31.15
31.46
32.88
31.6
32.28
33.35
33.5
36.19
36.19
34.5
36.06
37.61
37.61
36.44
35.83
36.5
35.8
37.75
37
37.53
36.76
37.1
36.89
36.4
36.7
36.28
34.6
36.3
36.25
36.63
36.75
37.4
37.45
37.51
37
36.6
37.4
37.5
36.3
36.28
36.96
36.9
37.25
37.35
37.71
38
36.25
36.55
36.4
37
37.27
36.69
38
38.33
37.67
38.19
38.19
37.15
36
36.57
38.04
36.15
37.59
37.4
37.32
37.55
36.85
37.88
38.8
39.68
39.68
40.85
41.6
39.3
39.11
39.25
39.39
39
39
39
39
39
39
39
37.49
37.49
37.69
37.64
38.07
38.04
38.04
39.85
38.89
40
39.95
39.4
38.9
39.11
38.9
38.3
38.3
40
39.18
38.05
36.9
36.45
35
35
34.96
35.53
36.26
36.45
34.43
33.81
32.68
33.95
34.4
33.8
35.42
35.5
35.48
34.86
34.62
33.89
34.19
35.5
35.77
33.5
32.93
36
34
34.9
34.9
34.47
34.53
35.11
35.11
37.5
37.08
36
34.85
34.6
35.57
35
36.5
36.51
37
38.5
39.15
38.4
38.01
38.07
37.8
37.93
37.3
38.59
37.95
38.15
38.7
38.9
38.7
38.52
39.06
38.32
38.97
38.97
38.54
39.61
39.96
40
39.18
39.2
37.92
38.16
38.06
38.6
38.77
39.32
37.72
37.8
39.01
39.47
38.5
38.05
35.01
35
35.05
34.66
33.95
32.07
33.12
33.6
35.33
35.57
36.2
34.57
34.95
33.5
34.27
35
34.48
35.49
35.46
35.9
36.8
36.8
36.8
36.65
36.85
37.5
38.04
37.46
37.49
37.75
38
37.2
37.4
37.4
39.3
39.3
38.87
38.87
39.02
39.47
39.47
40.45
40.3
40.2
40.95
40.4
41.5
41.19
40.5
40.16
40.41
40.04
40.1
39.22
39.13
40.11
39.43
39.8
40
39.95
41
40.46
39.99
39.51
39.57
38.65
38.65
37.86
37.9
38.27
38.5
38.67
38.12
37.93
38.65
38.15
39.1
39.56
39.4
40.04
40.22
40.04
39.95
39.9
40.1
39.79
39.79
39.75
39.58
38.9
38.75
38.85
39.2
39.2
39.7
39.97
39.96
39.95
40.49
40.41
40.2
40
40.4
40
39.04
38.57
38.37
38.7
38.78
38.06
36
35.2
35.15
34.75
35.3
36.22
36.63
36.25
35.17
35.35
35.34
35.15
35.2
36.64
36.66
36.87
36
34.72
33.1
31.57
31.05
27.7
27.9
27.85
26.65
24.15
25.07
25.07
26.55
26.11
26.2
28.03
28.7
29.56
29.56
31.3
31.21
32
31.86
32.58
34.15
32.95
33.11
33.11
33.58
33.15
33.16
34.23
34.52
35.08
34.37
34.55
34.1
32.1
33
34
34.2
35.55
34.9
37.2
37.39
37.24
36.9
38.4
38.1
42.35
37.85
39.35
38.82
38.55
38.4
38.75
38.9
37.59
36.9
36.7
35.49
35.49
37.28
39.9
39.25
38.15
38.29
38.1
38.13
37.35
36.97
38.7
38.28
38.05
37.95
39.47
39.47
39.47
39.47
39.65
39.15
39.15
39.15
40
40.71
41.4
40.1
40.5
40.51
40.4
39.35
38.59
38.59
37.27
38.19
38.01
37.61
37.66
38.45
38.1
38.49
40.2
41
41.27
42.85
42.41
41.78
41.64
40.35
39.88
40.89
40.62
40.55
41.46
41.94
41.09
41.5
41.25
41.33
41.5
40.58
41.88
41.9
41.99
42.85
44.3
44.5
45.09
44.19
44.11
44.5
44.8
44.01
43.77
44.3
46
46
46.66
46.09
47.41
47.25
45.5
45.18
45.1
45.9
45.9
45.9
45.37
45.15
44.55
44.76
44.8
44.65
45.4
44
44.35
44.54
45.75
45.3
45.45
46
45.2
45.43
45.05
44.25
43.76
43.15
43.62
43.62
44.95
44.33
44.45
45
46.05
45.85
47.04
47.25
47.13
46.12
47.25
47.55
47.25
47.55
47.3
46.48
46.45
46.5
46.5
45.8
45.13
45.87
44.5
44.01
45.5
45
44.11
44.35
45.34
45
42.05
39.36
42.22
42.45
41.85
39.95
35.86
37.3
39.9
40.5
40.11
41.02
41.15
40.1
39.55
40.25
42.17
42.35
42.8
41.1
40.31
41.22
39.22
38.7
39.57
40.1
39.7
36
36
36.57
36.2
36.85
40
39.98
38.5
38.2
38.31
37
39.25
39.65
38.66
38.46
38.4
39.3
39
40.2
39.13
40.4
39.37
39.65
39.65
39.65
39.65
39.65
39.65
37.5
38.41
37.3
35.97
35.25
35.1
36.3
36.45
37
37.6
35.8
35.08
35.58
35.43
34.25
33
34.11
33.63
31.55
32.17
34.2
34.25
31.5
33.85
34.5
33.35
33.6
32.53
31
30.08
30.42
33.1
32.85
34.24
35.03
37.3
36.96
37.2
36.72
36.27
36.68
36.37
37.33
34.85
33.65
36.2
35.58
36.8
36.66
34.4
33.15
32.11
32.52
33.42
32.5
33.84
32.99
33.28
33.27
32.37
33.5
33.25
32.44
32.17
33.74
34.21
34
34.28
33.1
34.32
33
33.3
31.6
33
33.16
31.68
30.68
31.18
30.5
29.3
29.5
29.75
29.3
29.45
29.45
29.45
27.97
28.92
28.92
28.92
30.4
30.29
30.47
30.06
28.41
28.69
29.2
29.61
29.32
28.37
28.53
27.71
28.29
28.55
27.81
26.5
26.19
26.31
26.5
27.3
26.7
26.87
27.65
26.77
27.56
26.83
25.89
25.55
25.94
25.49
24.55
25.65
26.2
25.94
24.85
24.34
25.64
25.04
25.04
23.7
25.16
25.9
26.35
24.27
23.92
23.38
23.13
22.38
20.96
21.12
22.77
23.5
24.02
25.1
26.23
26.55
27.34
25.85
27
26.19
26.43
26.37
25.44
26.02
27.6
27.8
28.31
30.5
29
28.66
28.75
28.81
29.79
30.25
29.64
30.35
30.35
30.35
30.3
30.75
29.54
29.39
30.06
30.22
29.87
29.75
29.39
29.26
28.86
28.1
28.5
29.72
29.46
29.28
29.06
29.3
28.53
27.15
26.31
26.44
26.96
26.8
26.71
27.2
27.13
28
29.37
29.42
29.31
29.55
29.7
31.07
30.48
30.85
31.23
31.2
31.5
32.37
32.94
33.39
31.96
32.35
31.65
32.41
32.31
33.63
34.06
33.4
32.53
33.63
33.97
34.77
35.19
35.42
34.38
34.3
34.41
34.82
34.47
34.25
33.93
33.89
33.55
33.85
33.5
33.99
34.23
33.99
33.42
33.56
34.5
34.35
33.83
33.81
34.05
33.55
33.33
33.32
33.72
34.51
34.94
34.79
35.39
36
36.2
37.55
37.29
36.97
36.2
36
35.94
35.7
36.43
37.25
38.55
38.4
37.85
37.21
36.5
35.37
36.25
35.08
35.43
35.6
35.98
36.41
37.5
34.88
34.5
32.45
32.99
33.37
33.23
32.45
33.8
32.92
34.02
35
34.28
35
35.5
34.88
35.1
35.07
35.4
35.68
35
34.59
33.99
33.94
33.88
33.3
33.57
34.04
33.59
33.96
34.01
35.78
36
35.26
36.2
37.5
37.19
37.27
37.62
37.49
37.64
36.41
36.13
36.2
35.95
36.05
37
37.6
36.85
37.49
36.73
37.13
36.19
36.58
36.7
36.36
35.97
35.71
35.9
36.98
37.05
37.06
36.94
36.48
37
37.1
36.97
36.94
36.94
36.94
36.94
36.97
36.75
36.75
36.75
37.3
37.49
36
35.5
35.33
35.01
34.98
35.65
36.25
36.22
36.71
36.4
36
35.96
35.54
35.34
35.35
35.59
35.81
35.54
35.19
35.6
34.73
34.15
33.6
33.9
33.69
33.6
34.05
33.99
33.69
33.62
33.85
33.84
34.22
33.62
33.74
33.28
33.36
33.95
34.38
34.51
35.69
35.65
35.76
35.58
36.02
35.71
34.85
33.66
34.17
33.37
33.45
34.43
34.18
33.99
33.1
32.63
32.72
33
32.85
33.38
33.46
33.09
33.91
34.71
35.06
34.67
33.93
34.57
34.57
34.57
35.29
34.68
35.06
35.11
35.25
35.67
35.9
36.74
37.44
36.7
37.01
36.64
36
35.97
36.45
36.3
36.35
35.05
35.28
34.31
34.58
34.48
34.82
34.4
33.9
34.35
35.2
34.51
34.34
34.46
34.11
34.81
35
34.7
34.9
34.62
34.59
34.36
34.61
35.19
35.14
35.37
35.61
35.56
34.94
35.13
35.33
35.34
35.28
35.16
34.75
35.06
35.65
35.4
36.24
36.33
36.37
36.04
35.7
35.75
35.26
35.58
35.88
35.87
35.45
35.87
35.58
35.5
35.49
35.25
35.33
35.64
35.34
35.62
35.24
35.64
36.72
37.13
36.92
36.83
37.04
35.61
35.04
33.89
33.6
33.98
33.6
33.48
33.17
33.75
33.61
33.61
33.45
33.25
33.87
34.14
34.19
34.47
34.55
34.31
33.89
34.25
34.46
34.58
34.76
34.82
34.96
34.48
34.56
35.3
35.38
34.72
35.21
35.23
35.11
34.78
34.25
33.6
33.79
33.59
33.36
33.71
33.1
34.02
34.65
34.81
34.67
34.82
34.3
34.23
33.53
33.75
33.69
33.85
33.66
34
33.56
33.54
33.35
32.38
32.72
33.28
33.69
33.15
33.73
33.8
33.01
32.4
32.35
32.57
32.55
32.78
33.25
32.89
32.76
32.49
32.36
32.37
32.35
32.21
31.81
31.8
31.9
31.84
32.1
31.78
31.95
32.41
32.1
31.94
32.03
32.8
32.57
32.6
32.7
33
32.8
32.9
32.44
32.67
32.79
33.34
33.26
33.26
33.18
33.31
33.2
33.2
33.2
33.75
34.42
34.54
34.71
34.6
34.5
34.12
33.85
33.42
33.83
33.67
33.33
32.98
32.78
32.52
32.56
32.88
32.24
32.32
32.04
32.17
32.77
32.6
32.7
32.87
33.24
33.2
32.98
33.17
33.2
32.99
32.95
32.65
32.71
32.62
32.7
32.3
32.23
32.15
32.34
32.35
32.49
32.98
33.23
33.1
33.1
33.31
33.1
34.1
34.74
34.6
34.54
34.22
34.06
34.46
34.85
35.43
35.4
35.48
35.48
35.48
35.32
35.3
35.05
35.1
34.96
35.25
35.15
35.09
34.78
34.91
34.64
34.55
34.75
33.99
33.11
33.42
33.17
33.01
33.23
33.28
32.89
32.65
32.29
32.7
32.98
33.14
33.3
33.45
33.77
33.55
33.31
33.58
34.12
33.82
33.71
33.89
34.29
34.41
34.6
34.8
34.76
34.6
34.81
34.94
35.13
35.2
36.01
36.62
36.17
36.38
36.99
36.84
36.76
37.04
37.38
37.25
36.45
36.74
36.63
36.39
37
37.42
37.56
36.8
36.58
37.11
37.46
37.73
38.09
38.9
38.57
38.62
37.58
38.48
39
38.47
38.81
39.09
39.08
39.07
39.3
39.44
39.25
38.93
39.27
38.63
38.47
38.75
38.76
38.97
39.62
37.95
37.13
36.74
37.27
37.6
37.29
37
36.74
36.38
36.21
36.54
36.82
37.2
37.34
37.14
37
36.57
35.88
36
35.96
36.42
36.35
36.31
36.91
37.11
37.51
37.27
37.42
37.28
36.46
36.54
36.6
36.96
36.95
37.89
37.46
37.49
37.51
38.53
38.39
38.9
38.87
39.06
39.25
39.97
39.5
38.65
38.74
38.56
38.4
38.34
38.43
38.26
38.09
37.9
37.38
36.85
36.82
37.13
36.8
37.1
36.68
36.52
36.2
36.24
36.35
35.7
35.16
36.09
36.68
36.35
35.96
36.85
36.98
37.1
37.1
37.31
37.65
38.04
37.46
37.31
37.2
37.24
37.21
37.22
37.32
37.47
37.79
37.82
37.94
37.43
37.42
37.62
37.62
37.46
37.28
36.9
37
36.92
37.02
36.76
36.86
36.88
36.88
36.9
37.12
37.41
37.05
37.4
37.21
37.45
37.31
37.78
37.68
37.56
37.4
37.19
37.15
37
36.58
36.17
36.11
35.89
35.88
35.95
36.79
36.92
36.92
36.98
37.23
37.5
37.9
38.25
38.65
38.97
38.74
39.15
39.59
40.63
40.05
39.58
39.59
39.6
39.63
39.28
39.6
39.54
39.76
40.01
40.34
40.49
39.64
39.28
39.37
39.24
39.16
40.32
40.56
40.71
41.87
42.7
42.72
42.3
42.72
42.73
44.97
45.45
46.01
44.85
44.61
44.88
45.57
45.45
46.08
45.69
45.8
45.29
44.06
44.56
44.65
44.46
44.48
44.48
44.48
44.2
44.55
45.4
45.01
44.5
44.29
44.9
44.18
43.11
43.41
42.26
42.64
42.81
42.4
43.08
43.36
42.68
41.07
40.85
40.99
39
39.86
39.93
39.17
39.63
39.06
39.64
41.36
40.98
40.03
40.14
39.71
39.45
39.06
37.88
37.75
37.5
38.34
38.04
36.96
36.56
36.56
36.56
38.24
38.48
38.13
38.17
38.13
37.93
37.49
37.6
38.44
39.06
38.96
39.14
38.5
39.12
38.77
39.02
38.59
39.09
38.9
38.25
38.05
37.7
38.41
38.47
37.68
38.56
38.87
38.68
39.8
40.29
40.41
39.77
39.92
39.44
39.5
38.72
38.75
39.26
38.91
38.99
39.15
39.15
39.59
39.97
40.15
39.79
40.23
40.16
40.45
40.41
40.33
40.39
40.45
40.44
40.48
40.5
40.42
39.62
38.97
39.02
38.93
39.61
40.2
40.45
39.91
39.81
39.77
40.5
41.23
40.47
40.86
41.39
41.74
41.74
42.24
41.57
41.87
42
42.16
42.4
41.97
42.29
42.02
42.1
43.13
43.89
43.28
44.01
45
44.81
44.58
44.61
45.26
45.1
45.2
44.64
45
45.2
44.55
44.31
44.65
44.58
43.58
43.88
43.85
44.2
44.05
44.93
45.15
44.38
44.55
44.15
44.04
43.99
42.81
41.86
41.72
42.12
41.66
41.2
41.2
42.02
41.8
42.02
41.78
42.54
42.52
42.95
43.4
43.22
43.26
43.09
43.66
43.18
42.58
42.58
42.58
43.49
43.7
43.51
43.51
43.8
44.05
43.64
43.59
43.05
43
42.95
43.5
43.7
44.05
43.85
44.53
45.39
45.4
45.32
45.45
46.65
45.99
46.55
47.52
47.08
46.8
47.18
47.24
46.94
46.55
45.43
44.64
45.57
44.9
45.74
46.15
45.96
46.05
46.38
45.5
45.2
44.76
44.81
45.04
43.69
43.91
43.01
42.85
41.74
42.09
42.5
42.44
42.25
42.4
41.8
40.52
41.2
40.95
41.04
41.26
42.9
43.42
43.87
43.78
43.55
42.91
43.68
44.17
44.1
44.31
45.4
44.9
44.9
44.9
45.05
44.76
44.7
44.94
44.46
43.82
43.39
43.4
43.59
44.75
44.7
45.15
46
45.42
45.32
45.32
45.95
46.43
48.07
47.8
47.27
47.44
48.94
50.41
49.86
50.62
49.69
49.05
49.53
49.31
49.39
50
49.25
49.75
49.75
50.6
49.88
49.77
50.73
49.86
49.2
47.6
47.1
46.81
47.3
47.22
47.37
49.05
49.66
49.55
49.16
49.38
48.33
48
47.97
48
47.24
47.73
48.01
47.75
48.4
48.97
48.04
49.25
49.4
48.19
47.58
48.66
48.89
49.79
48.96
47.96
47.77
47.44
47.94
47.06
46.2
45.09
45.07
44.54
45.83
43.53
43.71
42.82
43.11
43.68
44.27
43.86
44.3
44.32
44.21
44.52
43.75
43.92
43.81
43.93
44.15
43.89
44.04
44
43.3
43.41
43.8
44.63
45.08
45.6
44.9
45.13
43.38
42.76
43.61
42.99
42.93
42.79
42.18
42.31
43.05
42.15
43.57
45.14
45.27
46.68
45.98
45.23
45.51
46.2
45.76
46.48
47.4
47.41
47.5
47.32
47.63
47.23
46.81
46.57
46.37
46.11
45.77
45.5
45.21
44.91
45.55
45.74
46.33
45.73
46.23
44.95
44.24
44.8
43.31
41.55
41.63
41.08
41.48
42.26
42.52
42.25
41.79
40.74
41.23
39.81
40.13
40.5
39.95
39.92
40.69
40.8
41.7
41.61
40.86
41.29
41.12
41.02
41.85
42.04
41.7
40.86
41.32
40.43
40.86
40.42
40.41
42.52
42.52
42.52
42.52
42.36
42.35
42.35
42.35
42.73
42.09
40.9
41.98
42
41.75
42.09
41.88
41.5
39.9
40.01
38.7
37.68
36.28
35.98
34.71
36.45
37.2
37.33
37.44
37.65
36.8
37.45
38.42
36.12
35.11
34.33
34.42
34.2
35.81
35.83
35.41
35.22
35.9
36.36
36.31
36.43
35.6
36.36
37.41
37.08
36.93
36.18
36.49
35.28
35.35
34.96
34.76
34.33
33.72
33.8
32.6
32.2
31.11
32.63
33.75
34.23
34.23
34.23
35.44
34.88
34.94
34.55
34.99
36.05
36.55
35.94
35.72
36.1
35.78
35.87
35.9
34.94
33.79
33.79
33.31
33.93
34.83
34.26
33.79
33.9
33.58
35.02
35.17
35.02
35.25
36.62
36.8
37.13
37.71
37.72
36.12
36.23
36.59
36.66
36.55
36.94
37.18
36.3
34.75
35.83
35.28
35.15
35.74
36.61
37.13
38.07
36.5
36.94
36.85
36.14
34.56
34.28
34.36
33.4
33.67
33.56
33.19
33.87
33.04
32.93
32.4
32.35
31.25
31.89
30.54
30.19
30.55
29.96
29.79
29.86
29.63
29.99
30.25
30.31
29.86
28.76
28.22
27.71
28.27
29.46
30.1
30.57
30.7
31.87
30.48
30.68
29.75
29.2
28.43
28.7
27.73
28.63
28.14
27.91
27.66
28.26
28
28.35
29.3
29.07
28.27
27.58
28.72
28.97
29
28.6
28.97
27.98
27.82
27.32
27.39
30.92
29.78
28.92
28.47
29.16
28.22
27.3
27.29
26.08
24.85
25.87
24.72
24.54
22.66
21.52
19.63
21.85
22.52
20.25
19.64
20.49
20.3
21.05
19.85
19.3
18.25
17.18
17.04
18.49
20.2
20.11
20.58
22.97
22.8
21.07
21.56
22.52
21.41
20.67
22.04
21.39
21.58
21.81
18.93
18.52
17.94
19.7
19.15
19.47
20.37
19.67
18.91
19.66
20
20.66
19.82
20.94
22.11
22.61
22.44
22
21.99
22.17
22.07
22.2
21.91
21.05
21.26
21.26
21.26
21.26
21.3
21.61
21.61
21.61
22.34
21.85
21.77
22.04
21.9
22.39
22.25
21.24
20.08
19.6
19.56
19.08
18.53
18.78
18.3
17.61
18.21
18.58
18.98
18.3
18.61
17.61
18.12
19.37
19.59
21.86
22.91
22.31
22.61
22.7
23.72
23.36
21.92
21.58
22
21.31
20.15
19.23
19.81
20.33
19.75
19.18
19.06
20.9
19.31
19.83
21.53
22.93
23.4
22.57
22.48
22.85
22.31
21.86
21.98
22.6
22.42
22.34
22.46
23.26
21.52
21.79
22.75
26.12
27.12
25.01
23.91
25.39
26.02
26.02
25.75
25.7
26.03
27.18
25.92
25.83
26.24
26.23
27.21
27.19
25.99
26.75
26.25
26.25
26.85
27.49
28.19
27.76
26.66
25.49
24.92
23.81
24.75
24.62
25.32
26.25
26.03
25.38
25.06
24.88
25.41
26.17
25.41
25.4
26.92
27.48
27.1
27.09
27.99
28.04
28.16
29
29.35
29.22
27.92
27.73
27.16
27.3
26.9
25.81
26
26.7
26.58
26.53
27.08
26.84
27.52
26.59
26.44
25.63
25.48
25.05
25.6
25.83
26.68
28.09
28.63
28.5
29.26
28.77
30.06
30.04
30.58
30.86
30.54
30.4
31.41
32.06
32.43
32.92
32.35
31.67
31.4
31.52
31.69
30.83
31.39
32.5
32.01
31.3
31.31
31.33
31.93
32.53
32.29
32.44
32.61
31.67
32.04
31.77
30.98
30.48
30.15
31.73
32.31
32
34.47
34.26
34.44
35.02
34.75
34.95
34.22
33.81
34.29
34.72
33.95
33.79
33.5
34.03
33.68
32.95
32.41
31.83
31.77
32.4
32.15
33.06
32.84
33.53
33.19
34.03
33.58
33.25
34.67
35.1
35.59
35.56
35.94
35.6
34.47
33.12
33.93
33.29
33.6
31.5
32.28
32.78
33.07
33.45
32.7
33.01
33.19
33.47
34.59
33.88
33.89
33.2
32.76
32.79
32.33
32.16
31.3
32.28
31.42
32.12
31.66
32.19
32.75
32.61
32.22
31.69
31.66
31.72
31.59
31.59
32.19
32.34
31.94
31.82
32.16
32.12
31.8
32.05
31.8
32.05
32.31
32.81
33.1
32.65
32.17
31.24
31.42
31.89
31.63
32.1
32.43
31.8
31.16
30.7
30.14
30.25
29.59
29.55
30.96
31.07
31.17
31.23
30.33
29.92
29.61
29.62
29.67
29.49
29
28.65
29.41
29.61
29.42
30.43
30.26
29.69
29.49
29.38
29.78
30.44
31.34
31.65
31.56
32.37
31.99
32.13
32.26
32.69
32.54
32.64
32.76
32.47
32.1
32.06
32.5
33.15
33.38
34.04
34.2
34.12
33.78
34.18
35.15
35.41
34.8
34.53
34.86
35.12
35.35
35.51
35.33
35.56
35.31
36.79
36.58
36.25
37.28
37.82
37.06
36.79
36.78
37.13
37.38
35.84
35.98
36.42
35.48
37.68
38.18
39
39.52
38.62
38.72
39.65
37
36.18
36.03
36.14
35.29
35.76
37.21
37.67
37.97
38.06
38.46
39.22
38.1
38.24
37.68
38.91
40.65
40.08
39.76
39.85
39.03
39.7
40.71
41.8
41.51
41.49
41.36
40.36
41.26
39.9
40.06
38.2
37.88
38.11
39
39.75
38.91
39.15
38.9
42.13
41.54
42.26
42.15
41.35
41.07
40.92
41.97
41.99
42.11
41.5
40.72
40.72
41.31
41.87
43.16
43.68
44.51
43.9
44.31
43.35
42.4
41.9
41.88
41.81
43.1
43.5
42.84
41.87
41.86
41.52
41.44
41.69
41.76
41.21
41.67
42.91
43.6
44.1
44.03
43.94
44.99
45.4
46.21
46.44
47.12
47.25
47.35
47.41
49.12
48.48
48.08
48.29
50.35
50.15
50.67
51.06
51.44
49.3
48.22
49.96
49.49
50
50.07
49.87
50.2
50.07
50
49.45
49
49.12
49.6
50.02
50.03
50.72
50.44
49.88
49.85
51.51
52.96
52.35
51.64
54.08
54.06
53.41
54.91
53.75
54.42
55.29
56.06
54.62
54.3
56.3
56.67
57.69
56.47
59.12
59.9
59.25
57.74
57.93
60.9
63.8
63.69
62.81
63.98
61.9
60.2
62.52
63.44
62.47
62.49
62.8
61.95
63.15
64.8
64.37
63.26
59.22
58.25
58.72
58.85
61.45
60.74
60.03
59.9
59.31
58.47
59.66
59.32
57.68
58.94
58.55
58.75
57.86
55.51
55.7
55.23
56.08
56.95
57.31
57.1
56.08
56.51
56.47
57.33
56.85
58.85
61.59
61.29
61.71
63.14
63.14
61.98
61.66
61.04
60.56
60.3
60.43
58.3
57
58.7
58.78
59.67
58
58.09
57.78
57.74
57.97
58.14
57.12
56.3
55.8
54.29
53.09
54.13
55.3
55.44
54.59
55.27
57.6
57.46
57.36
57.39
58.56
58.75
61.22
60.41
61
60.81
59.13
58.54
57.1
56.64
57.59
57.94
58.12
57.21
58.79
60.53
61
61.71
61.94
63.18
63.67
64.44
63.37
62.35
61.36
62.82
61.28
62.67
63.17
63.21
61.86
61.54
60.57
61.25
61.98
60.98
59.13
60.28
60.75
59.7
60.7
60.83
61.48
60.61
60.14
60.29
60.74
60.32
61
62.93
62.34
62.51
63.4
62.38
63.44
64.18
63.9
64.85
65.39
65.21
67.13
67.76
69.1
68.86
68.81
67.77
68.82
68.79
67.82
69.28
68.51
66.75
67.24
70.18
71
72.67
71.11
72
71.95
71.19
71.58
73.52
72.19
70.7
70.25
69.82
67.71
65.97
65.55
61.27
60.48
55.14
58.63
55.62
57.66
59.34
59.31
58.87
58.76
54.15
52.3
50.09
51.37
53.57
53.82
54.05
54.41
54.25
56.35
56.9
54.22
50.87
50.66
53.71
53.3
51.69
50.9
51.95
55.07
56.52
57.18
56.2
57.64
56.09
52.99
52.18
50.8
53.95
53.25
52.75
49.97
47.12
45.04
47.4
48.9
50.89
52.99
53.75
54.91
54.82
56.44
54.5
55.08
55.01
54.11
57.19
57.88
57.8
57.81
61.06
61.81
59.06
56.58
57.97
60.61
57.86
58.13
58.42
56.84
57.61
58.73
58.16
57.55
55.71
54.49
53.55
51.33
50.84
49.3
49.78
50.32
52.94
52.92
55.98
55.18
55.61
56.21
56.07
55.67
53.61
53.8
52.52
52.95
50.25
50.74
49.99
50.07
52.22
52.53
52.74
52.5
52.5
52.82
51.1
51.36
51.76
53.16
55.29
55.87
56.15
55.55
56.84
58.72
58.93
59.4
58.45
59.96
62.04
62.23
62.96
63.59
63.88
63.5
63.59
65.4
64.6
64.55
65.39
67.99
68
69.98
70.76
69.36
69
71.54
69.87
70.56
70.02
70.23
70.4
71.98
72.24
71.9
70.95
69.89
70.32
69.04
69.88
69.43
71.49
70.61
70.63
67.02
68.27
69.2
70.5
71.05
70.74
73.45
73.76
73.02
71.84
68.22
68.81
67.61
67.9
68.67
68.45
67.22
65.83
67.43
69.21
67.99
66.56
66.78
66.78
66.78
65.08
66.71
68.65
67.5
68.71
70
69.44
68.32
69.84
67
67.6
69.68
71.25
72.13
71.81
71.81
71.07
71.68
68.99
70.05
67.35
67.7
66.24
67.6
66.44
66.17
66.53
62.73
61.31
61.77
63.43
61.81
61.98
61.9
62.28
64
62.01
61.1
58.72
56.85
57.2
58.51
59.58
58.82
58.77
58.58
57.81
56.29
55.96
57.14
57.93
58.07
57.58
56.47
54.94
53.7
54.52
54.16
56.93
57.41
58.94
58.95
59.11
56.42
56.39
57.25
56.69
55.84
57.77
57.5
57.62
58.84
59.66
58.28
56.64
55.18
55.89
57.5
59.15
60.43
60.77
58.99
56.46
58.12
59.5
60.51
60.22
60.17
59.9
59.08
59.13
58.98
59.95
61.46
61.22
61.64
61.39
60.81
60.05
60.77
60.53
60.21
57.35
57.66
57.15
55.39
55.05
57.23
58.03
58.53
59.38
60.56
59.97
62
61.69
60.45
61.19
59.44
59.79
59.64
58.81
57.62
57.64
56.91
57.14
57.73
57.91
59.76
60.99
60.05
59.99
59.55
60.84
60.4
60.46
60.99
61.66
62.04
62.01
61.48
60.46
60.35
60.34
60.97
60.49
61.51
61.45
63.32
65
64.49
64.05
64.42
63.69
64.23
63.66
63.62
63.23
62.6
61.99
65.11
65.7
66.14
65.66
65.78
66.23
66.56
67.04
67.91
68.19
67.9
67.69
67.93
68.66
69.04
69.33
70.59
70.98
70.79
71.73
71.68
72
72.02
72.17
72.7
72.7
72.7
72.7
73.46
72.93
72.93
