54.25
52.23
51.75
52
53.5
53.65
54.49
53.57
52.23
52.51
53.2
52.2
51
49.75
49.66
49.16
48.01
48
49.52
49.69
48.25
47.16
47.66
47.31
46.99
46.55
46.5
46.29
46.5
46.5
46.35
45.51
46
45.71
45.55
45.49
45
42.3
39.61
41.64
42.2
41.45
40.75
41.45
42.25
41.67
40.28
41.4
41.25
41.01
41.6
42.36
42.91
44.58
43.99
43.86
43.95
44
44.2
44.5
45.1
45.05
45.95
45
45.85
44.35
44.05
43.2
43.29
42.99
42.92
42.15
41.9
42.5
41.25
41
41.37
41
41.5
41.5
41.5
42.25
42.35
41.7
41.5
41.5
42.02
43.5
45.9
46.8
47.05
47.05
47
47.5
46.3
46.41
47.5
46.11
44.83
44.3
44.68
44.72
44
43.6
43.4
43.42
43.69
43.05
43.84
42.98
43.25
43
43
42.78
42.35
42.64
42.66
42.55
42.25
38
40.61
40.29
39.88
39.56
39.05
39.51
39.41
40.02
39.45
39.95
39.84
40.1
41
40.75
40.75
41.15
40.8
40.6
40.6
39.95
40.96
42.81
44.19
45.45
45
46.18
45
46.2
45.59
46.94
46
46.25
45.95
47.15
47
47.5
49.05
50.8
50.35
50.28
50.2
49.81
50.27
48.99
48.75
49.75
50.4
51.8
51
51.35
51.2
49.1
48.65
49
50.2
50.2
49.95
50.01
49.91
49.6
49.12
48.35
48.35
46.9
48.69
50
50.5
50.04
49.6
50.98
50.44
50.78
49.7
50.5
52.3
54.4
54.4
55.35
56.26
56.61
55.33
54.94
55.25
53.6
53.6
53.6
53.6
53.6
53.6
53.6
53.71
53.71
54.1
53.45
55.05
56.1
56.1
60.3
59.4
60.06
60.52
60.5
58.6
57.69
57.77
57
57
58.75
58.3
59.05
57.7
57.2
55.56
56.5
55.43
57.95
61
60
57.1
56.15
55.35
57.58
58
56.4
58.25
57.5
56.97
54.4
52.7
51.35
51.95
53.8
52.05
52.4
53.15
53.95
56.3
55.69
55.69
54.4
52.34
56.35
56.35
57.4
57.02
54.7
54
54.7
56.1
55.43
57.49
57.45
57.95
59.17
59.15
58.4
57.79
57.19
56.33
55.1
54.4
55.91
55.3
55.1
56
55.85
57.7
57.01
57.24
57.05
57.97
57.97
57.1
57.3
58.8
59.99
59.7
58.5
59.43
59.2
59.9
59.4
59
59.8
60.6
61.6
62.03
62.15
61.36
59.56
55.56
54.9
54.2
56
55.45
50.3
50
52.48
53.82
53.79
54
51.93
51.61
48.2
48.8
50.1
49.31
50.79
52.08
51.99
52.1
52.1
52.1
51.1
53.05
53.9
54.51
54.5
55.2
55.19
55.8
55.75
56
56
56.25
55.55
55.12
55.12
55.23
55.44
55.44
58.25
58.01
58.3
58.86
59.4
59.2
59.67
60.17
59.75
59.55
59.86
60.3
59.18
58.5
56.1
58.17
58.45
59.86
59.1
59.79
58.49
57.25
56.3
56.63
55.59
55.59
54.8
55.5
55.1
55
55
54.8
54.6
53.75
54.17
55.75
56.03
55.85
55.7
55.79
54
60
52.94
56.1
52.75
52.75
53.08
52.85
52
51.75
50.97
51.7
51.49
51.8
52.08
52.73
51.75
52.8
53.6
52.95
51.95
52.25
53.23
53.4
53.1
52.37
52.04
52.94
52.42
51.95
49.12
48.65
48.2
48.5
49.38
50.32
50.27
49.1
48.89
47.8
48.8
47.51
48.8
49.91
49.2
49.67
47.01
45.76
43.45
43.45
40
40.52
37.98
35.65
32.95
35.79
35.79
37.92
36.91
36.85
39.11
38.4
38.15
38.15
40.35
39.39
38.99
38.52
40.64
40.95
41.24
40.99
40.99
41.25
41.19
40.02
41.38
42.54
43.91
42.7
45
42.1
42.1
42.91
42.8
42.09
44.89
45
45.68
48.2
47.65
46.2
48.69
48.41
48.64
50.75
50.35
50.4
50.8
50.95
52.9
53.2
50.85
49.53
48.6
47.97
47.97
49.5
52.25
52.85
51.46
50.65
50.99
49.9
48.65
48.73
50.45
50.5
49.51
49.39
50.08
50.08
50.08
50.08
51.7
52.5
52.5
52.5
51.25
52.95
52.5
52.3
53.9
52.5
50.61
50.9
50
50
48
49.75
50.05
49.8
50.11
52.5
51.67
51.5
52.94
54.45
54.25
55.5
55.21
54
54
52.36
51.11
52.1
52
50.93
52.1
52.25
51.05
51.7
50.72
49.81
51.43
50.25
52.2
53.6
54
55.4
57.1
59
58.21
58.09
57.65
58.27
58.1
56.55
57.5
57.45
59.1
58.7
60
59.95
60.99
62.56
60.59
60.43
59.65
60.89
60.89
60.89
59.42
58
57.58
57.65
57.8
57.26
57.8
57.22
58.3
59.43
62
58.53
58.11
59
58.1
57.84
56.01
53.9
54.15
53.59
53.9
53.9
53.8
54.29
54.35
53.8
56.4
55.47
55
56.2
56.7
56.4
57.05
56.78
56.65
56.9
58.9
58.72
59.17
59.45
59.45
58.12
56.82
56.5
56
55.6
56.25
56.5
54.92
55
55.21
55.6
53.98
51.05
53
53.5
53
49.25
45.95
46.06
47.5
46.55
48.5
48.52
48.5
46.7
45.5
46.1
45.8
45.4
45.75
43.99
42.9
42.47
40.76
40.92
42.95
44.1
43.15
40
39
41.44
41.3
41
50
46.7
47.44
46.45
45.05
42.8
45.9
46
47.35
48
46.78
48.05
47.4
48.1
47.83
49.2
48.35
49
48.84
48.84
48.84
48.84
48.84
46.7
45.18
45.15
42.01
43.4
42.41
44.89
43.7
45.65
46.65
44.5
43.8
43.78
42.93
41.02
40.59
41.02
38
35.35
36.63
39.15
39.02
35
37.82
39.38
37
36.81
36.95
35.23
33.12
34.5
38.38
37.24
39.55
40.29
40.98
41.25
47
41.25
37.4
36.32
37.65
38.51
36.1
36.58
38.3
38.98
40.3
39.61
38.99
36.3
36.09
36.69
37.1
37.19
38
38.04
38.4
37.97
38.35
39.6
39.71
39.25
38.69
40.25
40.35
40.7
41
38
40.25
39.86
39.43
37.95
38.56
39.5
39.2
38
38.94
38.05
35.33
35.38
35.2
35.4
35.15
35.15
35.15
33.76
34.74
34.74
34.74
38.19
37.8
38.5
37.25
35.47
35.8
36.73
36.64
37.02
36.31
38.4
37.27
37.22
37.13
35.6
35.24
34.3
34
34.7
36.51
37.06
38.25
38.79
36.31
37.67
36.85
35.74
36.29
37.53
35.41
34.38
35.57
35.46
36.4
35.21
36.38
37.75
37.06
36.4
35.17
36.68
37.01
36.96
35.77
35.07
34
33.02
32.59
30.2
28.66
30
28.61
31.26
32.69
32.2
32.42
32.64
32.31
32.99
31.48
31.78
30.75
29.2
29.39
30.6
30.5
31.95
34
32.5
32.27
31.26
31.99
33.03
33.65
32.17
33.02
33.02
33.02
33.52
34.98
34.18
31.2
32.2
31
31.5
31.34
30.6
31.28
32.28
32
31.3
32.6
31.79
31.16
31.03
30.75
30.94
29.44
29.45
29.8
30.7
30.1
29.66
29.47
29.3
29.15
30.71
31.8
31.5
32.46
31.29
32.27
31.77
32.28
33.37
34.18
33.75
34.9
35.79
36.48
36.05
35.95
34.95
35.29
34.23
35.03
36.56
36.88
36.01
37.1
37.37
37.45
37.85
37.77
36.79
36.3
37.5
37.56
37.25
37.43
36.19
36.82
35.6
35.8
35.75
36.33
36.8
37.5
37.1
37.61
38.05
38.15
37.95
38.02
37.92
37.37
37.72
37.61
38.35
39.48
40.95
42.25
42.47
42.52
43
45
44.59
43.73
43.5
44.02
44.39
44.65
46
45.94
46.5
46.7
46.3
45.41
43.54
42.85
43.93
43.3
43.16
43.8
44.14
44.06
42.05
41.68
40.3
39.1
39.72
39.64
39.5
38.59
49.13
38.6
40.75
40.5
39.85
40.23
42
41.54
42.37
43.12
43.56
43.89
43.1
43.95
43.94
42.98
42.46
41.99
42.9
44.2
43.02
43.14
44
44.65
44.51
44.42
44.63
44.7
44.57
44.5
45.23
45.1
45.05
43.65
43.29
42.53
41.99
41.76
42.66
43.08
42.47
42.26
41.45
41.93
41.75
43.1
43.69
42.95
42.59
42.54
42.14
43.31
43.84
43.44
43.85
43.98
44.47
44.6
43.49
43.44
43.44
43.44
43.44
44.02
44.15
44.15
44.15
44.65
44.28
42.3
41.63
41.96
41.3
41.05
41.12
42.5
42.15
43.22
42.15
41.65
41.47
41.69
41.29
41.11
41.1
41.36
40.68
40.46
40.39
39
39.22
38.84
39.44
39.23
38.6
38.94
39.49
39.57
38.95
39.32
39.33
39.72
38.93
38.9
38.04
37.8
37.9
37.8
38.41
39.7
39.34
39.45
39.06
39.41
38.2
38.07
36.52
36.55
35.92
36.01
36.71
35.87
35.89
34.7
34.68
34.36
35.11
34.94
35.9
35.92
35.54
35.94
36.4
36.62
36.07
36.12
36.6
36.6
36.6
37.31
36.95
37.13
37.59
37.76
37.95
38.13
38.87
38.6
38.36
38
37.34
36.61
36.75
37.36
37.17
37.26
36.2
36.13
34.89
35.37
35.05
35.71
35.28
34.81
35.06
35.88
35.02
34.85
35.29
34.97
35.55
35.67
35.72
35.77
35.24
35.4
35.68
35.87
36.18
35.88
35.4
35.75
35.36
34.73
35.09
34.96
34.58
34.14
34.2
33.96
33.58
34.14
34.32
34.69
34.68
34.72
34.34
33.73
33.58
33.67
33.51
33.47
33.22
32.82
33.07
32.6
32.13
31.99
32.3
32.54
32.92
32.65
32.93
32.68
33.16
33.25
33.88
33.73
34
34.2
33.52
33.38
32.5
31.84
31.86
31.25
31.1
30.71
31.07
31.29
31.25
30.98
30.89
31.76
32.11
32.23
32.52
32.3
31.84
31.56
31.82
31.77
31.97
32.21
32.35
32.05
32.17
32.58
33.52
33.36
32.58
32.65
32.31
32.44
32.35
31.91
31.59
31.54
31.05
31.03
31.38
30.99
31.55
32.09
31.98
34.5
34.27
33.9
33.64
33.34
34.33
34.3
34.5
34.53
35.39
35.07
34.9
34.2
33.66
33.95
34.35
34.99
34.82
35.42
36.14
35.04
34.6
35.06
35.05
35.1
35.47
35.75
35.64
35.35
35.03
35.09
35.1
34.79
34.46
34.16
34.07
34.31
34.28
34.27
33.95
34.13
34.47
34.36
33.87
33.92
34.25
33.96
33.7
33.95
33.9
33.82
33.93
33.61
33.3
33.48
34.11
33.96
33.96
33.67
33.45
33.35
33.35
33.35
34.05
34.88
34.86
35.9
35.97
36.18
35.93
35.49
35.4
35.32
35.28
35.87
35.93
35.96
35.78
35.53
36.03
36.09
35.82
35.86
36.81
37.39
36.93
36.41
36.5
37.3
37.16
36.99
36.88
37.39
38.38
38.23
37.82
38.02
37.91
37.98
37.55
37.17
36.88
37.11
37.35
37.77
37.73
37.49
37.37
37.34
36.38
36.33
36.16
36.1
36
36.18
35.21
35.09
35.43
35.39
35.75
36.25
36.63
36.63
36.63
36.3
36.61
36.72
36.57
36.18
36.16
36
35.71
35.85
35.51
35.26
35.19
35.32
34.38
33.23
33.12
32.95
33.25
32.47
32.88
32.45
32.15
31.88
32.24
32.5
32.41
33.01
33.2
33.63
33.52
33.18
33.16
33.76
34.14
34.19
34.28
34.76
35.5
35.69
35.7
35.39
35.16
35.6
35.4
35.68
35.74
36.65
36.63
36.31
36.24
36.68
36.66
36.34
36.76
37.05
37.1
36.89
37.56
37.43
37.24
37.78
38.35
38.33
38.03
37.68
38.04
38.28
37.82
38.36
38.49
38.56
38.77
37.9
38.78
40.01
40.85
39.69
40.24
40.6
40.59
40.95
41.58
42.4
42.2
43.05
43.19
42.95
43.79
44.76
44.03
44.23
44.29
44.35
44.04
44.33
44.74
45.07
44.42
44.46
44.33
43.86
43.45
43.24
44
44.85
44.51
43.93
43.36
42.9
42.91
42.33
42.75
42.8
42.43
43.69
43.98
44.96
44.93
45.08
45.17
44.13
44.58
44.52
45.85
45.8
47.22
48.1
50.15
51.86
51.55
51.5
51.72
50.33
51.2
51.41
54.01
51.6
50.11
49.78
48.74
48.7
48.05
47.57
47.43
47.18
47.33
46.55
46.2
45.65
46.33
45.8
46.74
45.2
44.58
45.45
45.25
45.23
45.58
45.35
46.45
46.95
46.02
44.77
45.63
45.25
44.83
44.45
44.32
44.17
44.64
44.42
44.2
44
43.9
44
44.4
44.55
45.68
46.53
46.42
46.52
46.58
46.59
46.78
46.43
46.25
45.95
45.64
45.01
45.27
44.9
44.56
44.2
44.2
44.2
44.9
44.98
45.03
44.61
45.1
46.1
45.7
45.21
45.35
45.82
46.09
47.58
47.65
47.68
47.01
46.67
46.1
46.56
45.73
45.56
46.08
46.81
48.9
49.04
49.25
48.8
50.05
49.35
49.07
49.66
50.2
49.68
50.62
55.4
58.27
57.89
57.16
57.72
59.2
58.94
58.25
59.03
58.93
59
59.6
58.66
57.54
55.42
55.55
57
56.65
55.29
55.7
55.98
56.14
57.66
58.32
58.15
58.2
59
58.53
61.18
61.28
62.13
61.55
61.05
61.27
62.4
62.31
63.99
65.3
64.51
64.02
63.01
63.7
62.2
62.71
62.54
62.54
62.54
61.54
62.17
63.85
64.05
63.69
64.72
65.05
64.7
61.21
61.17
60.3
58.75
58.5
58.7
61.33
61.2
60.47
58.39
56.66
56.17
54.41
53.98
53.96
53.5
55.4
54.88
55.85
55.85
56.04
54.82
55.31
55.1
54.81
53.61
52.04
51.87
51.43
52.43
51.73
51.82
50.75
50.75
50.75
53.49
53.68
52.58
52.92
53.57
53.22
52.24
52.42
53.62
54.83
55.2
55.14
53.93
54.42
54.26
54.11
53.23
53.67
53.21
52.74
52.3
51.56
53.31
53.21
52.23
54.32
55.02
54.64
59.45
58.97
58.75
58.03
58.85
58.55
59.2
58.35
59.3
61.21
61.37
61.45
62.17
62.1
62.43
63.5
63.83
63.44
62.37
62.1
62.82
62.43
62.15
62.5
62.9
62.35
63.31
63.35
63.67
63.35
62.05
62.15
61.35
63.05
64.28
64.83
65.01
65
64.92
65.8
66.65
65.25
66.02
66.65
67.6
67.55
67.18
66.95
67.98
68.85
69.65
69.59
69.31
70.29
70.03
70.24
70.26
70.3
69.97
71.35
73.95
73.5
74.25
74.78
76.74
77.2
78.7
77.4
77.3
77.65
78.36
79.05
80.45
81.25
80
80.6
80
80
80
84.25
85.5
80.75
80.71
81.17
82.96
82.96
81.32
80.01
82
85.5
82.25
81.35
81.7
81.88
81.75
82.6
81.9
83.3
82.59
84.15
84
83.35
84.66
84.8
85.37
85.55
84
84
84
85.18
85.6
85.89
85.89
84.9
85.48
84.17
86.29
85.34
83.9
82.6
82.84
83
84.58
84.38
84.36
84.69
85.01
84.37
84.67
84.75
84.48
84.6
85.3
86.66
85.51
85.62
85.1
85.02
84.72
84.56
84.22
85.53
85.13
86.1
88.27
88.31
87.63
87.94
94.94
95
94.75
94.94
94.91
92.62
95.34
93.71
93.22
90.9
94.05
96.4
100
103.05
103.85
102.32
101.33
102.85
104.24
104.66
105.7
108.3
110.8
117.7
113.95
113.5
110.5
113.62
112.5
111.8
112.2
111.57
110.94
110.94
110.94
110.4
111.09
110.92
111.79
112.53
114.55
115.22
115.12
114.45
113.73
112.27
113.57
112.32
111.48
111.39
111.39
111.88
110.43
110.75
109.56
107.5
106.8
105.1
105.39
105.81
106.52
108.47
108.8
108.96
108
111.1
116.49
113.18
111.93
111.93
114.14
112.56
112.79
113.95
115.2
114.72
111.88
109.43
108.91
107.89
108.59
109.87
110.55
113.66
114.55
114.47
115.29
113.25
113.22
113.71
114.38
113.6
116.65
118.1
117.1
120.6
122.17
121.97
123.74
124.12
122.04
120.74
122.88
122.83
123.4
121.7
120.25
121.28
121.53
123.05
122.19
121.99
120.55
124.83
128.48
132.54
134.21
137.6
139.23
141.23
140.87
139.46
141.23
143.76
144.97
145.23
146.78
145.7
146.9
147.52
150.6
151.33
149.51
148.86
149.87
149.2
149.81
150.57
151.6
152.91
152.14
150.35
150.9
149.41
150
150
150.02
151.5
151.93
151.01
152.25
153.59
154.02
155.67
156.61
157
158.06
158.76
158.5
161.04
159.1
160.28
160.92
167.97
171.23
172.4
175.24
183.57
182.43
179.29
173.67
174.08
175.57
177.5
180.42
169.73
172.55
174.5
181.8
187.63
190
197.9
192.82
191.09
187.01
188.05
184.94
182.53
179.32
177.4
172.47
172.84
173.13
170.15
164.1
164.61
161.84
160.48
159.16
159.31
157
160.19
161
163.84
161.84
158.24
160.16
157.56
156.99
156.12
158.19
158.15
155.64
155
153.55
154.89
154.59
155.17
159.41
159.41
159.41
159.41
156.27
156.1
156.1
156.1
154.33
151.81
149.16
148.88
149.05
148.53
149.05
150.17
153.8
150.76
153.1
152.39
150
148.43
150.26
148.95
153.09
157.9
158.1
156.4
153.62
151.79
151.5
150.3
148.84
150.28
149.4
149.39
149.81
152.21
152.48
151.08
149.99
151.73
151.14
151
150.21
150.05
150
150.47
150.6
149.95
149.99
152.35
151.32
152.85
151.76
151.75
154.25
154.51
155.61
156.1
157.15
163.94
175.9
181.13
178.25
178.25
178.25
183.95
186.54
183.74
183.55
183.64
181.05
178.48
180.54
185.01
185.6
184.95
185
182.81
181.91
179.5
180.31
181.8
184.44
185.15
186.49
191.25
187.35
185.33
184.01
184.21
188.61
189.39
189.47
189.47
186.69
185.3
187.99
187.39
187.25
186.99
190.43
188.71
193.65
193.11
189.49
187.18
185.35
180.8
179.25
181.02
182.22
179.18
177.05
173.55
172.93
172.57
172.56
171.26
175.63
176.52
173.18
173.92
174.01
174.32
181
181.33
183.81
182.46
181.63
178.8
182.51
178.01
179.06
183.28
180.57
178.38
179
175.68
175.7
172.85
172.19
169.94
168.65
170.25
174.23
187.9
187.4
189.01
190.91
196.02
209.55
203.78
206.09
208.35
204.27
202.6
201.65
200.06
203.64
202.04
205.28
203.05
205.04
204
205.5
208.01
205.61
200.79
197
202.12
202.21
205.16
212.16
212.85
207
226.5
240.18
304
262
282
268
252.34
255.05
257.79
276.62
278.01
274.33
263
277.8
292.35
287
294.25
296.87
342
353.06
352.1
390.93
398.84
358
277.09
242.75
243
229
210.85
520
945
517
500
499.5
393
398
398
396.79
398.21
395.75
390
388.13
397.8
394.57
365.26
379.97
372.25
350
365
329.71
255
294.1
295
280.33
275.72
291.26
293.8
293.85
285.94
300.59
302.86
305.97
306.1
305.58
306.45
307.26
308.06
310.23
285.93
269.03
260
260
260
260
252
250
250
250
259.1
254.74
285
295
298.85
283.84
260
240
239.01
241.75
243.22
240
236.9
234.9
235.5
235.5
255.29
262.41
268
255
249.45
254.29
258
264.71
260
269.17
274.85
269
270.34
251.61
248.49
246
236.8
236.61
236
225
216.35
208.5
201.05
202.1
188
187.15
190.9
205.11
205.3
204.5
210
210.6
213
215
215
216.32
214
210
210.1
212.24
214.06
236.96
255
250
236.5
231.3
233.66
242.93
236.4
239
238.53
238.2
238.35
238.35
244
241.78
237.15
248.34
237.33
237
238.49
230.2
236.9
243.79
243.15
241
239.23
239.23
235
233.53
232.69
229.44
233.99
230.05
226.5
224.5
222.49
220.31
225.05
220.05
220.03
222
223.35
222.57
222.18
213.9
210.05
213.49
229.69
253.2
238.06
247.01
241.01
247.88
254.18
252.6
254.6
247.9
236.57
233.45
236.37
231
224
219.45
224.25
250.5
242.5
249.4
251.18
241.14
248.21
228.85
233.69
225.6
218.61
215.63
217.29
213.2
223.74
231
252.17
255
249.99
236.5
249.5
251.95
255
261.46
256.5
255.3
241.68
255.43
252.26
254.8
250.5
234.49
242.97
252
233.04
224.49
226.16
226
190.7
171.82
169.71
145.99
144.31
151.15
148.33
144.22
139.96
138.96
135.6
135.05
124
128
122.63
120.87
120.1
120.76
121.1
122.5
127.83
125.2
122.4
122.2
121.39
113.22
110.5
111.86
109.41
109.66
108.12
113.13
114.8
112.33
109.31
109.45
113.79
115.98
113.01
114.31
112.71
116.21
115
119.09
119.25
116.92
121.4
118.51
118.19
116.5
115
113
111.19
110.16
112.48
110.64
109.85
106.17
107.32
107.76
109.18
110.92
102
103.5
98.22
96.4
97.5
96.22
96.82
95.6
94
94.36
89.04
86.38
81
86.16
82
81.45
79.47
80.52
80.39
81.42
78.89
79.44
80.7
81.67
81
80.43
81.25
80
76.25
73.93
75.1
76.9
76.45
77.39
77
73.75
74.39
74.9
75.27
76.05
76.11
74.01
74.04
73.5
72.64
72.55
72.81
71.94
71.11
69.55
68.2
67.9
66.26
64.03
63.28
65.9
66.69
68
66
62.61
62.83
63.97
64.67
62.54
62.3
62.58
63.39
64.58
63.97
63.16
65.03
64.31
65.2
64.06
63.53
64.27
65.64
66.84
66.27
71.36
71.22
69.85
70.28
73.39
74.43
73.72
75.5
75.49
74.77
75.11
75.71
72.36
71.15
70.28
72.56
71.93
70.59
71.5
71.6
72.44
72.85
71
70.86
70.91
72.01
72.58
72.7
72.45
71.41
73.6
75.63
74.65
73.66
73.75
71.7
69.91
72.08
70.92
70.4
69.42
67.32
67.16
65
67.73
68.42
70
70.69
69.39
68.97
69.91
68.05
66.45
67.25
68.13
66.12
67.94
69.01
69.17
70.15
69.3
68.5
69.45
68
67.92
67.36
67.63
69.78
69.63
69.77
69.82
69.4
72.24
72.51
73.19
72.37
72.82
71.53
70.91
71.91
70.05
69.96
68.73
68.28
68.15
69.48
69.83
70.38
70.63
71.04
73.02
73.31
71.85
71.85
71.24
71.14
71.86
73.89
74.15
73.57
73.05
72.61
72.46
72.72
73.15
72.63
73.09
72.8
72.46
72.69
72.3
71.89
72.07
71.68
71.15
72.16
72.63
73.3
72.03
72.49
71.46
69.56
70.64
71.8
71.48
71.75
73.36
73.75
73.51
73.99
73.23
73.64
75.15
77.82
79.1
79.17
79
78.77
79.4
80.45
81.7
80.37
78.88
81.36
81.07
81.12
81.35
80.83
78.56
76.12
76.53
76.72
78.79
80.35
80.17
81.08
82.13
82.73
82.1
82
79.8
80.49
82.79
85.28
89.71
91.27
91.32
94.3
94.36
93.84
94.3
95.01
96.57
97
98.08
100.05
98.26
99
100.1
102.85
103
103.35
107.25
108.05
108.1
104.45
106.5
107.7
107.05
104.8
104.1
108.8
112.9
114.8
118.05
118.5
114.5
110.45
114.9
117.65
116.35
115.45
114.25
111.8
112.85
115
113.65
111.95
105.5
106
107.5
105.9
112.35
114.25
112
112.4
115.1
114.5
118.15
118.45
116.4
117.15
116.6
118.4
116.2
112.95
111.55
110
109.2
112.4
112.1
112.1
111
111.45
110
107.45
110.25
111.35
114.25
114.25
115
115.9
117.35
114.65
114.45
112.5
113.4
112.25
111.55
109.15
104.8
109.25
110
109.45
107.7
108.15
106.15
106.4
109.8
108.95
104.65
105.75
104.8
104.8
100.2
101.75
101.9
105.75
103.95
102.75
105.3
105.3
105.5
105
108.85
108.3
108.25
110.3
110.8
110.55
106.3
106.45
104
102.15
103.5
104.85
104.5
103
104.65
109.95
110.75
110.8
117.45
118.85
120.4
121.55
121.45
116.6
117
119.7
118.8
118.85
118.95
118
117.6
117.7
115.4
115
115.25
113.9
111.55
111
112.5
112.65
114.8
115.25
116.45
118
116.6
115.9
115.65
113.5
114
118.3
117.95
117.35
118.3
117.95
117.8
118.85
120.95
122.95
121.55
120.2
122.95
124.5
126.3
127.3
126.7
127.85
129.95
130.4
132.4
134.65
133.25
129.5
131.05
133.4
133.8
136.95
134.3
136.55
136.45
134.05
136.05
136.6
133.95
133.85
129.4
127.7
127.15
123
116
112.9
108.45
102.6
104.7
102.95
106.7
111.2
110.15
108.25
106.55
100.2
96.01
94.15
95.07
99
98.97
99.7
101.15
102.45
105.85
107
102.4
96.05
96.09
101.05
99.7
95.77
94.35
94.47
98.57
102
104.3
100.7
104.25
101.25
92.12
92.97
91
96.5
95.56
96.7
93.19
89.09
84.5
88.69
92.11
94.8
97.43
98.4
101.4
101.05
102.55
101.15
101.95
102.3
100.2
102.75
107.1
105.35
105.85
114
116.4
113.8
108.7
114.75
118.9
116.05
116.55
116.7
114.55
114.2
117.45
117.1
116
115.85
112.1
110.1
106.3
105.75
101.05
102.05
101
109.7
106.55
112.5
111
113.6
113.5
112.7
112.15
109.85
110.5
105.85
107.35
102
102.7
103.45
103.3
105.5
105
105.3
105.7
105.7
105.85
102.75
102.85
103.65
106.2
109.6
109.05
111.65
110.55
109.65
112.15
114.15
114.65
114.35
116.3
118.5
119.25
122.05
122.35
121.95
121.6
123.15
124.85
123.65
123.65
123.5
126.9
125.35
127.9
128.35
126.6
126.95
129.4
127.2
129.9
127.65
127.05
126.65
129.4
130.2
129.65
129.05
125
126.6
125.3
126.05
127.2
129.9
130.5
130.35
124.55
124.25
127.55
129
128.05
127.3
130.8
130.95
129.8
128.65
121.75
123.1
121.95
123.55
123.1
123.5
122.95
118.1
120.9
123.35
121.45
116.95
117.7
117.7
117.7
113.9
117.25
118.85
117.25
118.05
119.7
118.65
115.5
113.1
109.65
112.5
115.5
124.55
127.15
128.95
128.95
129.7
132.55
128.65
128.4
126.35
126
124.45
127.1
124.4
124.2
122.45
121.15
118.35
119.05
124.25
120.35
120.2
121.5
121.3
125.95
121.9
121.7
117.55
114.2
114.9
117.45
118.75
117.55
118.5
118.85
116.35
114.9
116.8
116.75
119.05
119.35
117.55
115.65
112.85
112.6
113
113.5
118.85
118.05
118.7
120.25
128.3
125.35
125.1
127.2
125.6
127.7
132.4
131.4
130.6
131.95
132.65
131.55
128.1
126.8
128.8
123.65
124.95
128.2
129.8
129.55
127.8
131.35
132.05
134.75
133.25
134.7
134.6
133.4
134.45
133.6
132.85
134.9
134.25
134.7
134
133.1
130.5
131.85
132.5
133.25
128.85
129.5
127.35
123.45
124.4
128.95
128.6
129
130.8
132.5
132.4
138.15
137.1
133.6
134.6
134.25
136.75
137.15
136.2
130.95
130.5
130.2
130.65
132.4
131.55
133.5
135
132.8
133.5
133.4
134.8
133.05
132.65
133.55
135.25
137.05
138.75
137.85
135.3
140.35
143.85
144.5
144.75
149.85
150.4
153.55
153.6
152.35
147.75
146.9
144.5
144.5
144.4
143.8
142.3
141.2
139.95
146.8
148.8
151.25
150.7
150.85
150.55
153
152.45
155.05
156.4
155.3
155.25
152.85
156.3
156.9
157.3
159.65
160.5
160.25
160
160.35
160.1
159.8
160.1
162.75
162.75
162.75
162.75
161.75
162.75
162.75
