1174.21	
1190.54	
1206.29	
1201.88	
1191.71	
1192.41	
1213.22	
1209.94	
1204.54	
1209.91	
1199.73	
1203.24	
1198.80	
1193.65	
1188.01	
1174.64	
1164.16	
1168.78	
1182.40	
1196.18	
1189.07	
1189.79	
1186.89	
1196.77	
1196.01	
1196.94	
1188.91	
1186.81	
1193.85	
1201.92	
1206.39	
1215.02	
1208.95	
1235.96	
1232.11	
1248.30	
1255.50	
1271.79	
1269.29	
1262.51	
1272.52	
1256.40	
1252.35	
1267.84	
1270.83	
1297.22	
1291.76	
1298.38	
1309.72	
1306.46	
1325.43	
1338.89	
1327.01	
1332.98	
1366.04	
1375.31	
1375.92	
1365.18	
1386.48	
1368.42	
1354.91	
1341.55	
1342.16	
1362.99	
1394.16	
1400.63	
1395.96	
1448.25	
1435.47	
1462.82	
1484.18	
1506.65	
1522.29	
1489.78	
1532.43	
1532.43	
1532.43	
1601.72	
1587.83	
1581.19	
1540.89	
1557.06	
1622.46	
1589.26	
1545.02	
1545.56	
1527.71	
1511.34	
1510.19	
1552.71	
1552.71	
1565.56	
1505.81	
1536.02	
1528.70	
1517.06	
1516.68	
1496.34	
1470.31	
1485.43	
1472.23	
1472.39	
1492.38	
1506.20	
1520.40	
1509.67	
1509.67	
1500.97	
1490.61	
1468.67	
1473.83	
1500.25	
1512.91	
1504.91	
1519.96	
1551.84	
1576.19	
1577.98	
1574.87	
1583.75	
1574.87	
1563.78	
1581.96	
1580.18	
1571.76	
1583.28	
1522.08	
1593.55	
1619.89	
1639.62	
1648.66	
1652.38	
1677.69	
1681.73	
1674.06	
1667.44	
1657.94	
1649.43	
1664.81	
1664.77	
1634.81	
1633.43	
1621.16	
1634.60	
1613.18	
1630.08	
1627.34	
1631.87	
1653.97	
1653.85	
1646.68	
1617.70	
1617.70	
1590.38	
1561.36	
1539.43	
1517.40	
1525.08	
1526.42	
1552.49	
1526.30	
1526.30	
1531.48	
1523.55	
1556.14	
1558.81	
1541.86	
1532.98	
1487.22	
1506.64	
1520.86	
1520.86	
1499.32	
1504.76	
1519.87	
1499.07	
1501.73	
1533.23	
1535.01	
1512.70	
1505.84	
1491.03	
1455.51	
1433.98	
1433.52	
1430.07	
1422.34	
1427.68	
1429.43	
1448.78	
1444.55	
1426.33	
1389.63	
1406.54	
1390.26	
1411.14	
1419.94	
1406.09	
1383.14	
1360.71	
1316.70	
1223.05	
1239.75	
1244.60	
1250.50	
1256.86	
1266.90	
1282.53	
1290.42	
1279.05	
1252.04	
1242.11	
1220.32	
1210.56	
1231.66	
1242.63	
1220.80	
1229.00	
1252.02	
1259.34	
1289.38	
1303.71	
1287.72	
1320.68	
1316.66	
1290.21	
1301.71	
1290.58	
1299.78	
1283.24	
1306.20	
1297.05	
1270.76	
1262.56	
1255.90	
1256.16	
1251.21	
1253.83	
1234.78	
1236.72	
1243.51	
1256.83	
1254.04	
1269.50	
1277.48	
1273.76	
1276.68	
1279.63	
1285.19	
1278.88	
1290.43	
1311.99	
1307.01	
1318.87	
1318.06	
1321.97	
1321.97	
1321.97	
1354.59	
1352.75	
1353.70	
1353.70	
1375.93	
1372.17	
1362.08	
1363.52	
1352.67	
1349.29	
1363.47	
1371.77	
1361.96	
1381.28	
1387.39	
1415.13	
1413.14	
1425.12	
1450.46	
1443.91	
1435.81	
1450.01	
1427.77	
1413.59	
1410.59	
1424.06	
1431.63	
1422.16	
1421.75	
1438.01	
1440.55	
1419.56	
1406.82	
1398.33	
1409.19	
1421.08	
1423.24	
1413.46	
1421.11	
1425.34	
1447.53	
1442.83	
1439.41	
1467.87	
1470.61	
1490.33	
1481.75	
1495.64	
1506.84	
1497.23	
1494.23	
1495.06	
1494.23	
1506.28	
1523.89	
1524.34	
1544.09	
1549.77	
1551.08	
1539.86	
1553.93	
1538.90	
1528.75	
1500.42	
1470.77	
1490.81	
1515.32	
1522.62	
1516.82	
1515.23	
1458.83	
1458.32	
1456.17	
1456.17	
1453.84	
1463.89	
1468.42	
1437.06	
1418.20	
1431.71	
1390.69	
1380.13	
1401.48	
1385.29	
1370.24	
1388.70	
1367.23	
1364.34	
1370.52	
1394.43	
1397.42	
1375.04	
1392.52	
1377.35	
1392.63	
1411.52	
1404.93	
1421.45	
1426.95	
1423.60	
1407.96	
1365.06	
1371.23	
1321.38	
1326.11	
1338.55	
1292.19	
1328.10	
1315.96	
1300.42	
1321.44	
1307.22	
1317.98	
1318.83	
1318.83	
1313.79	
1260.02	
1272.77	
1271.93	
1275.39	
1299.74	
1302.33	
1308.58	
1356.80	
1366.18	
1322.99	
1346.99	
1350.82	
1327.99	
1277.32	
1313.98	
1313.22	
1256.31	
1251.45	
1233.74	
1234.53	
1234.10	
1254.37	
1263.05	
1255.60	
1244.42	
1237.97	
1243.77	
1239.69	
1250.08	
1256.82	
1233.31	
1244.63	
1246.07	
1240.77	
1241.09	
1227.46	
1221.98	
1201.25	
1189.46	
1202.38	
1203.00	
1202.86	
1201.48	
1202.10	
1202.66	
1201.90	
1201.76	
1202.73	
1203.42	
1203.90	
1202.93	
1203.56	
1203.56	
1130.19	
1144.71	
1133.59	
1147.11	
1147.11	
1143.38	
1143.78	
1183.89	
1180.14	
1229.79	
1197.14	
1205.42	
1185.68	
1191.14	
1187.99	
1180.35	
1178.94	
1185.78	
1196.43	
1202.42	
1202.21	
1212.83	
1212.83	
1212.69	
1196.82	
1183.84	
1205.45	
1211.90	
1212.83	
1205.42	
1205.49	
1216.79	
1213.31	
1223.15	
1227.81	
1226.60	
1236.69	
1219.23	
1215.50	
1209.19	
1210.62	
1222.97	
1215.45	
1206.55	
1218.13	
1209.62	
1194.83	
1209.69	
1209.83	
1178.84	
1180.76	
1172.06	
1175.59	
1175.96	
1165.19	
1178.47	
1184.89	
1170.39	
1178.58	
1166.78	
1167.23	
1176.38	
1186.77	
1198.57	
1183.19	
1197.25	
1199.05	
1185.77	
1196.57	
1211.45	
1198.22	
1209.67	
1221.81	
1223.38	
1233.76	
1223.93	
1235.63	
1228.66	
1243.62	
1260.07	
1258.90	
1262.32	
1254.23	
1268.35	
1285.22	
1282.50	
1284.76	
1264.65	
1280.10	
1280.10	
1280.10	
1293.34	
1295.93	
1248.45	
1248.45	
1245.46	
1253.25	
1279.12	
1295.03	
1286.16	
1285.87	
1282.16	
1269.33	
1278.96	
1270.40	
1256.37	
1262.95	
1251.46	
1253.23	
1245.31	
1237.80	
1238.86	
1214.94	
1222.54	
1222.54	
1224.11	
1223.17	
1223.80	
1218.29	
1220.60	
1210.03	
1217.62	
1223.89	
1247.43	
1233.35	
1240.01	
1230.18	
1236.57	
1225.35	
1219.61	
1222.43	
1225.29	
1203.05	
1181.16	
1195.42	
1198.88	
1197.64	
1208.58	
1207.34	
1206.75	
1222.08	
1234.37	
1229.91	
1242.33	
1259.50	
1257.39	
1252.60	
1254.90	
1283.27	
1281.59	
1237.79	
1264.07	
1247.75	
1272.57	
1272.57	
1320.45	
1301.40	
1310.50	
1310.86	
1297.33	
1290.89	
1313.09	
1312.27	
1310.74	
1330.91	
1313.66	
1298.66	
1286.12	
1278.20	
1298.83	
1294.27	
1272.82	
1258.46	
1264.05	
1262.66	
1242.82	
1258.35	
1271.18	
1251.83	
1251.83	
1263.02	
1265.98	
1272.18	
1255.95	
1256.69	
1260.25	
1267.57	
1262.39	
1262.62	
1274.03	
1269.71	
1291.21	
1294.51	
1301.94	
1327.48	
1340.67	
1349.41	
1345.62	
1396.08	
1396.08	
1395.07	
1426.99	
1402.29	
1419.20	
1377.21	
1384.42	
1380.01	
1368.75	
1369.64	
1350.93	
1352.12	
1325.96	
1299.20	
1304.13	
1318.91	
1318.04	
1348.75	
1273.27	
1295.69	
1300.66	
1293.25	
1294.33	
1275.76	
1278.75	
1296.04	
1299.03	
1300.58	
1281.10	
1290.64	
1318.40	
1328.10	
1334.93	
1341.77	
1345.52	
1329.16	
1326.45	
1313.23	
1319.17	
1345.34	
1365.63	
1368.78	
1368.04	
1377.69	
1390.33	
1395.03	
1379.73	
1390.09	
1399.25	
1399.35	
1397.32	
1396.35	
1415.95	
1430.57	
1446.49	
1469.90	
1457.30	
1467.18	
1420.08	
1425.19	
1418.41	
1419.15	
1446.21	
1447.87	
1441.88	
1426.94	
1431.89	
1419.84	
1421.67	
1445.55	
1437.98	
1421.42	
1415.11	
1411.95	
1423.81	
1436.85	
1436.26	
1433.50	
1445.01	
1454.69	
1463.26	
1451.76	
1446.15	
1445.14	
1433.77	
1453.97	
1449.54	
1460.14	
1462.49	
1461.13	
1468.27	
1477.66	
1473.99	
1490.46	
1492.07	
1493.79	
1519.36	
1513.80	
1516.48	
1504.77	
1488.27	
1496.00	
1492.01	
1481.91	
1475.10	
1470.49	
1493.58	
1513.50	
1543.18	
1531.78	
1578.45	
1535.50	
1516.01	
1503.06	
1506.99	
1509.93	
1497.13	
1507.91	
1472.47	
1456.32	
1453.12	
1452.38	
1439.10	
1433.74	
1439.41	
1450.28	
1462.04	
1469.12	
1466.91	
1474.61	
1475.12	
1462.72	
1470.45	
1472.96	
1481.12	
1502.51	
1494.85	
1497.78	
1502.65	
1509.55	
1529.10	
1529.07	
1534.26	
1521.19	
1536.97	
1540.22	
1545.69	
1556.51	
1555.78	
1558.16	
1558.16	
1558.16	
1577.66	
1568.42	
1578.08	
1578.08	
1564.91	
1557.35	
1566.32	
1578.63	
1604.70	
1611.67	
1627.08	
1623.03	
1646.20	
1644.72	
1653.06	
1655.36	
1671.31	
1689.95	
1685.73	
1683.63	
1687.00	
1681.09	
1682.78	
1682.78	
1684.47	
1799.95	
1811.62	
1871.10	
1975.82	
1914.20	
1886.11	
1932.82	
1903.40	
1915.82	
1885.29	
1848.61	
1940.87	
1945.91	
2005.00	
1994.48	
2030.59	
2005.48	
2017.53	
2026.05	
2012.39	
2043.73	
2065.99	
2071.54	
1998.23	
1995.13	
2021.27	
2003.69	
1980.40	
1913.44	
1962.00	
1968.76	
1955.58	
2023.39	
2034.63	
2053.84	
2077.21	
2144.33	
2164.84	
2162.33	
2127.43	
2133.02	
2151.08	
2106.29	
2101.61	
2093.89	
2065.97	
2139.85	
2172.05	
2197.13	
2192.39	
2137.61	
2152.27	
2152.27	
2152.27	
2070.40	
2117.57	
2066.57	
2035.45	
2035.92	
2068.53	
1998.63	
2028.70	
2069.38	
2098.05	
2108.84	
2044.22	
2035.46	
1992.80	
1992.80	
1925.88	
1960.51	
1915.77	
1863.22	
1868.22	
1896.93	
1877.57	
1849.37	
1842.18	
1898.92	
1900.78	
1926.38	
1902.10	
1900.76	
1900.76	
1904.93	
1790.46	
1790.12	
1791.33	
1819.11	
1833.44	
1815.79	
1812.99	
1857.73	
1874.33	
1842.61	
1897.81	
1912.42	
1892.69	
1865.04	
1931.32	
1923.97	
1909.95	
1907.01	
1923.67	
1931.42	
1901.59	
1845.28	
1836.65	
1762.84	
1797.65	
1832.70	
1829.71	
1819.70	
1760.50	
1805.23	
1798.28	
1814.30	
1786.54	
1755.49	
1807.15	
1774.17	
1750.32	
1774.08	
1844.08	
1857.67	
1867.07	
1865.93	
1877.34	
1842.70	
1823.13	
1856.13	
1879.04	
1914.32	
1877.40	
1900.83	
1960.72	
1943.77	
1969.93	
1952.03	
2012.15	
2024.88	
1997.58	
2000.64	
1989.80	
1961.82	
1968.92	
1964.23	
1997.31	
1997.31	
2012.18	
2075.47	
2107.87	
2082.44	
2114.24	
2108.58	
2111.87	
2116.58	
2030.63	
2026.56	
2022.05	
2005.81	
1988.21	
1958.15	
1999.82	
1991.37	
1978.61	
1982.72	
2148.35	
2087.98	
2181.16	
2320.90	
2336.49	
2335.75	
2375.56	
2296.17	
2191.14	
2185.31	
2212.04	
2173.62	
2157.65	
1995.31	
2028.14	
1993.68	
2051.31	
1950.62	
1951.95	
1969.54	
1972.90	
1959.27	
1940.79	
1978.01	
1962.98	
1951.92	
1984.91	
1953.70	
1992.96	
1993.26	
2015.46	
2014.17	
1984.34	
2013.33	
2016.19	
2004.14	
2074.62	
2071.49	
2074.40	
2100.09	
2124.46	
2146.54	
2156.62	
2158.78	
2159.28	
2159.26	
2123.08	
2122.10	
2108.00	
2101.14	
2173.10	
2292.11	
2256.46	
2219.31	
2234.82	
2120.41	
2156.08	
2208.11	
2166.68	
2174.13	
2196.75	
2190.80	
2186.41	
2192.37	
2214.39	
2228.33	
2232.63	
2232.63	
2232.63	
2250.08	
2244.56	
2207.79	
2324.34	
2348.49	
2410.24	
2351.61	
2273.31	
2273.31	
2272.17	
2277.58	
2313.94	
2357.93	
2400.48	
2442.64	
2501.85	
2735.74	
2781.91	
2796.59	
2800.89	
2800.28	
2782.46	
2920.80	
2934.10	
2992.06	
2916.98	
2943.69	
2823.73	
2881.45	
2993.53	
2909.50	
3007.59	
3161.77	
3151.48	
3137.25	
3065.88	
3050.72	
3000.38	
2885.44	
2769.59	
2830.25	
2733.00	
2641.32	
2677.16	
2747.29	
2753.42	
2785.56	
2661.25	
2568.08	
2624.23	
2537.81	
2460.26	
2309.59	
2313.85	
2402.09	
2235.23	
2243.29	
2180.63	
2201.68	
2256.60	
2274.93	
2188.22	
2258.83	
2181.14	
2119.14	
2028.65	
2028.34	
2043.90	
2048.23	
2022.47	
2007.45	
2029.91	
2029.91	
2120.41	
2120.05	
2091.04	
2051.69	
2109.37	
2056.55	
2141.48	
2066.09	
2066.82	
2004.68	
1995.85	
2022.20	
2037.82	
2166.75	
2173.89	
2060.02	
2049.59	
2013.84	
2028.82	
2028.82	
2024.64	
2002.45	
2052.65	
2004.47	
2025.97	
2026.86	
2055.07	
2019.84	
2008.78	
2008.34	
2021.81	
2060.32	
2054.18	
2083.53	
2083.53	
2137.01	
2149.05	
2100.70	
2116.36	
2072.19	
2057.47	
2057.91	
2075.75	
2064.76	
2039.49	
2006.38	
1963.31	
1966.93	
1970.79	
1954.73	
1963.77	
1985.38	
1988.68	
2001.52	
1992.46	
1984.43	
1987.35	
1966.45	
1968.55	
2050.15	
2097.04	
2081.67	
2072.84	
2132.08	
2154.97	
2144.46	
2123.83	
2173.58	
2168.74	
2158.60	
2152.90	
2145.33	
2146.47	
2156.64	
2221.73	
2250.69	
2272.71	
2277.87	
2256.38	
2239.73	
2219.97	
2165.32	
2118.07	
2138.65	
2114.56	
2142.46	
2158.87	
2158.93	
2148.44	
2121.75	
2142.68	
2172.85	
2188.76	
2129.36	
2012.64	
2044.19	
2040.46	
2025.16	
1999.69	
1999.69	
2025.38	
2049.09	
1951.03	
1986.70	
1986.98	
2013.82	
2009.94	
2030.75	
2029.75	
2054.51	
2049.43	
2094.21	
2097.67	
2117.52	
2065.61	
2051.63	
2059.94	
2029.63	
2056.30	
2160.15	
2176.66	
2152.35	
2111.12	
2064.30	
2008.02	
2006.69	
2034.74	
1995.53	
1994.81	
2039.50	
2042.77	
2038.06	
2054.23	
2056.19	
2017.64	
2042.41	
2041.56	
2062.13	
2036.27	
2032.09	
2046.24	
2074.01	
2055.36	
2092.30	
2081.62	
2062.07	
2083.82	
2057.48	
2027.17	
2036.66	
2067.49	
2060.37	
2015.42	
1976.31	
1986.60	
1969.81	
2016.48	
2012.98	
2007.34	
1996.65	
2028.84	
2033.52	
2025.29	
2023.70	
1988.09	
2000.83	
2006.88	
1996.48	
1984.26	
1985.91	
1944.52	
1934.45	
1930.70	
1927.40	
1981.27	
1974.93	
1977.88	
1957.60	
1964.36	
1838.80	
1771.77	
1830.20	
1830.96	
1910.01	
1875.72	
1903.11	
1909.13	
1909.13	
1915.67	
1888.07	
1894.07	
1893.67	
1893.67	
1883.77	
1947.09	
1970.72	
1906.27	
1910.37	
1895.63	
1875.63	
1879.75	
1880.45	
1895.98	
1864.74	
1865.42	
1865.43	
1893.02	
1846.30	
1819.69	
1824.46	
1831.22	
1850.11	
1815.10	
1735.01	
1834.57	
1815.95	
1832.96	
1820.91	
1844.73	
1860.70	
1817.02	
1794.03	
1768.84	
1769.89	
1750.30	
1755.73	
1761.07	
1793.55	
1814.50	
1795.28	
1802.84	
1817.34	
1784.14	
1780.54	
1725.86	
1748.25	
1733.71	
1751.08	
1759.59	
1777.84	
1788.37	
1762.20	
1775.60	
1814.73	
1841.87	
1834.06	
1880.59	
1883.95	
1880.93	
1845.71	
1876.25	
1863.58	
1889.86	
1886.56	
1847.66	
1871.91	
1893.07	
1883.50	
1881.29	
1856.66	
1843.64	
1847.21	
1819.65	
1801.79	
1769.48	
1799.70	
1775.49	
1772.20	
1772.20	
1772.20	
1822.85	
1843.68	
1829.19	
1832.32	
1817.22	
1800.02	
1780.42	
1772.33	
1777.91	
1777.91	
1740.05	
1753.40	
1746.96	
1778.92	
1755.69	
1740.35	
1738.66	
1726.36	
1742.78	
1751.10	
1746.14	
1737.63	
1725.96	
1724.22	
1724.22	
1710.44	
1711.44	
1752.87	
1748.11	
1762.68	
1724.15	
1719.41	
1663.44	
1669.55	
1682.85	
1677.08	
1710.77	
1705.76	
1722.45	
1745.24	
1723.55	
1714.35	
1692.38	
1692.10	
1721.52	
1720.14	
1711.71	
1681.79	
1684.63	
1659.92	
1653.47	
1648.95	
1633.90	
1638.82	
1641.08	
1655.09	
1645.03	
1642.81	
1691.84	
1682.04	
1654.83	
1700.03	
1707.86	
1714.86	
1688.19	
1661.87	
1680.96	
1675.05	
1699.04	
1691.19	
1718.61	
1712.61	
1783.20	
1773.36	
1770.79	
1799.38	
1805.10	
1802.04	
1782.09	
1763.42	
1784.49	
1860.72	
1829.37	
1844.71	
1850.75	
1815.28	
1810.01	
1769.79	
1796.27	
1743.28	
1713.18	
1684.03	
1707.99	
1746.38	
1746.38	
1703.32	
1703.39	
1732.45	
1714.91	
1706.19	
1686.40	
1666.12	
1709.76	
1694.88	
1728.77	
1766.67	
1765.33	
1737.71	
1728.57	
1761.76	
1731.24	
1698.30	
1694.18	
1690.45	
1633.37	
1658.58	
1642.55	
1661.17	
1649.83	
1680.72	
1680.72	
1691.44	
1713.16	
1686.67	
1694.16	
1686.01	
1685.30	
1654.82	
1660.03	
1650.46	
1636.18	
1637.08	
1660.50	
1648.23	
1633.52	
1638.05	
1652.08	
1649.26	
1695.39	
1692.72	
1676.45	
1696.77	
1684.33	
1683.16	
1704.13	
1637.36	
1641.31	
1654.81	
1660.91	
1646.57	
1630.47	
1636.57	
1606.14	
1613.67	
1591.21	
1607.70	
1626.38	
1615.60	
1648.35	
1647.09	
1661.55	
1722.55	
1687.32	
1724.50	
1694.48	
1685.16	
1686.04	
1655.86	
1644.50	
1629.89	
1616.60	
1627.75	
1642.63	
1636.54	
1591.67	
1628.09	
1633.98	
1634.85	
1634.85	
1634.85	
1644.22	
1673.40	
1673.72	
1673.72	
1689.06	
1641.88	
1628.67	
1608.00	
1628.27	
1600.69	
1599.89	
1594.80	
1598.45	
1601.30	
1606.67	
1628.28	
1618.78	
1611.55	
1592.99	
1576.63	
1605.82	
1600.91	
1616.94	
1605.90	
1589.25	
1610.53	
1603.78	
1622.48	
1622.44	
1601.82	
1592.87	
1593.47	
1595.19	
1597.12	
1588.52	
1586.54	
1592.30	
1592.17	
1604.17	
1617.18	
1577.84	
1566.94	
1569.93	
1561.94	
1552.37	
1545.53	
1531.32	
1524.09	
1543.88	
1499.24	
1480.75	
1500.41	
1505.85	
1512.48	
1495.44	
1508.04	
1516.33	
1533.97	
1517.88	
1511.52	
1523.11	
1518.24	
1501.26	
1487.91	
1476.95	
1483.48	
1474.60	
1483.24	
1486.84	
1488.66	
1484.45	
1472.59	
1510.56	
1510.56	
1510.56	
1542.17	
1538.69	
1531.18	
1527.67	
1517.44	
1514.80	
1523.89	
1533.20	
1547.40	
1546.45	
1543.80	
1551.57	
1530.66	
1541.04	
1541.04	
1560.71	
1577.32	
1580.19	
1590.01	
1584.49	
1575.00	
1571.46	
1554.05	
1565.85	
1553.43	
1535.55	
1500.08	
1491.74	
1495.10	
1465.09	
1469.27	
1481.81	
1445.19	
1437.32	
1437.32	
1377.27	
1363.20	
1379.45	
1343.41	
1338.62	
1342.74	
1299.45	
1291.98	
1306.40	
1273.67	
1272.68	
1276.11	
1246.60	
1230.26	
1192.06	
1255.62	
1256.84	
1290.22	
1286.85	
1302.42	
1354.59	
1370.39	
1323.04	
1346.24	
1342.12	
1335.80	
1349.88	
1360.42	
1404.10	
1438.31	
1467.12	
1471.01	
1451.24	
1461.11	
1458.63	
1468.11	
1531.67	
1510.72	
1551.44	
1526.72	
1492.61	
1463.65	
1443.31	
1449.49	
1503.22	
1544.83	
1480.90	
1466.72	
1447.92	
1376.15	
1385.86	
1371.22	
1442.45	
1404.97	
1412.64	
1390.46	
1476.60	
1455.50	
1512.93	
1519.45	
1512.98	
1470.02	
1484.10	
1471.68	
1471.68	
1429.40	
1440.48	
1450.85	
1478.74	
1474.04	
1468.80	
1439.59	
1445.20	
1432.96	
1421.54	
1442.41	
1430.88	
1427.89	
1420.93	
1426.02	
1425.77	
1441.46	
1431.25	
1405.08	
1381.17	
1369.16	
1367.46	
1355.60	
1375.86	
1351.79	
1360.64	
1371.35	
1379.05	
1384.31	
1474.90	
1470.57	
1480.87	
1520.49	
1529.74	
1514.11	
1533.74	
1495.46	
1525.10	
1516.29	
1466.20	
1453.25	
1483.24	
1483.04	
1485.82	
1491.54	
1508.47	
1519.53	
1514.47	
1503.35	
1440.20	
1437.56	
1459.72	
1443.23	
1439.37	
1428.12	
1415.60	
1408.08	
1412.24	
1440.52	
1415.12	
1396.06	
1393.09	
1396.87	
1409.41	
1437.86	
1463.99	
1490.08	
1485.89	
1472.80	
1460.88	
1489.66	
1499.74	
1460.97	
1462.64	
1454.83	
1470.51	
1436.29	
1454.48	
1444.88	
1459.41	
1453.12	
1466.60	
1473.23	
1481.53	
1481.53	
1481.53	
1533.45	
1511.24	
1496.59	
1496.59	
1515.25	
1538.47	
1543.36	
1582.32	
1579.66	
1593.47	
1569.11	
1591.74	
1581.42	
1624.24	
1582.41	
1582.37	
1570.00	
1556.42	
1538.19	
1566.97	
1571.51	
1590.93	
1595.52	
1601.70	
1624.20	
1596.81	
1615.74	
1609.91	
1608.36	
1610.53	
1602.91	
1618.39	
1643.11	
1656.96	
1678.69	
1689.91	
1670.53	
1684.41	
1682.80	
1663.43	
1653.22	
1709.27	
1721.29	
1639.23	
1633.05	
1647.36	
1654.46	
1616.48	
1587.30	
1581.53	
1595.34	
1605.74	
1577.03	
1651.94	
1611.43	
1593.58	
1580.85	
1594.60	
1544.39	
1552.96	
1537.99	
1582.04	
1599.25	
1603.11	
1625.40	
1635.11	
1637.41	
1637.41	
1637.41	
1660.26	
1628.84	
1620.02	
1620.51	
1640.76	
1668.67	
1639.44	
1646.02	
1640.88	
1672.37	
1695.56	
1693.60	
1707.11	
1710.48	
1734.34	
1742.10	
1750.00	
1737.28	
1748.54	
1748.54	
1757.66	
1761.86	
1753.95	
1756.31	
1762.09	
1782.53	
1806.13	
1783.74	
1797.35	
1775.13	
1780.04	
1788.17	
1775.83	
1778.51	
1731.83	
1751.00	
1748.81	
1754.40	
1742.06	
1742.06	
1752.92	
1737.62	
1701.47	
1703.50	
1689.90	
1685.97	
1683.82	
1695.09	
1691.33	
1665.06	
1634.49	
1666.28	
1669.01	
1665.73	
1669.01	
1668.46	
1671.74	
1675.02	
1725.12	
1711.15	
1716.55	
1709.27	
1705.18	
1705.32	
1705.67	
1679.27	
1694.44	
1701.03	
1728.23	
1728.05	
1715.28	
1712.48	
1713.80	
1699.24	
1686.23	
1684.02	
1691.78	
1697.64	
1695.15	
1696.83	
1699.61	
1702.95	
1714.10	
1709.32	
1678.21	
1676.54	
1689.54	
1673.81	
1671.56	
1650.73	
1628.86	
1610.19	
1619.49	
1633.33	
1645.48	
1653.31	
1642.36	
1654.52	
1615.91	
1623.41	
1626.86	
1623.81	
1617.71	
1610.73	
1610.73	
1598.68	
1585.88	
1594.94	
1608.41	
1607.25	
1601.68	
1591.43	
1600.54	
1609.08	
1611.43	
1580.65	
1577.69	
1552.16	
1536.03	
1549.98	
1541.20	
1529.85	
1534.98	
1556.82	
1558.90	
1519.96	
1509.49	
1496.75	
1482.78	
1416.85	
1424.11	
1466.43	
1451.83	
1490.11	
1471.98	
1462.06	
1447.60	
1452.75	
1459.50	
1448.20	
1462.24	
1449.11	
1440.81	
1450.18	
1442.14	
1423.30	
1379.77	
1372.99	
1400.54	
1392.31	
1383.19	
1388.58	
1361.40	
1366.55	
1347.10	
1356.09	
1363.97	
1369.02	
1359.57	
1363.97	
1390.06	
1402.38	
1364.65	
1382.53	
1382.01	
1415.30	
1417.58	
1415.19	
1412.29	
1448.32	
1449.02	
1473.33	
1453.13	
1452.86	
1433.21	
1441.53	
1440.56	
1454.47	
1434.78	
1438.87	
1418.08	
1407.79	
1400.45	
1392.08	
1375.24	
1388.49	
1391.20	
1395.38	
1403.98	
1403.98	
1403.98	
1405.94	
1415.91	
1423.56	
1423.56	
1431.36	
1404.02	
1425.21	
1435.14	
1442.51	
1407.46	
1352.59	
1359.55	
1370.34	
1392.44	
1333.39	
1345.18	
1358.69	
1350.34	
1360.79	
1351.37	
1362.88	
1380.97	
1391.57	
1390.75	
1391.69	
1418.26	
1430.32	
1417.29	
1425.50	
1390.47	
1400.34	
1398.81	
1388.90	
1396.37	
1418.52	
1443.22	
1453.31	
1449.05	
1451.42	
1441.83	
1447.01	
1455.55	
1436.18	
1452.87	
1454.78	
1480.44	
1430.22	
1448.57	
1475.72	
1479.44	
1460.13	
1443.42	
1478.76	
1487.88	
1505.72	
1511.01	
1495.92	
1511.39	
1523.23	
1502.19	
1515.94	
1519.01	
1514.05	
1542.54	
1560.83	
1538.16	
1563.66	
1560.06	
1565.41	
1555.50	
1567.70	
1548.72	
1550.28	
1548.88	
1535.64	
1547.27	
1527.59	
1547.62	
1537.88	
1546.92	
1549.16	
1562.12	
1562.12	
1562.12	
1528.06	
1482.07	
1466.13	
1490.49	
1433.46	
1457.41	
1462.83	
1451.59	
1457.87	
1457.87	
1390.42	
1407.37	
1402.31	
1405.27	
1402.57	
1417.68	
1423.09	
1415.35	
1394.63	
1417.59	
1403.93	
1409.84	
1416.04	
1433.65	
1433.65	
1438.67	
1419.97	
1410.44	
1422.22	
1415.71	
1404.72	
1410.56	
1417.13	
1405.11	
1388.11	
1347.25	
1361.74	
1365.41	
1346.79	
1337.67	
1349.60	
1340.65	
1325.71	
1327.17	
1314.52	
1315.01	
1327.23	
1338.03	
1355.82	
1350.66	
1329.49	
1336.67	
1336.67	
1293.13	
1278.41	
1301.64	
1310.71	
1318.11	
1342.69	
1346.55	
1323.76	
1348.96	
1359.00	
1364.71	
1349.34	
1349.00	
1357.82	
1356.95	
1326.58	
1324.68	
1322.54	
1304.60	
1321.49	
1324.11	
1335.29	
1308.61	
1327.67	
1332.16	
1345.17	
1325.08	
1338.94	
1362.57	
1344.09	
1334.07	
1334.15	
1332.69	
1331.61	
1358.95	
1363.66	
1363.66	
1379.63	
1372.72	
1369.34	
1365.75	
1351.86	
1339.68	
1332.88	
1345.60	
1313.61	
1307.97	
1302.79	
1311.36	
1295.36	
1291.13	
1261.81	
1249.65	
1270.40	
1255.11	
1289.35	
1282.02	
1271.32	
1285.16	
1295.74	
1275.14	
1278.65	
1281.02	
1288.55	
1280.78	
1264.62	
1262.78	
1258.70	
1260.13	
1271.46	
1276.48	
1257.14	
1255.85	
1245.52	
1245.09	
1254.51	
1260.97	
1266.59	
1282.18	
1296.55	
1315.55	
1298.47	
1301.48	
1320.97	
1363.13	
1365.39	
1380.22	
1355.57	
1380.57	
1374.23	
1368.64	
1372.79	
1383.94	
1341.49	
1335.72	
1346.93	
1317.69	
1315.99	
1336.13	
1336.68	
1351.26	
1335.51	
1356.37	
1321.23	
1307.83	
1305.22	
1314.90	
1328.64	
1323.36	
1322.93	
1320.29	
1326.31	
1328.54	
1332.60	
1319.41	
1319.16	
1333.32	
1335.14	
1331.30	
1326.63	
1334.49	
1333.92	
1333.92	
1333.92	
1300.28	
1313.28	
1321.26	
1321.26	
1305.27	
1304.95	
1319.02	
1305.88	
1323.07	
1328.72	
1329.03	
1319.60	
1302.65	
1339.80	
1359.54	
1381.13	
1390.60	
1400.44	
1401.97	
1367.86	
1390.73	
1381.46	
1369.31	
1405.94	
1422.21	
1414.31	
1399.44	
1396.40	
1411.05	
1403.08	
1396.18	
1387.57	
1387.07	
1400.26	
1418.48	
1420.69	
1430.69	
1411.16	
1404.60	
1399.31	
1365.21	
1366.17	
1338.69	
1332.46	
1346.87	
1349.46	
1356.71	
1363.94	
1354.21	
1376.02	
1389.12	
1375.25	
1392.83	
1374.86	
1366.73	
1359.81	
1363.67	
1368.74	
1396.76	
1403.10	
1392.93	
1375.93	
1373.58	
1386.48	
1452.73	
1411.59	
1417.56	
1412.60	
1439.94	
1453.77	
1433.41	
1433.41	
1433.41	
1479.16	
1487.78	
1503.21	
1507.77	
1534.46	
1528.72	
1555.29	
1514.93	
1512.69	
1515.11	
1522.12	
1505.52	
1531.52	
1535.22	
1541.19	
1518.33	
1473.09	
1560.47	
1543.22	
1543.22	
1630.90	
1615.09	
1618.61	
1564.09	
1538.03	
1554.94	
1555.37	
1517.44	
1500.92	
1498.60	
1493.33	
1530.07	
1519.42	
1492.47	
1492.47	
1490.54	
1493.75	
1476.51	
1442.17	
1447.99	
1440.46	
1439.26	
1450.15	
1411.92	
1412.93	
1421.51	
1429.11	
1431.41	
1430.24	
1442.64	
1467.78	
1457.96	
1437.11	
1434.27	
1426.09	
1413.41	
1424.19	
1403.34	
1431.83	
1406.35	
1414.08	
1422.21	
1418.62	
1429.05	
1427.04	
1435.82	
1450.28	
1449.03	
1450.45	
1443.34	
1456.71	
1479.59	
1476.13	
1496.23	
1495.26	
1492.84	
1514.35	
1548.57	
1534.56	
1550.46	
1538.26	
1487.38	
1478.43	
1486.70	
1436.24	
1417.19	
1417.47	
1415.17	
1417.59	
1412.55	
1403.39	
1413.74	
1428.81	
1429.21	
1398.80	
1396.45	
1399.27	
1387.79	
1397.74	
1397.74	
1385.83	
1397.09	
1398.60	
1400.31	
1392.65	
1383.37	
1393.24	
1385.47	
1375.21	
1366.33	
1360.60	
1352.47	
1368.18	
1372.51	
1374.56	
1354.23	
1348.02	
1347.87	
1377.53	
1346.37	
1369.71	
1374.48	
1368.01	
1353.05	
1354.75	
1365.40	
1380.77	
1396.77	
1384.58	
1404.31	
1400.28	
1389.31	
1377.14	
1378.82	
1380.99	
1369.90	
1359.42	
1361.46	
1391.10	
1393.13	
1404.34	
1422.89	
1411.55	
1406.85	
1381.82	
1382.98	
1386.96	
1358.86	
1368.47	
1369.67	
1364.93	
1372.58	
1346.87	
1361.03	
1360.71	
1369.42	
1390.89	
1390.38	
1379.11	
1367.05	
1371.14	
1355.37	
1358.00	
1373.30	
1388.13	
1387.05	
1377.08	
1372.13	
1365.70	
1359.57	
1355.96	
1371.30	
1393.42	
1401.04	
1386.67	
1383.70	
1404.39	
1395.24	
1408.26	
1416.79	
1401.43	
1394.44	
1398.97	
1408.12	
1389.67	
1386.39	
1386.39	
1386.39	
1399.53	
1397.99	
1404.66	
1404.66	
1391.03	
1393.31	
1387.89	
1391.76	
1402.36	
1415.58	
1417.41	
1426.41	
1445.54	
1438.39	
1436.34	
1436.78	
1426.12	
1428.81	
1394.50	
1400.42	
1412.47	
1431.16	
1445.95	
1436.86	
1422.37	
1425.01	
1389.97	
1392.15	
1399.15	
1402.85	
1391.80	
1402.87	
1383.76	
1387.29	
1394.25	
1398.86	
1401.32	
1405.87	
1404.81	
1408.08	
1403.59	
1418.86	
1435.04	
1422.63	
1415.52	
1433.98	
1416.76	
1419.59	
1419.33	
1441.60	
1427.10	
1427.17	
1435.62	
1438.88	
1441.26	
1450.09	
1466.46	
1481.93	
1462.98	
1462.57	
1469.93	
1470.39	
1459.08	
1449.19	
1461.37	
1461.37	
1461.37	
1433.98	
1420.73	
1416.45	
1423.38	
1428.71	
1422.22	
1419.58	
1421.30	
1425.96	
1423.72	
1429.68	
1438.50	
1433.79	
1445.61	
1426.10	
1431.49	
1449.70	
1444.91	
1432.65	
1438.84	
1427.52	
1423.04	
1435.43	
1443.62	
1443.62	
1445.79	
1433.51	
1428.66	
1445.07	
1428.50	
1416.34	
1436.74	
1424.48	
1433.21	
1420.09	
1405.50	
1405.50	
1398.19	
1393.52	
1393.52	
1396.81	
1394.61	
1410.21	
1398.14	
1399.19	
1395.68	
1396.71	
1432.42	
1437.27	
1440.33	
1445.52	
1441.40	
1444.57	
1450.56	
1451.70	
1418.92	
1426.22	
1411.50	
1391.25	
1405.50	
1394.88	
1361.51	
1334.88	
1337.55	
1403.00	
1403.52	
1393.29	
1407.63	
1402.51	
1372.61	
1332.30	
1333.72	
1341.34	
1349.98	
1328.99	
1322.77	
1335.66	
1327.26	
1335.86	
1333.05	
1334.00	
1340.19	
1343.11	
1330.25	
1330.39	
1316.95	
1320.96	
1311.91	
1316.15	
1303.31	
1295.05	
1303.44	
1297.10	
1300.36	
1317.78	
1312.30	
1308.05	
1313.91	
1305.44	
1291.44	
1295.10	
1303.65	
1320.18	
1304.54	
1304.54	
1295.47	
1298.20	
1299.58	
1303.18	
1306.80	
1318.95	
1357.80	
1358.56	
1365.10	
1353.17	
1349.98	
1350.39	
1343.40	
1352.93	
1352.15	
1350.91	
1370.74	
1389.30	
1376.00	
1369.84	
1346.12	
1343.07	
1343.16	
1348.26	
1352.51	
1347.88	
1334.82	
1314.88	
1327.82	
1328.20	
1324.35	
1315.27	
1312.75	
1315.95	
1315.79	
1321.06	
1318.68	
1317.01	
1319.13	
1331.08	
1332.35	
1326.28	
1328.12	
1317.62	
1311.32	
1306.51	
1295.47	
1293.39	
1295.17	
1298.58	
1308.17	
1308.20	
1295.05	
1296.95	
1294.10	
1299.78	
1298.21	
1299.34	
1302.27	
1295.65	
1295.03	
1298.53	
1310.11	
1320.79	
1305.06	
1304.43	
1312.79	
1316.11	
1323.84	
1329.43	
1326.91	
1322.09	
1342.90	
1340.04	
1338.11	
1325.52	
1321.08	
1327.41	
1329.72	
1335.81	
1334.90	
1335.62	
1333.33	
1341.29	
1331.69	
1332.13	
1324.78	
1324.78	
1324.78	
1332.66	
1333.85	
1347.96	
1347.96	
1355.24	
1349.64	
1357.27	
1352.95	
1355.80	
1349.70	
1361.74	
1357.10	
1369.33	
1357.51	
1350.76	
1334.96	
1326.58	
1337.61	
1344.77	
1332.24	
1356.86	
1358.15	
1344.05	
1340.70	
1337.18	
1341.12	
1340.82	
1338.28	
1338.88	
1346.71	
1354.19	
1366.98	
1366.58	
1361.47	
1360.85	
1360.33	
1376.18	
1402.93	
1413.84	
1429.91	
1422.96	
1397.55	
1410.66	
1420.65	
1412.27	
1400.56	
1408.68	
1426.50	
1416.59	
1430.20	
1417.29	
1434.37	
1432.70	
1450.64	
1460.02	
1451.74	
1449.49	
1456.64	
1466.40	
1477.84	
1497.00	
1519.64	
1488.88	
1516.06	
1524.45	
1521.12	
1523.95	
1487.83	
1472.35	
1446.95	
1470.71	
1472.43	
1474.63	
1484.51	
1493.94	
1485.20	
1492.92	
1495.01	
1508.67	
1508.67	
1508.67	
1495.11	
1460.68	
1436.03	
1442.42	
1467.79	
1481.16	
1504.79	
1478.67	
1472.89	
1472.89	
1496.01	
1476.90	
1498.95	
1520.06	
1524.16	
1518.86	
1532.76	
1519.43	
1548.42	
1553.49	
1526.48	
1540.40	
1525.83	
1537.11	
1537.11	
1499.39	
1501.02	
1509.74	
1501.23	
1507.65	
1526.35	
1542.42	
1537.12	
1562.09	
1569.34	
1580.92	
1584.34	
1580.92	
1595.83	
1591.20	
1595.76	
1593.48	
1580.61	
1560.25	
1529.92	
1554.71	
1571.23	
1602.82	
1599.72	
1582.99	
1599.78	
1630.24	
1678.79	
1679.23	
1705.65	
1686.42	
1685.95	
1672.20	
1698.73	
1694.73	
1673.31	
1639.34	
1657.91	
1634.24	
1641.25	
1635.10	
1698.14	
1712.00	
1689.41	
1699.20	
1719.72	
1750.95	
1748.37	
1765.53	
1775.66	
1786.27	
1767.69	
1746.76	
1744.23	
1769.71	
1784.30	
1778.29	
1745.11	
1746.61	
1769.99	
1798.91	
1739.08	
1750.95	
1722.67	
1661.17	
1709.94	
1722.91	
1732.44	
1717.62	
1717.62	
1717.90	
1721.77	
1710.23	
1729.26	
1751.30	
1774.83	
1791.33	
1807.85	
1790.79	
1810.52	
1797.72	
1797.71	
1847.37	
1855.40	
1871.30	
1849.71	
1855.77	
1882.31	
1881.48	
1883.37	
1863.82	
1842.50	
1841.76	
1835.54	
1883.03	
1887.41	
1919.15	
1917.62	
1957.26	
1988.33	
1976.40	
2004.04	
2024.36	
2023.15	
2042.65	
1841.19	
1943.34	
1929.67	
2041.75	
1987.28	
2023.33	
2029.51	
1971.69	
2025.93	
2078.10	
2130.73	
2131.95	
2222.95	
2375.85	
2406.20	
2513.79	
2615.13	
2390.20	
2538.68	
2548.43	
2492.36	
2607.06	
2609.32	
2566.21	
2665.31	
2731.42	
2837.89	
2801.21	
2769.30	
2780.08	
2729.25	
2708.94	
2669.10	
2431.12	
2588.57	
2679.48	
2645.17	
2622.19	
2793.76	
2892.49	
2848.12	
2809.37	
2858.79	
2953.55	
3076.74	
3069.75	
3059.76	
3064.79	
3064.79	
3064.79	
3177.66	
3156.58	
3189.69	
3189.69	
3109.47	
2887.74	
2964.71	
2887.44	
2823.44	
2918.95	
2854.42	
2664.50	
2469.29	
2652.17	
2692.80	
2595.72	
2558.79	
2477.37	
2491.04	
2514.47	
2441.71	
2336.25	
2292.94	
2384.19	
2158.56	
2199.22	
2222.63	
2332.67	
2391.87	
2281.08	
2304.51	
2381.90	
2435.52	
2422.95	
2497.65	
2519.74	
2480.79	
2420.31	
2295.56	
2245.96	
2184.28	
2202.10	
2226.80	
2141.50	
2133.52	
2170.94	
2220.57	
2227.68	
2245.88	
2319.50	
2328.92	
2289.05	
2400.78	
2420.02	
2412.61	
2320.91	
2329.70	
2334.60	
2348.19	
2301.39	
2338.10	
2373.30	
2453.70	
2469.17	
2418.56	
2420.43	
2451.57	
2561.07	
2561.07	
2561.07	
2491.00	
2429.42	
2422.37	
2446.30	
2363.85	
2323.00	
2266.26	
2265.60	
2308.97	
2301.24	
2270.31	
2191.73	
2135.81	
2147.98	
2148.75	
2117.81	
2151.98	
2161.30	
2144.51	
2144.51	
2217.73	
2216.89	
2242.27	
2202.15	
2317.42	
2493.65	
2527.64	
2606.01	
2746.68	
2781.55	
2780.53	
2582.33	
2413.10	
2496.94	
2502.32	
2368.92	
2361.35	
2374.39	
2350.62	
2350.62	
2424.98	
2494.32	
2601.00	
2759.81	
2771.34	
2718.90	
2695.18	
2790.56	
2829.98	
2599.41	
2459.73	
2503.78	
2543.98	
2375.85	
2399.26	
2475.59	
2560.79	
2514.27	
2413.27	
2425.07	
2357.61	
2318.28	
2354.48	
2292.10	
2351.99	
2342.17	
2256.22	
2322.92	
2296.00	
2200.57	
2155.83	
2178.85	
2203.11	
2168.37	
2085.20	
2183.56	
2262.95	
2241.86	
2221.75	
2172.80	
2183.00	
2126.43	
2110.67	
2141.55	
2081.90	
2086.20	
2092.18	
2159.73	
2129.79	
2117.86	
2100.09	
2093.46	
2129.43	
2177.62	
2144.05	
2147.89	
2139.54	
2205.50	
2239.83	
2262.44	
2279.92	
2314.65	
2374.20	
2363.46	
2363.46	
2354.87	
2354.23	
2364.65	
2344.27	
2317.41	
2361.90	
2353.62	
2342.87	
2391.07	
2396.45	
2455.56	
2464.76	
2446.92	
2479.74	
2449.77	
2488.54	
2425.29	
2449.56	
2492.21	
2498.83	
2484.18	
2480.84	
2518.70	
2573.70	
2614.76	
2605.29	
2599.97	
2651.17	
2687.03	
2751.99	
2769.52	
2797.99	
2788.66	
2955.31	
2918.28	
2909.24	
3057.24	
3131.97	
3170.74	
3211.46	
3282.55	
3193.52	
3178.94	
3254.92	
3302.67	
3262.76	
3366.53	
3364.47	
3303.25	
3188.80	
3274.54	
3334.81	
3304.64	
3178.03	
3160.35	
3076.42	
3028.24	
3151.19	
3201.58	
3206.56	
3221.50	
3431.53	
3464.51	
3517.43	
3489.38	
3446.58	
3368.83	
3537.38	
3652.66	
3538.97	
3572.43	
3611.00	
3709.40	
3668.42	
3550.45	
3382.71	
3454.12	
3451.29	
3354.88	
3261.36	
3408.48	
3470.40	
3393.81	
3483.83	
3483.83	
3483.83	
3457.24	
3430.53	
3393.68	
3393.68	
3521.12	
3523.72	
3487.22	
3395.35	
3310.97	
3288.98	
3295.74	
3323.63	
3327.71	
3429.36	
3452.02	
3336.25	
3407.44	
3422.05	
3456.55	
3499.19	
3366.67	
3302.17	
3371.12	
3318.79	
3332.95	
3279.16	
3208.71	
3139.05	
3089.07	
2969.22	
3097.33	
3084.41	
3056.34	
2882.40	
2913.42	
2897.90	
2950.49	
2933.06	
2987.37	
3037.99	
3222.76	
3164.48	
3321.93	
3232.61	
3132.25	
3267.93	
3367.09	
3384.95	
3317.23	
3414.86	
3401.30	
3285.67	
3366.67	
3249.47	
3214.94	
3286.63	
3193.76	
3217.09	
3177.25	
3191.59	
3296.00	
3280.23	
3280.23	
3280.23	
3237.70	
3170.53	
3156.00	
3110.14	
3045.76	
3036.72	
3069.35	
3079.18	
3073.32	
3183.66	
3215.22	
3179.73	
3182.72	
3201.76	
3185.61	
3099.27	
3137.06	
3032.22	
3071.56	
3155.95	
3066.05	
3068.00	
3106.37	
3055.40	
3055.40	
2941.20	
2916.64	
2963.80	
2921.13	
2798.92	
2822.85	
2832.37	
2809.70	
2821.15	
2701.90	
2660.09	
2648.55	
2701.28	
2659.21	
2622.05	
2535.43	
2525.28	
2551.70	
2537.63	
2537.63	
2644.77	
2598.55	
2568.71	
2504.21	
2446.58	
2457.84	
2479.78	
2523.09	
2573.52	
2503.34	
2543.85	
2552.77	
2541.97	
2624.67	
2702.23	
2652.74	
2538.08	
2515.86	
2540.11	
2519.89	
2499.32	
2538.61	
2528.25	
2496.21	
2426.98	
2442.37	
2421.15	
2390.83	
2409.13	
2465.39	
2414.47	
2478.89	
2487.97	
2474.42	
2437.89	
2525.95	
2531.28	
2523.48	
2507.69	
2553.20	
2584.10	
2592.15	
2607.86	
2571.96	
2576.41	
2586.81	
2641.64	
2638.66	
2621.14	
2566.37	
2590.22	
2588.01	
2625.98	
2630.34	
2734.78	
2756.68	
2776.67	
2829.46	
2812.73	
2872.87	
2851.31	
2947.83	
3010.08	
3116.49	
3116.49	
3009.60	
2953.74	
2903.11	
3011.05	
2954.15	
2946.81	
2889.98	
2882.52	
2894.14	
2811.26	
2919.96	
2913.43	
2958.37	
2900.07	
2930.40	
2969.82	
2887.15	
2866.35	
2884.74	
2815.68	
2752.53	
2775.22	
2808.37	
2827.06	
2894.60	
2885.08	
2860.02	
2881.09	
2921.36	
2950.36	
2954.75	
2872.00	
2945.35	
2954.39	
2901.15	
2906.26	
2884.71	
2923.40	
2913.31	
2803.21	
2721.41	
2745.81	
2718.67	
2725.77	
2678.71	
2722.84	
2738.44	
2683.82	
2574.87	
2587.22	
2629.20	
2676.42	
2731.95	
2657.98	
2646.55	
2691.71	
2603.97	
2635.26	
2529.23	
2466.34	
2490.73	
2466.44	
2482.80	
2483.59	
2493.68	
2512.50	
2522.09	
2483.73	
2504.03	
2451.57	
2384.02	
2404.19	
2405.02	
2396.10	
2374.71	
2360.35	
2433.97	
2413.07	
2425.20	
2429.35	
2383.14	
2393.28	
2387.30	
2452.57	
2452.57	
2452.57	
2458.57	
2416.22	
2440.52	
2440.52	
2440.52	
2401.07	
2401.07	
2464.91	
2464.91	
2542.80	
2542.80	
2507.78	
2507.78	
2532.33	
2532.33	
2560.39	
2560.39	
2500.40	
2500.40	
2489.64	
2489.64	
2426.40	
2426.40	
2384.74	
2384.74	
2363.94	
2363.94	
2394.15	
2394.15	
2372.09	
2372.09	
2286.03	
2286.03	
2245.29	
2245.29	
2209.81	
2209.81	
2185.26	
2185.26	
2247.72	
2247.72	
2252.84	
2252.84	
2242.47	
2242.47	
2189.58	
2189.58	
2191.56	
2191.56	
2232.68	
2232.68	
2294.41	
2294.41	
2252.65	
2252.65	
2258.37	
2258.37	
2243.34	
2243.34	
2293.48	
2293.48	
2301.63	
2301.63	
2297.23	
2297.23	
2250.72	
2250.72	
2357.29	
2357.29	
2392.91	
2392.91	
2433.04	
2433.04	
2437.13	
2437.13	
2478.47	
2478.47	
2517.62	
2517.62	
2474.88	
2474.88	
2445.58	
2445.58	
2441.31	
2441.31	
2440.71	
2440.71	
2461.48	
2461.48	
2500.75	
2500.75	
2552.44	
2552.44	
2556.84	
2556.84	
2631.75	
2631.75	
2597.00	
2597.00	
2602.54	
2602.54	
2655.96	
2655.96	
2598.54	
2598.54	
2591.21	
2591.21	
2596.12	
2596.12	
2713.38	
2713.38	
2711.29	
2711.29	
2661.41	
2661.41	
2662.98	
2662.98	
2674.77	
2674.77	
2677.71	
2677.71	
2649.03	
2649.03	
2570.29	
2570.29	
2569.08	
2569.08	
2573.77	
2573.77	
2647.09	
2647.09	
2723.32	
2723.32	
2774.33	
2774.33	
2732.92	
2732.92	
2701.09	
2701.09	
2696.98	
2696.98	
2705.99	
2705.99	
2667.47	
2667.47	
2647.06	
2647.06	
2674.80	
2674.80	
2848.87	
2848.87	
2848.87	
2848.87	
2848.87	
2848.87	
2689.57	
2689.57	
2684.68	
2684.68	
2653.41	
2653.41	
2585.73	
2585.73	
2584.03	
2584.03	
2589.05	
2589.05	
2709.24	
2709.24	
2712.44	
2712.44	
2660.13	
2660.13	
2588.77	
2588.77	
2883.18	
2883.18	
2789.84	
2789.84	
2830.07	
2830.07	
2709.95	
2709.95	
2709.95	
2709.95	
2775.54	
2775.54	
2899.61	
2899.61	
2929.68	
2929.68	
2845.94	
2845.94	
2763.54	
2763.54	
2657.16	
2657.16	
2648.62	
2648.62	
2686.20	
2686.20	
2659.16	
2659.16	
2636.27	
2636.27	
2718.24	
2718.24	
2687.58	
2687.58	
2709.91	
2709.91	
2687.10	
2687.10	
2687.10	
2687.10	
2679.79	
2679.79	
2644.59	
2644.59	
2647.98	
2647.98	
2626.14	
2626.14	
2687.50	
2687.50	
2633.77	
2633.77	
2618.02	
2618.02	
2607.81	
2607.81	
2612.66	
2612.66	
2574.52	
2574.52	
2569.83	
2569.83	
2552.60	
2552.60	
2553.13	
2553.13	
2592.17	
2592.17	
2609.66	
2609.66	
2583.33	
2583.33	
2519.63	
2519.63	
2529.58	
2529.58	
2568.31	
2568.31	
2528.26	
2528.26	
2512.14	
2512.14	
2517.91	
2517.91	
2565.76	
2565.76	
2676.06	
2676.06	
2641.72	
2641.72	
2661.24	
2661.24	
2640.01	
2640.01	
2686.77	
2686.77	
2740.49	
2740.49	
2800.33	
2800.33	
2772.27	
2772.27	
2854.22	
2854.22	
2862.82	
2862.82	
2854.49	
2854.49	
2772.75	
2772.75	
2766.92	
2766.92	
2741.67	
2741.67	
2710.54	
2710.54	
2709.05	
2709.05	
2721.32	
2721.32	
2715.43	
2715.43	
2785.54	
2785.54	
2805.48	
2805.48	
2875.58	
2875.58	
2847.91	
2847.91	
2862.54	
2862.54	
2854.84	
2854.84	
2909.12	
2909.12	
2877.11	
2877.11	
2795.64	
2795.64	
2934.53	
2934.53	
2942.68	
2942.68	
3085.06	
3085.06	
3022.73	
3022.73	
2981.43	
2981.43	
2949.13	
2949.13	
3006.59	
3006.59	
3034.60	
3034.60	
3029.76	
3029.76	
2980.80	
2980.80	
2965.65	
2965.65	
2930.56	
2930.56	
2939.93	
2939.93	
2968.83	
2968.83	
2968.83	
2968.83	
2986.28	
2986.28	
2947.00	
2947.00	
3001.02	
3001.02	
2948.51	
2948.51	
2949.97	
2949.97	
2935.63	
2935.63	
2897.11	
2897.11	
2998.25	
2998.25	
3088.03	
3088.03	
3218.12	
3218.12	
3214.37	
3214.37	
3348.64	
3348.64	
3299.71	
3299.71	
3312.01	
3312.01	
3386.39	
3386.39	
3036.82	
3036.82	
2995.26	
2995.26	
2924.98	
2924.98	
2911.28	
2911.28	
2717.45	
2717.45	
2771.59	
2771.59	
2796.00	
2796.00	
2897.86	
2897.86	
2861.77	
2861.77	
2788.90	
2788.90	
2838.41	
2838.41	
2821.50	
2821.50	
2881.59	
2881.59	
2875.25	
2875.25	
2872.17	
2872.17	
2880.87	
2880.87	
2847.70	
2847.70	
2810.93	
2810.93	
2706.35	
2706.35	
2642.11	
2642.11	
2626.29	
2626.29	
2592.82	
2592.82	
2639.85	
2639.85	
2711.95	
2711.95	
2703.26	
2703.26	
2702.02	
2702.02	
2742.18	
2742.18	
2688.02	
2688.02	
2753.07	
2753.07	
2650.90	
2650.90	
2627.85	
2627.85	
2651.61	
2651.61	
2591.59	
2591.59	
2597.76	
2597.76	
2599.09	
2599.09	
2608.97	
2608.97	
2616.89	
2616.89	
2581.36	
2581.36	
2599.39	
2599.39	
2568.91	
2568.91	
2616.71	
2616.71	
2595.06	
2595.06	
2624.44	
2624.44	
2622.64	
2622.64	
2619.78	
2619.78	
2616.16	
2616.16	
2580.70	
2580.70	
2583.33	
2583.33	
2567.59	
2567.59	
2563.01	
2563.01	
2524.05	
2524.05	
2453.79	
2453.79	
2468.25	
2468.25	
2487.41	
2487.41	
2500.46	
2500.46	
2487.11	
2487.11	
2478.11	
2478.11	
2529.11	
2529.11	
2536.95	
2536.95	
2487.99	
2487.99	
2472.86	
2472.86	
2529.14	
2529.14	
2490.26	
2490.26	
2466.07	
2466.07	
2494.50	
2494.50	
2493.25	
2493.25	
2488.74	
2488.74	
2510.27	
2510.27	
2502.82	
2502.82	
2486.25	
2486.25	
2486.25	
2486.25	
2486.25	
2486.25	
2530.32	
2530.32	
2554.34	
2554.34	
2564.97	
2564.97	
2564.97	
2657.34	
2619.99	
2557.05	
2590.25	
2571.19	
2538.16	
2506.39	
2499.12	
2460.31	
2423.47	
2373.33	
2400.53	
2421.67	
2377.41	
2345.99	
2320.58	
2298.10	
2333.34	
2330.49	
2347.64	
2410.07	
2408.11	
2385.63	
2374.98	
2366.31	
2380.00	
2394.40	
2413.82	
2436.95	
2454.14	
2427.03	
2426.72	
2444.77	
2474.50	
2513.20	
2389.58	
2500.71	
2494.15	
2473.94	
2506.25	
2517.98	
2535.23	
2502.51	
2450.92	
2445.97	
2440.93	
2428.87	
2435.47	
2393.34	
2413.26	
2406.67	
2393.96	
2395.60	
2405.98	
2373.71	
2376.74	
2429.51	
2418.27	
2397.07	
2406.49	
2419.64	
2441.55	
2441.55	
2441.55	
2465.48	
2468.46	
2446.55	
2439.21	
2433.26	
2435.08	
2451.26	
2458.36	
2447.62	
2421.41	
2432.36	
2457.38	
2505.61	
2512.40	
2521.08	
2485.10	
2480.75	
2487.97	
2469.15	
2487.83	
2499.80	
2491.90	
2543.85	
2487.41	
2487.41	
2424.89	
2437.84	
2469.95	
2471.06	
2499.27	
2336.54	
2232.86	
2219.64	
2193.69	
2244.15	
2241.82	
2235.82	
2228.61	
2231.48	
2231.48	
2217.02	
2190.51	
2167.94	
2156.03	
2160.07	
2208.79	
2243.52	
2236.60	
2201.36	
2196.05	
2242.87	
2231.30	
2197.11	
2200.88	
2203.09	
2193.00	
2208.77	
2244.26	
2232.02	
2217.37	
2226.42	
2262.51	
2240.48	
2261.74	
2265.04	
2262.82	
2279.10	
2259.84	
2267.65	
2266.99	
2247.97	
2227.94	
2214.10	
2205.38	
2197.00	
2206.61	
2216.00	
2217.77	
2224.70	
2222.28	
2222.70	
2199.21	
2189.64	
2227.68	
2237.13	
2223.30	
2242.73	
2243.16	
2246.54	
2239.24	
2230.74	
2245.34	
2249.66	
2245.50	
2244.76	
2252.54	
2220.75	
2218.03	
2202.15	
2187.32	
2186.58	
2213.64	
2229.20	
2222.09	
2222.09	
2257.75	
2292.48	
2263.30	
2281.12	
2289.07	
2290.97	
2277.58	
2292.32	
2324.56	
2343.28	
2339.82	
2323.82	
2321.16	
2320.01	
2297.01	
2281.80	
2296.83	
2316.19	
2358.90	
2350.04	
2299.43	
2337.62	
2358.61	
2344.76	
2337.62	
2315.22	
2327.53	
2369.74	
2352.00	
2335.11	
2340.29	
2379.76	
2366.53	
2344.54	
2331.86	
2334.29	
2356.05	
2361.34	
2384.81	
2347.29	
2358.29	
2369.79	
2370.10	
2353.31	
2361.90	
2384.37	
2401.85	
2401.16	
2378.44	
2392.10	
2386.84	
2384.00	
2385.20	
2375.52	
2360.07	
2374.93	
2389.08	
2382.72	
2401.42	
2375.10	
2356.11	
2359.05	
2357.42	
2367.97	
2378.04	
2397.20	
2415.49	
2371.77	
2316.56	
2384.95	
2336.61	
2316.19	
2246.36	
2222.39	
2206.64	
2184.06	
2194.62	
2188.89	
2169.50	
2162.58	
2169.13	
2164.45	
2174.53	
2174.34	
2157.97	
2166.31	
2166.31	
2166.31	
2168.04	
2175.99	
2168.49	
2168.49	
2142.02	
2124.40	
2128.52	
2116.86	
2106.00	
2111.92	
2109.74	
2101.40	
2091.58	
2120.37	
2149.57	
2149.56	
2162.63	
2150.64	
2150.33	
2176.75	
2155.77	
2179.77	
2181.53	
2189.48	
2170.21	
2184.69	
2174.85	
2165.10	
2171.71	
2177.07	
2187.22	
2172.94	
2173.51	
2206.11	
2222.86	
2217.70	
2206.41	
2218.52	
2196.38	
2209.13	
2203.40	
2232.43	
2241.93	
2254.96	
2279.30	
2276.19	
2277.76	
2244.16	
2264.68	
2263.20	
2234.05	
2214.92	
2224.15	
2231.29	
2224.47	
2268.21	
2214.71	
2208.53	
2231.46	
2228.37	
2222.71	
2208.06	
2222.24	
2221.51	
2217.72	
2216.59	
2221.95	
2216.23	
2241.29	
2244.67	
2248.24	
2249.39	
2243.09	
2211.61	
2244.78	
2209.41	
2193.51	
2200.20	
2191.49	
2206.22	
2206.22	
2206.22	
2189.37	
2201.10	
2203.60	
2207.91	
2209.25	
2194.79	
2205.16	
2205.70	
2202.69	
2202.69	
2196.04	
2273.63	
2213.29	
2216.33	
2215.87	
2223.03	
2208.84	
2213.73	
2226.16	
2218.66	
2224.27	
2229.85	
2227.35	
2234.10	
2234.10	
2232.90	
2220.63	
2228.32	
2223.15	
2214.03	
2239.27	
2234.48	
2239.43	
2276.94	
2260.40	
2252.76	
2261.62	
2253.04	
2268.70	
2271.43	
2274.78	
2288.15	
2287.10	
2310.43	
2298.02	
2303.29	
2339.05	
2416.39	
2369.73	
2444.77	
2435.22	
2428.88	
2437.14	
2505.56	
2483.95	
2517.28	
2517.42	
2527.09	
2487.38	
2512.21	
2506.99	
2558.03	
2562.96	
2570.41	
2560.53	
2549.47	
2577.34	
2568.87	
2546.95	
2542.83	
2546.58	
2532.36	
2511.97	
2525.76	
2488.69	
2495.72	
2510.51	
2517.61	
2522.82	
2516.66	
2514.28	
2505.44	
2484.87	
2481.87	
2482.61	
2552.73	
2557.10	
2538.15	
2567.78	
2536.01	
2539.52	
2503.62	
2499.20	
2491.37	
2491.37	
2496.25	
2495.98	
2474.05	
2497.37	
2473.81	
2463.92	
2446.04	
2400.08	
2390.57	
2421.45	
2413.30	
2396.86	
2417.71	
2407.29	
2427.62	
2401.14	
2365.42	
2382.19	
2389.85	
2365.77	
2333.97	
2331.09	
2291.31	
2298.17	
2232.95	
2264.12	
2269.01	
2285.72	
2261.71	
2251.45	
2251.84	
2257.39	
2250.23	
2239.43	
2229.31	
2256.19	
2254.24	
2241.72	
2230.78	
2231.32	
2254.02	
2253.46	
2277.28	
2268.75	
2243.65	
2226.80	
2240.20	
2201.65	
2147.96	
2105.82	
2130.20	
2147.84	
2150.36	
2146.06	
2131.10	
2136.36	
2140.05	
2136.30	
2135.54	
2131.97	
2141.84	
2144.21	
2158.96	
2192.43	
2195.33	
2182.60	
2168.67	
2172.73	
2182.06	
2207.42	
2211.05	
2196.52	
2180.58	
2181.90	
2192.56	
2192.06	
2203.86	
2191.10	
2203.44	
2235.67	
2253.86	
2238.61	
2240.55	
2240.55	
2240.55	
2272.52	
2270.26	
2302.79	
2302.79	
2345.03	
2375.43	
2355.40	
2350.85	
2373.14	
2318.60	
2196.04	
2217.65	
2212.46	
2211.61	
2250.07	
2211.26	
2215.19	
2223.87	
2227.33	
2218.39	
2247.02	
2248.27	
2264.89	
2226.78	
2211.50	
2222.50	
2217.68	
2223.85	
2220.42	
2245.62	
2235.15	
2221.90	
2217.82	
2211.37	
2208.53	
2215.40	
2212.93	
2223.90	
2263.77	
2213.05	
2201.63	
2184.24	
2142.14	
2155.13	
2124.72	
2132.19	
2138.02	
2144.65	
2132.13	
2137.17	
2141.74	
2135.86	
2155.47	
2181.11	
2163.94	
2155.94	
2160.54	
2183.00	
2173.92	
2178.43	
2177.78	
2164.45	
2174.15	
2150.02	
2139.58	
2145.32	
2148.35	
2145.61	
2141.19	
2112.67	
2080.24	
2020.92	
1990.89	
1990.89	
1990.89	
2035.27	
1983.32	
1949.36	
1893.62	
1880.50	
1845.00	
1853.79	
1866.11	
1877.40	
1896.07	
1891.23	
1867.73	
1848.28	
1866.32	
1866.32	
1828.06	
1827.30	
1748.19	
1745.89	
1733.78	
1780.24	
1804.16	
1851.19	
1761.58	
1764.48	
1794.15	
1788.91	
1830.63	
1825.13	
1809.00	
1837.12	
1832.96	
1799.91	
1789.69	
1789.69	
1779.77	
1797.58	
1876.65	
1905.85	
1817.70	
1820.68	
1844.51	
1840.11	
1828.31	
1849.80	
1841.62	
1857.44	
1872.40	
1851.30	
1873.51	
1871.89	
1865.66	
1856.18	
1877.06	
1868.49	
1869.47	
1888.16	
1920.20	
1911.86	
1923.05	
1931.45	
1907.92	
1928.31	
1927.01	
1902.90	
1895.01	
1905.44	
1893.41	
1886.66	
1895.80	
1896.12	
1907.16	
1896.80	
1898.02	
1913.95	
1900.45	
1919.05	
1914.40	
1927.45	
1929.88	
1921.40	
1916.42	
1916.74	
1934.80	
1923.64	
1885.46	
1899.36	
1880.73	
1885.07	
1917.55	
1910.52	
1932.10	
1909.66	
1928.34	
1909.26	
1938.52	
1919.75	
1946.41	
1924.03	
1924.03	
1963.25	
1985.65	
1981.32	
2028.55	
1992.09	
2030.05	
1988.91	
1973.37	
1954.42	
1937.93	
1905.78	
1929.32	
1916.63	
1763.89	
1774.90	
1719.42	
1774.33	
1748.83	
1753.50	
1756.72	
1754.38	
1696.00	
1642.63	
1690.54	
1676.16	
1657.15	
1690.52	
1665.72	
1676.08	
1670.00	
1680.74	
1668.46	
1666.37	
1676.27	
1643.08	
1613.49	
1623.49	
1624.40	
1607.88	
1620.45	
1607.43	
1594.06	
1621.80	
1613.70	
1594.77	
1613.18	
1625.32	
1609.71	
1646.25	
1640.39	
1642.41	
1657.49	
1644.99	
1650.50	
1636.80	
1619.51	
1606.46	
1617.59	
1615.93	
1649.32	
1649.72	
1620.28	
1630.19	
1631.60	
1646.62	
1622.81	
1633.60	
1666.40	
1664.37	
1658.93	
1676.89	
1683.22	
1679.31	
1692.86	
1737.92	
1730.72	
1722.25	
1720.12	
1721.31	
1734.91	
1776.52	
1781.56	
1777.61	
1775.24	
1775.24	
1775.24	
1795.03	
1811.64	
1815.08	
1815.08	
1719.24	
1745.38	
1744.10	
1732.21	
1729.95	
1763.88	
1764.52	
1749.80	
1813.09	
1833.72	
1829.10	
1882.80	
1862.04	
1845.63	
1843.21	
1865.12	
1834.70	
1868.12	
1858.18	
1843.00	
1861.73	
1904.60	
1901.78	
1887.50	
1864.39	
1873.48	
1853.70	
1858.09	
1827.98	
1826.50	
1805.97	
1870.56	
1899.43	
1882.23	
1863.94	
1888.65	
1856.80	
1869.55	
1890.43	
1862.87	
1848.29	
1853.30	
1869.69	
1891.32	
1900.42	
1891.82	
1891.27	
1887.89	
1902.95	
1922.78	
1924.03	
1932.70	
1960.26	
1944.71	
1942.96	
1942.45	
1955.48	
1926.98	
1928.38	
1949.25	
1941.75	
1925.52	
1891.51	
1878.76	
1867.30	
1893.17	
1880.69	
1853.10	
1880.72	
1868.46	
1880.41	
1872.68	
1869.60	
1864.05	
1860.01	
1865.57	
1878.15	
1859.43	
1892.61	
1903.01	
1904.05	
1891.74	
1917.38	
1939.98	
1942.80	
1947.77	
1947.75	
1952.85	
2004.49	
2042.30	
2081.39	
2104.18	
2122.43	
2178.87	
2204.82	
2218.11	
2191.82	
2272.07	
2207.10	
2230.59	
2325.59	
2295.54	
2227.99	
2212.38	
2213.26	
2238.80	
2256.28	
2197.18	
2229.62	
2238.74	
2237.97	
2335.70	
2401.05	
2388.17	
2414.25	
2411.75	
2380.85	
2400.58	
2445.71	
2430.86	
2408.63	
2405.13	
2496.51	
2432.29	
2437.54	
2365.21	
2339.74	
2355.94	
2390.53	
2455.41	
2480.71	
2470.38	
2386.94	
2421.77	
2453.29	
2436.87	
2427.97	
2452.02	
2478.30	
2462.93	
2458.98	
2564.01	
2499.05	
2518.17	
2519.13	
2509.65	
2405.73	
2401.31	
2453.01	
2424.18	
2402.88	
2431.16	
2377.29	
2405.63	
2400.11	
2411.80	
2385.46	
2396.58	
2416.42	
2397.38	
2401.34	
2390.45	
2406.33	
2397.88	
2380.77	
2378.62	
2403.21	
2414.83	
2385.36	
2368.43	
2468.03	
2502.59	
2497.49	
2488.50	
2493.82	
2493.99	
2464.16	
2472.76	
2502.30	
2485.20	
2504.27	
2498.97	
2481.21	
2495.97	
2505.59	
2523.56	
2519.07	
2520.44	
2545.42	
2556.54	
2551.27	
2568.13	
2549.09	
2481.77	
2450.41	
2490.16	
2519.42	
2547.66	
2538.61	
2511.59	
2467.76	
2497.39	
2502.44	
2485.32	
2500.37	
2480.15	
2515.13	
2594.20	
2575.41	
2549.46	
2593.68	
2653.89	
2664.98	
2645.05	
2697.07	
2689.24	
2721.77	
2765.03	
2717.92	
2726.91	
2727.89	
2721.04	
2649.07	
2725.66	
2740.48	
2792.24	
2878.38	
2915.56	
2893.14	
2874.73	
2858.45	
2769.06	
2853.27	
2856.27	
2884.03	
2881.40	
2978.81	
2935.76	
2922.11	
2974.18	
2929.75	
2902.32	
2918.95	
3022.77	
2982.77	
2956.38	
2956.17	
3016.16	
3088.78	
3034.46	
2993.28	
2962.27	
3000.17	
2990.58	
2990.58	
2990.00	
2991.74	
3042.63	
3044.86	
3044.86	
3007.92	
2940.58	
2927.93	
2948.88	
2983.95	
3022.73	
3021.77	
3033.64	
3055.16	
2999.23	
2941.31	
3033.06	
3058.61	
3058.42	
3058.38	
3026.36	
3042.15	
3019.68	
3013.16	
2971.36	
2987.28	
2939.69	
2909.12	
2900.54	
2812.34	
2846.81	
2817.36	
2864.79	
2883.95	
2912.63	
2869.82	
2897.52	
2908.93	
2878.16	
2884.91	
2895.76	
2888.55	
2861.59	
2856.87	
2866.22	
2865.13	
2853.69	
2858.18	
2975.89	
2906.76	
2892.46	
2885.17	
2927.57	
2877.88	
2936.50	
2941.25	
2932.34	
2880.51	
2883.17	
2883.89	
2935.91	
2955.65	
2974.03	
2944.71	
2967.94	
2970.82	
2939.00	
2945.21	
3012.82	
2978.81	
2960.53	
2941.11	
2950.84	
2961.19	
2966.19	
2959.67	
2937.00	
2945.10	
2943.27	
2966.22	
2932.63	
2910.19	
2850.82	
2882.02	
2845.89	
2776.87	
2782.93	
2804.33	
2825.50	
2801.00	
2746.39	
2753.46	
2769.17	
2710.58	
2721.75	
2740.11	
2721.78	
2735.17	
2739.21	
2719.23	
2764.81	
2775.54	
2726.73	
2739.84	
2734.17	
2734.39	
2850.52	
2908.27	
2849.00	
2833.22	
2862.33	
2820.46	
2894.64	
2876.32	
2921.18	
2892.63	
2876.25	
2904.97	
2909.64	
2934.49	
2909.71	
2917.20	
2948.50	
3043.94	
3037.34	
3126.49	
3109.55	
3091.34	
3174.22	
3076.08	
3089.90	
3043.11	
3034.16	
3085.63	
3096.00	
3091.00	
3092.41	
3103.84	
3109.45	
3087.28	
3130.39	
3195.20	
3251.67	
3231.49	
3181.01	
3150.59	
3104.51	
3057.40	
2944.33	
2933.47	
2936.32	
2951.33	
3012.39	
2983.63	
3000.51	
3025.34	
2977.53	
3106.67	
3073.46	
3039.15	
2987.40	
3011.20	
2973.34	
2998.93	
3000.56	
2974.07	
3065.37	
3122.82	
3113.81	
3100.99	
3073.00	
3067.13	
3062.96	
3059.96	
3075.42	
2993.33	
3008.98	
2941.65	
2932.83	
2948.84	
2893.51	
2983.45	
2961.92	
2925.96	
2919.35	
2961.38	
2870.56	
2839.70	
2824.28	
2904.86	
2845.47	
2914.07	
2945.14	
2930.23	
2938.12	
2945.81	
2944.87	
2893.65	
2946.97	
2929.96	
2866.77	
2860.98	
2885.09	
2848.51	
2822.24	
2823.70	
2758.62	
2823.23	
2854.63	
2767.40	
2762.28	
2710.12	
2738.61	
2820.05	
2763.49	
2814.10	
2788.87	
2849.75	
2777.32	
2763.50	
2833.43	
2878.17	
2966.32	
2925.37	
3004.43	
3015.57	
2964.25	
2961.06	
3014.08	
3003.46	
3041.07	
2975.42	
2939.06	
2988.05	
3003.50	
2995.10	
3018.62	
2953.54	
2949.57	
2957.83	
2993.92	
2987.52	
2918.28	
2953.31	
2981.27	
2937.95	
2969.62	
2958.65	
2966.97	
3003.43	
2981.99	
2970.78	
3016.60	
2962.27	
2913.86	
2888.05	
2853.33	
2855.37	
2859.82	
2859.82	
2884.87	
2865.95	
2841.28	
2834.71	
2834.71	
2827.63	
2747.52	
2787.84	
2742.07	
2740.05	
2708.33	
2638.27	
2624.54	
2564.51	
2583.65	
2536.98	
2598.59	
2619.11	
2568.36	
2523.82	
2574.80	
2555.23	
2546.12	
2487.58	
2505.33	
2552.00	
2565.84	
2569.41	
2577.33	
2557.98	
2570.83	
2589.52	
2567.99	
2573.84	
2557.80	
2503.66	
2504.68	
2517.38	
2501.22	
2499.28	
2507.01	
2517.89	
2547.34	
2545.14	
2534.52	
2529.84	
2516.75	
2548.66	
2572.85	
2596.29	
2587.99	
2568.50	
2558.85	
2604.08	
2601.03	
2605.32	
2595.32	
2597.20	
2596.01	
2609.46	
2544.32	
2542.17	
2563.49	
2559.32	
2530.99	
2522.01	
2534.83	
2536.49	
2557.34	
2555.50	
2493.72	
2479.33	
2489.00	
2491.12	
2494.21	
2486.82	
2495.99	
2556.52	
2587.30	
2591.13	
2556.29	
2584.19	
2616.87	
2610.53	
2683.87	
2698.74	
2673.84	
2720.00	
2708.41	
2690.97	
2690.76	
2681.58	
2706.34	
2739.27	
2746.56	
2762.75	
2839.93	
2840.81	
2779.76	
2762.16	
2797.68	
2732.76	
2740.14	
2670.59	
2472.69	
2521.16	
2548.84	
2574.82	
2535.66	
2535.66	
2567.36	
2561.39	
2563.49	
2566.70	
2522.23	
2428.77	
2245.14	
2334.54	
2432.68	
2418.93	
2526.63	
2282.01	
2335.82	
2330.29	
2155.17	
2084.05	
2054.77	
2115.57	
2051.42	
1988.01	
