
      42.509999999999998
      41.380000000000003
      40.329999999999998
      41.520000000000003
                   43.25
                   44.82
      43.490000000000002
      41.609999999999999
      41.329999999999998
                   42.32
      43.490000000000002
      42.409999999999997
      42.409999999999997
      41.850000000000001
      41.140000000000001
      41.380000000000003
      39.210000000000001
      39.119999999999997
      38.460000000000001
      38.700000000000003
      37.539999999999999
      37.659999999999997
      39.310000000000002
      40.009999999999998
                   38.93
      37.899999999999999
      40.719999999999999
      41.189999999999998
      41.850000000000001
      40.439999999999998
      41.100000000000001
      38.789999999999999
      40.060000000000002
      41.280000000000001
      41.359999999999999
      40.810000000000002
      41.280000000000001
      41.100000000000001
      40.159999999999997
                   40.25
      40.299999999999997
                   41.18
      40.159999999999997
      40.299999999999997
      39.399999999999999
      39.509999999999998
      38.340000000000003
      38.210000000000001
      39.210000000000001
      38.229999999999997
      38.850000000000001
      39.130000000000003
      39.520000000000003
      42.409999999999997
      43.159999999999997
      42.899999999999999
      42.549999999999997
      42.270000000000003
      41.380000000000003
      41.380000000000003
      41.950000000000003
      43.119999999999997
      44.119999999999997
      44.009999999999998
      43.990000000000002
      44.149999999999999
      44.670000000000002
      42.789999999999999
      41.659999999999997
      41.289999999999999
      42.409999999999997
                   41.75
      42.100000000000001
      41.890000000000001
                   41.68
      41.049999999999997
      40.859999999999999
      40.200000000000003
      40.009999999999998
      40.009999999999998
      40.009999999999998
      41.259999999999998
      41.939999999999998
      41.530000000000001
      43.100000000000001
      43.100000000000001
                   41.75
      41.450000000000003
      42.079999999999998
      41.659999999999997
      41.310000000000002
      41.939999999999998
      40.909999999999997
      40.950000000000003
                   40.75
      40.200000000000003
      40.810000000000002
      40.299999999999997
      40.140000000000001
      40.009999999999998
      39.969999999999999
      40.469999999999999
      40.619999999999997
                   39.68
      39.119999999999997
      39.659999999999997
      39.759999999999998
                   38.93
      39.310000000000002
      39.539999999999999
      39.780000000000001
      39.060000000000002
      39.490000000000002
      38.969999999999999
      39.869999999999997
      39.899999999999999
      39.729999999999997
                   39.43
      38.369999999999997
                   37.68
      37.509999999999998
                   37.43
                   36.82
      36.390000000000001
                   36.25
      36.450000000000003
                   36.57
      37.509999999999998
      37.060000000000002
      38.439999999999998
      38.899999999999999
      39.520000000000003
                    39.5
      38.880000000000003
      39.329999999999998
      39.530000000000001
      39.329999999999998
                   40.82
      40.810000000000002
      39.969999999999999
      40.579999999999998
      40.299999999999997
      40.409999999999997
      41.100000000000001
      40.630000000000003
      41.240000000000002
      42.219999999999999
                   42.18
      41.259999999999998
      42.549999999999997
                   42.43
      42.409999999999997
      42.460000000000001
      42.600000000000001
      42.289999999999999
      42.789999999999999
      42.090000000000003
                   41.75
      42.009999999999998
                   43.07
      43.229999999999997
      43.960000000000001
      43.979999999999997
      43.299999999999997
      43.840000000000003
      44.100000000000001
      44.380000000000003
                   44.57
      44.479999999999997
      45.780000000000001
      45.420000000000002
      44.979999999999997
      44.950000000000003
      44.670000000000002
      43.869999999999997
      43.859999999999999
      44.119999999999997
      44.100000000000001
      43.159999999999997
      41.850000000000001
      41.710000000000001
                   41.68
      41.890000000000001
      41.850000000000001
      41.399999999999999
      40.670000000000002
      40.960000000000001
      39.549999999999997
      38.840000000000003
                      41
      40.530000000000001
      39.859999999999999
      39.770000000000003
      39.840000000000003
      39.640000000000001
                   40.68
                   40.68
                    41.5
      42.509999999999998
      43.170000000000002
      42.369999999999997
      42.450000000000003
      42.409999999999997
      41.140000000000001
      42.130000000000003
      42.170000000000002
      42.649999999999999
                   43.18
      45.310000000000002
      44.210000000000001
      44.009999999999998
      44.200000000000003
      44.670000000000002
      45.420000000000002
      46.149999999999999
      46.530000000000001
      48.100000000000001
      48.420000000000002
      47.530000000000001
                   48.43
                   48.82
      48.850000000000001
      48.560000000000002
      47.909999999999997
      46.950000000000003
      46.740000000000002
      48.240000000000002
      48.200000000000003
      46.670000000000002
      46.329999999999998
      45.340000000000003
      46.359999999999999
      45.799999999999997
                   45.75
      46.189999999999998
      46.920000000000002
      48.009999999999998
      48.170000000000002
      47.259999999999998
                   47.93
      47.920000000000002
      49.329999999999998
      50.729999999999997
      50.409999999999997
      52.289999999999999
      51.759999999999998
      49.710000000000001
      49.100000000000001
                   49.18
      49.359999999999999
      50.780000000000001
                   51.68
      51.630000000000003
      50.409999999999997
                    50.5
                    50.5
                    50.5
      51.490000000000002
      52.560000000000002
      52.539999999999999
      52.539999999999999
      53.509999999999998
      52.469999999999999
      50.310000000000002
      50.409999999999997
      50.479999999999997
      48.859999999999999
      47.780000000000001
      48.259999999999998
      48.689999999999998
      49.460000000000001
      48.619999999999997
      48.899999999999999
      48.240000000000002
      47.710000000000001
      47.969999999999999
                   48.43
                   48.57
      48.630000000000003
      49.189999999999998
                   49.32
      49.840000000000003
      50.109999999999999
      49.920000000000002
      49.939999999999998
      49.939999999999998
      49.960000000000001
      49.780000000000001
      49.490000000000002
      49.359999999999999
      49.549999999999997
      49.469999999999999
      49.280000000000001
      49.950000000000003
      50.409999999999997
                      51
      50.329999999999998
                   50.43
      50.030000000000001
      48.460000000000001
      49.560000000000002
      49.560000000000002
      49.939999999999998
      49.840000000000003
      49.700000000000003
      49.609999999999999
      49.090000000000003
      49.560000000000002
      49.890000000000001
      49.609999999999999
      49.170000000000002
      48.149999999999999
      46.060000000000002
      47.210000000000001
      46.880000000000003
      45.649999999999999
      46.049999999999997
                   44.57
                   43.07
      43.590000000000003
      44.670000000000002
      47.020000000000003
      46.149999999999999
      46.119999999999997
      45.270000000000003
      44.329999999999998
      43.920000000000002
      43.420000000000002
      43.490000000000002
      42.990000000000002
                   44.82
      45.189999999999998
      45.700000000000003
                      46
                      46
                      46
      46.030000000000001
      46.340000000000003
      46.969999999999999
      46.780000000000001
      45.700000000000003
      46.159999999999997
      45.509999999999998
      46.450000000000003
      45.049999999999997
      44.670000000000002
      44.670000000000002
                   43.07
      42.560000000000002
                   43.68
      43.539999999999999
                   44.25
      44.659999999999997
                   44.57
      44.380000000000003
      44.009999999999998
                   43.68
      44.810000000000002
      44.689999999999998
      44.579999999999998
      45.109999999999999
      45.140000000000001
      44.439999999999998
                   44.32
      44.170000000000002
      44.159999999999997
      43.270000000000003
      43.509999999999998
      43.909999999999997
      44.390000000000001
      44.420000000000002
      43.460000000000001
                    43.5
                   44.25
      44.530000000000001
      44.710000000000001
      43.960000000000001
      44.100000000000001
      44.009999999999998
      43.369999999999997
      43.310000000000002
      43.090000000000003
                   42.93
      41.380000000000003
      40.880000000000003
      40.789999999999999
      40.759999999999998
      41.090000000000003
                   42.43
      43.590000000000003
      43.950000000000003
      43.359999999999999
      43.140000000000001
      42.600000000000001
      41.710000000000001
      41.549999999999997
      41.189999999999998
      40.630000000000003
      41.009999999999998
      41.369999999999997
      41.289999999999999
      41.890000000000001
      41.609999999999999
                   42.75
      42.420000000000002
      42.600000000000001
      42.350000000000001
      41.829999999999998
      42.649999999999999
      43.280000000000001
      43.899999999999999
                   44.43
      44.009999999999998
      42.939999999999998
                    42.5
      42.649999999999999
      42.649999999999999
      35.119999999999997
      34.780000000000001
      33.920000000000002
      33.950000000000003
      34.090000000000003
      32.850000000000001
      30.940000000000001
                   31.34
      32.350000000000001
      33.200000000000003
                   32.82
      32.259999999999998
      32.399999999999999
                      33
      33.689999999999998
                   33.68
                   33.43
      33.240000000000002
                      34
      34.700000000000003
      33.899999999999999
      33.240000000000002
                   32.93
      32.539999999999999
      31.219999999999999
      30.989999999999998
      30.059999999999999
      28.309999999999999
      29.199999999999999
      28.640000000000001
                   27.84
      25.640000000000001
                   24.57
      27.129999999999999
      27.039999999999999
                   27.41
      28.620000000000001
                   29.57
                   28.66
      29.039999999999999
      29.809999999999999
      30.079999999999998
      30.050000000000001
      30.370000000000001
      31.649999999999999
      32.340000000000003
      32.310000000000002
                   34.75
      33.130000000000003
      32.840000000000003
      32.770000000000003
      33.289999999999999
      32.539999999999999
      32.399999999999999
                   33.18
      33.479999999999997
                   31.57
      31.969999999999999
      31.300000000000001
      30.640000000000001
      31.030000000000001
      31.789999999999999
      31.710000000000001
      32.549999999999997
      32.030000000000001
                   33.18
      33.450000000000003
      32.780000000000001
                   32.07
                   32.82
      32.100000000000001
      32.109999999999999
      34.390000000000001
      36.200000000000003
      35.640000000000001
      35.579999999999998
      35.439999999999998
      35.590000000000003
      34.789999999999999
      34.280000000000001
      33.479999999999997
      33.740000000000002
      34.259999999999998
      34.280000000000001
                    33.5
      34.369999999999997
      35.079999999999998
      34.710000000000001
      34.649999999999999
                   34.68
      33.710000000000001
      33.079999999999998
                   32.68
      33.579999999999998
                   33.18
      32.509999999999998
      32.579999999999998
      32.369999999999997
      32.369999999999997
      32.369999999999997
      32.369999999999997
      33.530000000000001
      33.670000000000002
      33.670000000000002
      33.670000000000002
      34.030000000000001
      35.009999999999998
      35.740000000000002
      35.630000000000003
      36.299999999999997
      36.060000000000002
      35.950000000000003
      34.960000000000001
                   33.93
      33.850000000000001
      33.200000000000003
      33.810000000000002
                   33.43
      33.850000000000001
      33.380000000000003
      34.710000000000001
      35.369999999999997
      35.380000000000003
      35.049999999999997
      34.369999999999997
      34.700000000000003
      34.960000000000001
      35.149999999999999
      34.780000000000001
                   34.32
                   33.18
      32.729999999999997
      32.399999999999999
      32.899999999999999
      32.420000000000002
      32.469999999999999
      32.439999999999998
      31.960000000000001
      31.920000000000002
                   31.32
      31.460000000000001
      32.159999999999997
      32.020000000000003
      32.729999999999997
      32.909999999999997
      33.340000000000003
      34.649999999999999
      35.119999999999997
      35.740000000000002
      35.549999999999997
      35.450000000000003
      35.170000000000002
      36.159999999999997
      36.090000000000003
      36.719999999999999
      37.009999999999998
      37.659999999999997
      38.369999999999997
                   37.68
                   38.07
      37.560000000000002
      37.189999999999998
      36.799999999999997
      37.100000000000001
      36.859999999999999
      36.719999999999999
      36.530000000000001
      36.530000000000001
      36.530000000000001
      37.520000000000003
                   37.57
      36.600000000000001
      36.850000000000001
      36.170000000000002
      36.200000000000003
      36.909999999999997
                   36.25
      37.100000000000001
      37.520000000000003
      37.630000000000003
      37.539999999999999
      37.640000000000001
      37.630000000000003
      37.710000000000001
                   36.68
      36.859999999999999
      35.359999999999999
      34.869999999999997
                   33.57
      34.200000000000003
      34.200000000000003
      34.310000000000002
      33.729999999999997
                   33.43
      34.159999999999997
      34.619999999999997
      34.299999999999997
      33.670000000000002
      34.200000000000003
                   34.32
      34.149999999999999
      34.039999999999999
      33.859999999999999
      33.100000000000001
                   33.57
      33.289999999999999
      33.520000000000003
      33.009999999999998
                   33.43
      33.149999999999999
      33.359999999999999
      32.159999999999997
      32.729999999999997
      32.439999999999998
                   31.43
      31.350000000000001
      31.629999999999999
      32.159999999999997
      31.460000000000001
      31.640000000000001
      30.890000000000001
      30.850000000000001
      29.780000000000001
                   31.27
      30.780000000000001
                      30
      29.530000000000001
      30.100000000000001
      29.510000000000002
                   29.43
      29.059999999999999
                   29.91
                   30.52
      30.609999999999999
      29.949999999999999
      28.960000000000001
      29.390000000000001
      31.289999999999999
      30.989999999999998
      30.530000000000001
      29.399999999999999
      29.149999999999999
                   28.59
      27.600000000000001
      27.690000000000001
      28.399999999999999
                   28.07
                   26.43
      25.059999999999999
                   23.82
      23.399999999999999
      22.280000000000001
                   23.23
      25.640000000000001
                   25.77
      23.699999999999999
      22.329999999999998
      22.280000000000001
      20.550000000000001
                   21.52
                   20.02
      22.149999999999999
      23.949999999999999
      22.899999999999999
      22.870000000000001
                   21.91
      22.579999999999998
                   22.48
      23.530000000000001
      22.390000000000001
      22.850000000000001
                   23.41
      23.219999999999999
                   23.07
      23.510000000000002
                   22.48
      22.149999999999999
      22.789999999999999
      21.960000000000001
                   20.23
      20.329999999999998
      20.079999999999998
                   20.77
      20.030000000000001
      20.449999999999999
      20.699999999999999
      20.170000000000002
      19.640000000000001
      20.129999999999999
                   20.75
      19.370000000000001
                   18.32
      18.609999999999999
                   17.59
      17.260000000000002
      17.850000000000001
      18.640000000000001
      18.370000000000001
                   16.41
                   17.84
      18.059999999999999
                   18.02
      17.579999999999998
                   17.16
      16.649999999999999
      16.539999999999999
                   17.43
                   18.41
      17.850000000000001
      19.530000000000001
      19.379999999999999
      20.129999999999999
      20.289999999999999
      19.530000000000001
      18.420000000000002
      17.120000000000001
      17.629999999999999
                   17.32
                   17.59
                   17.34
                   18.18
                   18.02
      17.719999999999999
                   18.59
      18.699999999999999
      19.199999999999999
      18.289999999999999
                   18.27
                   18.43
      19.690000000000001
      19.329999999999998
      20.609999999999999
      21.010000000000002
      21.859999999999999
      21.829999999999998
      21.399999999999999
      21.809999999999999
      22.010000000000002
                   21.73
      20.899999999999999
                   22.25
      21.859999999999999
      21.609999999999999
      22.149999999999999
      21.629999999999999
      21.879999999999999
      20.989999999999998
      21.190000000000001
                   20.59
                   21.25
                    21.5
                   21.09
      20.210000000000001
      21.210000000000001
      20.780000000000001
                   20.23
                   19.43
      20.370000000000001
                   19.82
                   19.82
                   19.82
                   19.82
      18.379999999999999
                   19.23
                   19.23
                   19.23
                   20.27
      20.309999999999999
      21.079999999999998
      20.739999999999998
      20.010000000000002
                   19.93
      19.800000000000001
                   19.52
      19.710000000000001
                   19.41
      19.469999999999999
      18.469999999999999
      18.190000000000001
      17.609999999999999
                   16.77
      17.120000000000001
      16.190000000000001
                    15.5
      15.550000000000001
                   15.42
                   15.31
                   15.41
                   15.23
                   14.65
                   14.92
      14.359999999999999
                   14.18
      14.289999999999999
                   14.91
                    14.4
      14.119999999999999
      14.710000000000001
                    15.6
                   15.67
                   14.83
      14.550000000000001
      14.890000000000001
                   13.44
                   11.58
      10.960000000000001
                   11.77
                   11.52
                   11.65
                    11.6
      11.300000000000001
                   11.41
                   11.26
                   10.98
      10.869999999999999
      9.9199999999999999
      10.199999999999999
      9.7100000000000009
      9.6699999999999999
      13.449999999999999
      12.640000000000001
                   12.67
                   13.19
                   12.23
      12.460000000000001
      12.359999999999999
      12.300000000000001
                   12.23
                   11.75
                   11.73
      12.630000000000001
                   12.59
      13.279999999999999
                   13.94
                   13.85
                   13.94
      13.960000000000001
                    14.5
                   15.07
                   15.23
      14.949999999999999
      15.220000000000001
      15.220000000000001
      15.220000000000001
      15.720000000000001
                   15.94
                   15.52
                   15.75
                   15.41
                   14.94
      15.380000000000001
      15.380000000000001
                   15.41
                   15.34
      15.529999999999999
      16.359999999999999
      16.059999999999999
      16.010000000000002
                      16
                    15.6
                   16.34
                   17.25
      17.140000000000001
      16.100000000000001
      16.129999999999999
      15.869999999999999
      16.100000000000001
      15.800000000000001
      15.619999999999999
                   15.56
      16.030000000000001
      15.859999999999999
      16.329999999999998
      17.109999999999999
      16.960000000000001
                   17.43
      17.149999999999999
      17.719999999999999
      17.329999999999998
                   17.82
      18.260000000000002
      18.559999999999999
      17.879999999999999
      18.760000000000002
      19.079999999999998
      19.370000000000001
      19.039999999999999
      18.629999999999999
                   19.09
      18.649999999999999
                   18.98
      19.140000000000001
      19.140000000000001
                   18.98
      18.219999999999999
      18.539999999999999
                   18.48
                   18.41
      19.609999999999999
      19.469999999999999
      19.010000000000002
      18.710000000000001
      18.989999999999998
      19.469999999999999
      19.260000000000002
      18.949999999999999
                   18.73
                   18.98
      18.699999999999999
      18.379999999999999
      18.120000000000001
                   18.57
      18.219999999999999
      18.829999999999998
      18.789999999999999
      19.170000000000002
      19.940000000000001
                   19.73
      19.789999999999999
      20.010000000000002
      18.710000000000001
      17.879999999999999
                   17.91
                   18.02
      18.120000000000001
      17.829999999999998
      18.050000000000001
      18.140000000000001
                   18.66
      18.280000000000001
      18.710000000000001
                   18.84
      18.780000000000001
      18.539999999999999
      18.420000000000002
                   18.59
      18.579999999999998
      18.309999999999999
      18.739999999999998
      18.460000000000001
      19.140000000000001
      19.140000000000001
      18.809999999999999
      19.149999999999999
      19.030000000000001
      18.670000000000002
                   18.66
                   18.48
      18.640000000000001
      18.829999999999998
      18.579999999999998
      19.620000000000001
      19.379999999999999
      18.789999999999999
      18.579999999999998
      17.649999999999999
      17.760000000000002
                      18
      17.809999999999999
      17.440000000000001
      17.609999999999999
      16.899999999999999
      17.559999999999999
      17.539999999999999
      17.199999999999999
      17.379999999999999
      17.690000000000001
      17.530000000000001
      18.050000000000001
                   18.09
      18.149999999999999
      18.210000000000001
      18.059999999999999
      18.219999999999999
      18.489999999999998
      17.760000000000002
      18.030000000000001
      17.989999999999998
      18.390000000000001
      18.809999999999999
      18.989999999999998
      19.140000000000001
      19.440000000000001
      19.489999999999998
      19.559999999999999
      19.559999999999999
      19.800000000000001
      21.170000000000002
      20.969999999999999
                   21.34
      20.949999999999999
                   21.02
                   21.18
      20.550000000000001
      20.390000000000001
      20.260000000000002
      20.530000000000001
                    20.5
      21.219999999999999
      21.120000000000001
      21.059999999999999
      21.359999999999999
      21.199999999999999
      21.760000000000002
      21.600000000000001
      22.170000000000002
      21.960000000000001
      21.530000000000001
      21.329999999999998
      21.260000000000002
      20.949999999999999
      20.800000000000001
                   20.93
      21.059999999999999
                   21.02
                   21.23
      21.620000000000001
      21.629999999999999
      21.440000000000001
      21.629999999999999
      21.629999999999999
      21.629999999999999
      21.629999999999999
                   21.82
                   21.84
                   21.84
                   21.84
      22.329999999999998
                   22.52
      22.629999999999999
      22.379999999999999
      22.989999999999998
      22.850000000000001
      22.960000000000001
      22.940000000000001
      23.059999999999999
                   23.25
      23.359999999999999
      23.809999999999999
      23.879999999999999
                   23.57
      23.109999999999999
      23.030000000000001
                   22.68
      22.809999999999999
      23.300000000000001
      22.879999999999999
                   22.93
      22.870000000000001
      22.690000000000001
      22.280000000000001
      22.100000000000001
      21.870000000000001
      22.199999999999999
      22.399999999999999
      22.559999999999999
      22.489999999999998
      22.050000000000001
      22.039999999999999
                   22.23
      21.989999999999998
      22.100000000000001
      21.469999999999999
      21.640000000000001
      21.210000000000001
      21.219999999999999
      21.300000000000001
      21.440000000000001
      21.879999999999999
      22.050000000000001
      22.079999999999998
      22.219999999999999
      22.079999999999998
      22.219999999999999
      22.030000000000001
      21.800000000000001
                    20.5
                   20.41
      19.690000000000001
      19.699999999999999
      20.190000000000001
                   19.18
      18.800000000000001
      18.329999999999998
      18.539999999999999
      18.370000000000001
      18.719999999999999
      18.960000000000001
      19.190000000000001
                      19
      18.629999999999999
      18.879999999999999
      19.420000000000002
      19.690000000000001
      19.879999999999999
      20.030000000000001
      19.809999999999999
      19.809999999999999
      19.809999999999999
      20.359999999999999
                   20.25
      20.260000000000002
                   20.41
      20.449999999999999
      20.440000000000001
                   20.25
      20.239999999999998
      20.649999999999999
                   20.98
      21.280000000000001
                   20.91
      21.359999999999999
      21.379999999999999
      20.879999999999999
      20.550000000000001
                   21.09
      20.559999999999999
      20.510000000000002
      19.800000000000001
      19.809999999999999
                   19.84
      20.329999999999998
      20.449999999999999
      20.059999999999999
                   20.75
      21.579999999999998
      21.199999999999999
      20.949999999999999
      21.350000000000001
      21.039999999999999
      21.579999999999998
      22.199999999999999
      21.960000000000001
      22.010000000000002
      21.809999999999999
      22.260000000000002
      22.329999999999998
      22.329999999999998
      22.280000000000001
      22.140000000000001
      21.629999999999999
      21.739999999999998
      21.859999999999999
      21.210000000000001
      21.600000000000001
                   21.66
      21.530000000000001
      21.510000000000002
      21.550000000000001
      21.239999999999998
                   21.25
                   22.02
                   22.02
      22.190000000000001
                   22.23
      22.289999999999999
                   22.27
                   22.02
      21.879999999999999
      21.670000000000002
                    21.5
      21.609999999999999
      21.539999999999999
      21.300000000000001
                   21.25
                   21.25
      20.960000000000001
      20.920000000000002
                   20.59
                   20.77
                      21
      20.420000000000002
                   20.27
      20.010000000000002
                   20.09
      20.010000000000002
      20.510000000000002
      20.859999999999999
                   20.68
      20.780000000000001
                   20.66
      20.539999999999999
      19.989999999999998
                   19.75
                   19.75
      19.469999999999999
                   19.16
                   18.68
      18.960000000000001
      18.960000000000001
      19.210000000000001
      19.449999999999999
      19.530000000000001
                   19.82
                   19.82
      19.760000000000002
      20.030000000000001
      20.239999999999998
      20.239999999999998
      19.719999999999999
      19.710000000000001
      19.640000000000001
                   19.75
      20.039999999999999
                   20.02
                   19.91
      19.670000000000002
      19.800000000000001
      20.399999999999999
      20.550000000000001
      20.489999999999998
      20.449999999999999
      20.640000000000001
      20.489999999999998
      20.800000000000001
      20.620000000000001
      20.460000000000001
                   20.57
                   20.43
      20.600000000000001
      20.899999999999999
      20.710000000000001
      21.379999999999999
                   21.52
                   21.75
      21.780000000000001
      21.640000000000001
      21.390000000000001
      21.280000000000001
      21.059999999999999
      21.210000000000001
      20.859999999999999
      20.719999999999999
      20.780000000000001
      21.059999999999999
      20.789999999999999
      20.940000000000001
      21.100000000000001
      20.530000000000001
      20.440000000000001
      20.699999999999999
      20.969999999999999
      20.890000000000001
      21.199999999999999
      21.489999999999998
                   21.57
                   21.66
                   21.84
                   21.77
                   21.75
      21.870000000000001
                    22.5
      22.620000000000001
      22.579999999999998
      22.449999999999999
      22.850000000000001
      22.960000000000001
      22.629999999999999
                   22.52
      22.329999999999998
      22.260000000000002
      22.780000000000001
      22.670000000000002
                   22.52
      22.420000000000002
      22.949999999999999
      23.079999999999998
      22.940000000000001
                   23.02
                   23.02
      23.039999999999999
      22.780000000000001
      22.920000000000002
      23.289999999999999
      23.609999999999999
      23.789999999999999
      23.920000000000002
      23.460000000000001
      23.699999999999999
      23.649999999999999
      23.780000000000001
                   23.75
                   23.75
                   23.52
      23.530000000000001
                   23.41
      23.449999999999999
      23.449999999999999
      23.600000000000001
                   23.27
      22.670000000000002
                   22.68
      22.620000000000001
      22.690000000000001
                   22.48
      22.109999999999999
                   22.18
      22.390000000000001
      22.949999999999999
                   23.07
                      23
      22.960000000000001
      23.460000000000001
      23.390000000000001
      23.460000000000001
      23.460000000000001
      23.239999999999998
      23.449999999999999
      24.390000000000001
      24.739999999999998
      24.579999999999998
      24.469999999999999
      25.100000000000001
                   25.43
      25.390000000000001
      25.609999999999999
      26.050000000000001
      26.350000000000001
      26.460000000000001
                   26.32
      26.030000000000001
      26.420000000000002
                   26.75
      26.789999999999999
      26.399999999999999
                      26
                   26.32
      26.600000000000001
      26.399999999999999
      26.550000000000001
                   26.82
                    26.5
      26.649999999999999
      26.719999999999999
      26.399999999999999
      25.940000000000001
      25.989999999999998
      26.390000000000001
                   26.23
                   25.73
                   25.34
                   25.57
                   25.68
      25.420000000000002
      25.649999999999999
                   25.34
                   25.52
                   25.52
                   25.52
      25.379999999999999
                    25.5
      25.469999999999999
      25.800000000000001
      25.649999999999999
                   25.75
      26.219999999999999
                   26.41
      26.469999999999999
      26.399999999999999
      26.350000000000001
                   26.43
                      26
      25.690000000000001
      24.969999999999999
      25.199999999999999
      24.940000000000001
      24.789999999999999
      24.859999999999999
      24.879999999999999
      25.149999999999999
      24.850000000000001
      24.879999999999999
      25.359999999999999
      25.359999999999999
                   25.57
      25.489999999999998
      25.649999999999999
      26.010000000000002
      26.289999999999999
      26.219999999999999
      26.280000000000001
      26.539999999999999
      26.260000000000002
      25.940000000000001
      25.890000000000001
                   26.57
      26.920000000000002
      27.129999999999999
      27.140000000000001
      27.300000000000001
      27.149999999999999
      27.219999999999999
                   27.27
                   27.34
      27.289999999999999
                   27.91
      27.940000000000001
      27.850000000000001
      27.859999999999999
      28.109999999999999
      27.949999999999999
      28.359999999999999
      28.579999999999998
      28.620000000000001
      28.350000000000001
      28.059999999999999
                   28.18
      28.039999999999999
      28.219999999999999
      28.469999999999999
      28.460000000000001
      28.449999999999999
      27.739999999999998
                   27.41
      27.710000000000001
      27.789999999999999
                   27.59
      27.859999999999999
                   27.68
      27.600000000000001
      27.420000000000002
      26.780000000000001
      27.129999999999999
      27.699999999999999
      27.969999999999999
      28.190000000000001
      28.140000000000001
                   28.18
      28.600000000000001
      28.800000000000001
                   29.02
                   29.34
      29.530000000000001
      29.609999999999999
      29.350000000000001
                   29.25
      29.579999999999998
                   29.48
      29.440000000000001
                   29.77
      30.149999999999999
      30.140000000000001
      29.920000000000002
      30.010000000000002
      30.440000000000001
                   30.09
      29.920000000000002
      29.670000000000002
      29.359999999999999
                   28.84
      28.620000000000001
      28.550000000000001
      28.940000000000001
                   29.07
      29.300000000000001
      29.030000000000001
      28.710000000000001
      28.300000000000001
      28.440000000000001
      28.239999999999998
      28.609999999999999
      28.699999999999999
                   29.07
      29.510000000000002
      29.699999999999999
      30.550000000000001
      30.550000000000001
                   30.84
      30.809999999999999
                   29.91
                      30
      29.949999999999999
      30.739999999999998
      30.359999999999999
      30.579999999999998
      29.850000000000001
      29.370000000000001
                   29.23
      30.350000000000001
                   29.93
      30.559999999999999
      30.239999999999998
      30.489999999999998
      30.699999999999999
                   31.23
      30.350000000000001
      30.120000000000001
      30.050000000000001
      30.079999999999998
      30.260000000000002
      29.760000000000002
      29.699999999999999
                   29.57
      29.539999999999999
      29.379999999999999
      28.809999999999999
                   28.84
      28.559999999999999
                   29.23
      28.620000000000001
      28.469999999999999
      27.859999999999999
                   28.16
      28.969999999999999
      28.859999999999999
                   28.98
      29.420000000000002
      29.289999999999999
      29.620000000000001
      29.350000000000001
      30.690000000000001
      30.890000000000001
      31.870000000000001
      32.450000000000003
                    32.5
                    32.5
      32.979999999999997
      33.270000000000003
                   33.82
      33.950000000000003
      33.490000000000002
      33.450000000000003
      33.509999999999998
      33.439999999999998
      33.689999999999998
      33.859999999999999
      34.590000000000003
                      35
      34.700000000000003
                   34.57
      34.049999999999997
      34.350000000000001
      34.060000000000002
      33.880000000000003
      33.729999999999997
      34.170000000000002
      34.170000000000002
      34.490000000000002
      34.240000000000002
      34.450000000000003
      35.399999999999999
      35.399999999999999
      35.659999999999997
      35.659999999999997
      35.920000000000002
      35.789999999999999
      35.780000000000001
      35.289999999999999
      35.619999999999997
      36.280000000000001
      36.369999999999997
      36.119999999999997
      36.060000000000002
      36.049999999999997
      35.700000000000003
      35.530000000000001
      35.619999999999997
      35.340000000000003
      35.579999999999998
      35.030000000000001
      34.729999999999997
      34.579999999999998
      34.420000000000002
                   34.18
      34.200000000000003
      34.090000000000003
      33.609999999999999
      34.700000000000003
      34.219999999999999
      34.369999999999997
      34.719999999999999
      33.990000000000002
                   33.68
      33.799999999999997
      33.859999999999999
                    33.5
      34.270000000000003
      34.259999999999998
      34.560000000000002
      34.899999999999999
                   34.93
                   35.07
                   34.93
      34.659999999999997
                   34.32
      34.649999999999999
      34.399999999999999
                   34.43
                   34.68
      33.789999999999999
      34.079999999999998
      34.350000000000001
      33.799999999999997
      32.409999999999997
      32.450000000000003
      31.699999999999999
      32.509999999999998
                   32.68
                   33.18
      33.579999999999998
      33.460000000000001
      32.990000000000002
                      33
      33.140000000000001
      32.969999999999999
                   33.75
                   34.75
      35.420000000000002
      34.780000000000001
      34.079999999999998
      32.759999999999998
      33.090000000000003
      33.060000000000002
      33.399999999999999
      33.280000000000001
      33.520000000000003
      33.689999999999998
                   33.43
                   33.93
      33.409999999999997
      33.270000000000003
                   33.57
                   33.57
                   33.57
      33.310000000000002
      33.689999999999998
                   34.32
                      35
      35.280000000000001
      35.109999999999999
      35.509999999999998
                   36.75
      36.609999999999999
      36.609999999999999
      35.960000000000001
      35.359999999999999
      35.759999999999998
      35.829999999999998
                   35.82
      36.520000000000003
      36.609999999999999
      36.609999999999999
      36.479999999999997
      35.509999999999998
                   35.25
      34.140000000000001
      34.159999999999997
      33.719999999999999
      33.149999999999999
      34.509999999999998
      33.969999999999999
      35.020000000000003
      36.130000000000003
                   35.82
      35.200000000000003
      35.039999999999999
      34.850000000000001
      34.530000000000001
                   34.25
      34.030000000000001
      34.590000000000003
      33.590000000000003
      33.100000000000001
      32.280000000000001
      30.559999999999999
      32.659999999999997
      33.310000000000002
      33.189999999999998
      32.880000000000003
      32.729999999999997
      33.100000000000001
                    33.5
      33.149999999999999
      33.020000000000003
      32.759999999999998
                   33.32
      34.380000000000003
      35.939999999999998
      36.329999999999998
      36.479999999999997
                   35.68
                   35.32
      36.310000000000002
      36.659999999999997
      36.850000000000001
                      37
      36.450000000000003
                   35.93
      35.850000000000001
                      36
      37.049999999999997
                   37.75
      37.460000000000001
      38.399999999999999
      38.909999999999997
                   38.82
      38.299999999999997
      39.100000000000001
                   38.57
      37.859999999999999
      38.109999999999999
                   37.82
      38.159999999999997
      37.210000000000001
      37.579999999999998
      38.060000000000002
      38.450000000000003
                   38.75
      39.280000000000001
      40.060000000000002
      39.799999999999997
      39.659999999999997
                   39.57
      39.170000000000002
      39.210000000000001
      39.030000000000001
      39.270000000000003
      39.159999999999997
      39.539999999999999
      39.259999999999998
      38.899999999999999
      38.670000000000002
      38.399999999999999
      38.399999999999999
      38.100000000000001
      37.899999999999999
      37.829999999999998
      38.109999999999999
                   38.57
      39.060000000000002
      38.799999999999997
      38.850000000000001
      39.409999999999997
      38.810000000000002
      39.100000000000001
      38.850000000000001
      39.140000000000001
                   38.43
      39.119999999999997
      39.299999999999997
      38.979999999999997
      39.729999999999997
      40.200000000000003
      40.530000000000001
      40.229999999999997
      40.740000000000002
      40.619999999999997
      40.039999999999999
      40.520000000000003
      40.399999999999999
      40.289999999999999
      39.979999999999997
      40.039999999999999
      39.890000000000001
      39.600000000000001
      40.159999999999997
                   40.07
                   40.32
      40.350000000000001
      40.799999999999997
      40.539999999999999
      40.409999999999997
      39.619999999999997
      39.200000000000003

