
      6662.9000000000005
      6535.9000000000005
      6447.1999999999998
      6504.8000000000002
      6607.6999999999998
      6518.9000000000005
      6532.8000000000002
                  6531.5
      6658.1999999999998
                  6669.5
      6504.6000000000004
      6445.4000000000005
      6348.6999999999998
      6346.3000000000002
      6379.8000000000002
      6274.1000000000004
      6375.6000000000004
                    6441
      6375.6000000000004
                  6268.5
      6290.9000000000005
      6302.8000000000002
      6324.3000000000002
                    6185
      6118.6000000000004
      6285.8000000000002
      6315.4000000000005
      6279.8000000000002
      6193.3000000000002
      6068.6000000000004
      6005.1999999999998
      6147.4000000000005
      6209.3000000000002
                    6165
      6081.6000000000004
      6014.6999999999998
      6144.1000000000004
      6086.6999999999998
                    6198
      6099.6000000000004
      6232.6000000000004
      6364.9000000000005
      6432.1000000000004
                  6487.5
      6567.8000000000002
                  6466.5
      6411.1999999999998
      6532.1000000000004
      6568.6999999999998
      6466.9000000000005
      6487.1000000000004
                    6447
      6557.1999999999998
                    6558
                  6626.5
      6617.9000000000005
      6609.6000000000004
      6594.6000000000004
                  6738.5
      6687.1999999999998
      6650.1000000000004
      6598.8000000000002
      6445.1999999999998
      6540.1999999999998
      6462.1000000000004
                    6427
      6379.3000000000002
      6451.1000000000004
      6569.9000000000005
      6533.4000000000005
      6379.1999999999998
      6350.8000000000002
                    6357
      6178.1000000000004
      5994.6000000000004
                    6074
      6184.9000000000005
      6241.1999999999998
                    6283
                  6256.5
      6179.3000000000002
      6327.4000000000005
      6373.4000000000005
      6184.8000000000002
      6199.6000000000004
      6238.8000000000002
      6216.3000000000002
      6123.8000000000002
      6100.6000000000004
      6245.9000000000005
                  6283.5
      6247.6999999999998
      6318.4000000000005
      6196.1999999999998
      6232.9000000000005
      6045.4000000000005
                  6035.5
      6086.8000000000002
      6118.6000000000004
      6231.1000000000004
      6216.9000000000005
      6359.6000000000004
      6359.3000000000002
                  6470.5
      6626.4000000000005
      6546.6999999999998
      6546.8000000000002
      6503.8000000000002
      6496.6000000000004
      6443.8000000000002
      6430.9000000000005
      6447.1000000000004
      6536.3000000000002
      6490.8000000000002
                    6526
      6490.1999999999998
      6526.9000000000005
      6477.8000000000002
      6413.8000000000002
                  6391.5
      6405.1999999999998
      6375.3000000000002
                  6313.5
                    6239
      6312.6999999999998
      6470.4000000000005
                    6417
                  6382.5
      6419.6000000000004
                  6497.5
      6466.1999999999998
      6475.8000000000002
                  6518.5
      6475.6999999999998
      6475.4000000000005
                  6525.5
                  6450.5
      6465.4000000000005
                    6469
      6378.4000000000005
      6381.3000000000002
      6390.6999999999998
      6387.1000000000004
      6352.1000000000004
      6335.6999999999998
      6365.3000000000002
      6379.3000000000002
                    6391
      6317.1000000000004
                  6363.5
      6387.8000000000002
      6358.1000000000004
                    6414
      6387.3000000000002
                  6384.5
      6419.9000000000005
                  6475.5
                    6532
      6518.1999999999998
      6543.6999999999998
      6542.1999999999998
      6584.8000000000002
      6566.1999999999998
                    6557
      6563.6999999999998
      6586.3000000000002
      6615.1000000000004
      6672.6999999999998
                    6795
      6798.1000000000004
                  6752.5
      6694.6999999999998
      6689.1999999999998
      6600.6999999999998
                    6582
                  6555.5
      6478.1999999999998
                  6555.5
      6417.3000000000002
      6410.1999999999998
                  6403.5
      6279.9000000000005
      6199.1999999999998
      6205.9000000000005
      6257.1000000000004
      6213.1999999999998
      6269.3000000000002
      6264.1000000000004
      6294.1999999999998
                  6284.5
                    6345
      6334.9000000000005
                    6382
      6391.1999999999998
      6264.8000000000002
      6247.6999999999998
      6117.6000000000004
      6131.9000000000005
      6209.6000000000004
      6285.6999999999998
      6203.1999999999998
      6148.1999999999998
      6218.9000000000005
      6276.3000000000002
      6315.9000000000005
      6438.4000000000005
      6367.8000000000002
      6302.3000000000002
                  6366.5
      6388.4000000000005
      6438.4000000000005
      6457.6000000000004
                    6392
      6385.4000000000005
                    6431
      6466.9000000000005
      6477.4000000000005
      6442.1999999999998
      6400.1999999999998
      6274.8000000000002
      6412.9000000000005
      6432.3000000000002
      6430.4000000000005
      6440.1000000000004
                    6345
      6382.1000000000004
      6221.4000000000005
      6287.3000000000002
      6327.6000000000004
      6374.6999999999998
      6249.8000000000002
      6164.9000000000005
      6142.1999999999998
      6170.4000000000005
      6158.6999999999998
                    6299
      6273.3000000000002
      6231.4000000000005
      6288.3000000000002
      6370.3000000000002
      6390.4000000000005
                    6403
      6263.8000000000002
      6175.8000000000002
                  6246.5
                    6295
      6176.6999999999998
                  6115.5
                  6097.5
      6218.1999999999998
      6223.1999999999998
                  6222.5
      6174.6999999999998
      6039.9000000000005
      6185.6000000000004
      6198.1000000000004
      6149.6000000000004
      6088.1000000000004
      6060.6000000000004
      6114.9000000000005
                  6165.5
      6170.3000000000002
      6083.3000000000002
      6197.4000000000005
      6209.9000000000005
      6209.3000000000002
                    6232
      6214.6999999999998
      6264.4000000000005
      6255.6000000000004
      6294.3000000000002
                    6317
                  6334.5
                  6297.5
      6251.8000000000002
      6256.4000000000005
      6269.1999999999998
      6293.4000000000005
      6225.6000000000004
      6206.1000000000004
      6164.3000000000002
      6241.4000000000005
                  6228.5
      6176.1999999999998
      6197.9000000000005
      6088.3000000000002
                    6094
      5980.1000000000004
      5972.4000000000005
      6003.1000000000004
      5943.6999999999998
      5916.6999999999998
      5941.1999999999998
      5917.9000000000005
      5908.6000000000004
      5858.6000000000004
      5931.3000000000002
                    6012
      6001.8000000000002
      6003.1999999999998
      5917.3000000000002
                  5826.5
      5720.6999999999998
      5625.9000000000005
      5729.1999999999998
      5562.8000000000002
      5551.6000000000004
      5646.8000000000002
      5540.6999999999998
      5314.8000000000002
      5402.3000000000002
      5576.6000000000004
      5728.1000000000004
                    5614
      5588.4000000000005
      5633.6999999999998
                  5618.5
      5463.1000000000004
      5535.6999999999998
      5621.8000000000002
                  5601.5
      5663.3000000000002
                    5803
      5788.1000000000004
      5766.6000000000004
      5761.1000000000004
      5890.1999999999998
      5871.6000000000004
      5879.8000000000002
      5871.3000000000002
      5840.3000000000002
                  5827.5
      5868.3000000000002
      5951.4000000000005
      5966.9000000000005
                    5928
      5904.1999999999998
      5765.8000000000002
      5870.3000000000002
      5886.4000000000005
      5893.6999999999998
                    5964
      5896.8000000000002
                  5690.5
      5842.9000000000005
                    5884
                  5904.5
                    5915
      5941.6000000000004
      5976.6000000000004
      5897.4000000000005
      5915.9000000000005
      5889.8000000000002
      5863.9000000000005
      5796.9000000000005
      5796.1000000000004
      5809.6000000000004
                  5856.5
                  5922.5
                  5901.5
      5948.3000000000002
      5950.6000000000004
                  5860.5
                    5804
      5820.1999999999998
                  5752.5
                    5723
      5671.6000000000004
      5680.4000000000005
      5699.6000000000004
      5641.4000000000005
      5665.6999999999998
      5661.9000000000005
      5555.6999999999998
      5607.9000000000005
      5638.4000000000005
                  5642.5
      5716.6999999999998
      5639.9000000000005
                  5600.5
      5549.6000000000004
      5479.1999999999998
      5468.9000000000005
      5467.9000000000005
      5391.9000000000005
      5481.6000000000004
                    5537
      5517.1000000000004
      5427.8000000000002
      5404.6000000000004
      5437.4000000000005
      5387.1000000000004
      5405.3000000000002
      5320.1999999999998
      5275.6999999999998
      5286.1000000000004
      5403.1000000000004
      5446.6999999999998
      5529.1000000000004
      5546.9000000000005
                  5584.5
      5547.6000000000004
      5526.4000000000005
      5536.8000000000002
                  5476.5
      5402.9000000000005
      5427.1999999999998
      5431.1000000000004
      5507.8000000000002
      5461.6000000000004
      5389.8000000000002
      5342.1000000000004
      5357.4000000000005
      5430.3000000000002
      5408.6999999999998
                  5396.5
      5471.9000000000005
      5434.6999999999998
      5417.6000000000004
      5332.6999999999998
                    5345
      5312.1000000000004
      5379.6000000000004
                    5316
      5204.3000000000002
      5070.3000000000002
      5033.6999999999998
      4882.1000000000004
      4943.6000000000004
      4755.6999999999998
      4898.9000000000005
      4848.6999999999998
      4721.6999999999998
      4556.9000000000005
      4433.6999999999998
      4613.9000000000005
      4663.4000000000005
      4696.1000000000004
      4763.6000000000004
      4903.4000000000005
      4785.6000000000004
      4832.3000000000002
      4881.8000000000002
      5016.1999999999998
                    5036
      5032.6999999999998
      5009.8000000000002
      5153.1000000000004
      5164.9000000000005
                  5145.5
      5067.3000000000002
      5082.6000000000004
      5203.4000000000005
                    5116
      5017.6999999999998
      5070.4000000000005
      5193.3000000000002
      5167.6000000000004
      5086.6000000000004
      5188.6000000000004
      5085.9000000000005
      5003.6000000000004
      5039.6999999999998
      5071.1999999999998
                  5129.5
      5209.1000000000004
      5214.1000000000004
      5216.3000000000002
      5278.1000000000004
      5244.1999999999998
      5146.1999999999998
      5277.1000000000004
      5240.6999999999998
      5238.1999999999998
                    5291
                    5338
      5298.6999999999998
      5313.8000000000002
      5345.9000000000005
      5293.1999999999998
                  5302.5
                    5266
      5205.1999999999998
                  5208.5
      5203.6000000000004
      5164.6000000000004
      5212.1000000000004
                  5333.5
      5369.8000000000002
      5264.6999999999998
                    5185
      5160.8000000000002
                    5120
      5074.9000000000005
                    5061
      5136.3000000000002
      5151.1000000000004
      5120.6000000000004
      5080.1999999999998
      5159.1999999999998
      5177.4000000000005
      5213.1999999999998
      5242.4000000000005
      5217.4000000000005
      5218.3000000000002
      5318.8000000000002
      5323.8000000000002
      5293.6000000000004
      5250.4000000000005
                  5228.5
      5190.6999999999998
      5198.6000000000004
                  5113.5
                    5166
      5127.6000000000004
      5138.4000000000005
      5126.8000000000002
                  5138.5
      5149.1999999999998
      5180.6000000000004
      5233.1000000000004
                    5193
      5223.6000000000004
      5131.4000000000005
      5089.3000000000002
      5164.8000000000002
      5189.6999999999998
      5167.3000000000002
      5093.4000000000005
      5073.8000000000002
                    5127
      5128.1000000000004
      5161.8000000000002
      5135.6999999999998
      5153.9000000000005
      5208.6999999999998
                  5182.5
      5154.3000000000002
                  5092.5
      5024.1000000000004
      5073.3000000000002
      5050.8000000000002
      5100.6999999999998
                    5139
      5178.4000000000005
                    5101
                    5169
                    5242
                    5214
                  5245.5
      5282.1000000000004
      5285.6999999999998
      5258.9000000000005
                  5252.5
                    5272
      5261.4000000000005
      5292.6999999999998
      5299.9000000000005
      5316.1000000000004
      5266.9000000000005
      5253.3000000000002
                  5250.5
      5203.6000000000004
                  5195.5
      5214.6999999999998
      5271.8000000000002
      5251.4000000000005
      5247.8000000000002
                  5209.5
      5233.6000000000004
      5178.6000000000004
      5179.6000000000004
      5229.1000000000004
      5137.4000000000005
                    5161
      5201.4000000000005
      5259.9000000000005
      5263.9000000000005
      5229.4000000000005
      5243.6000000000004
                  5221.5
                    5191
      5218.1999999999998
                  5197.5
                    5159
      5153.9000000000005
      5165.6000000000004
                  5125.5
      5174.1000000000004
      5203.1000000000004
      5119.9000000000005
      5209.1000000000004
      5197.6000000000004
      5171.1999999999998
      5204.8000000000002
                  5239.5
      5259.1000000000004
                  5248.5
                    5218
      5208.1000000000004
      5197.1999999999998
      5151.9000000000005
      5175.3000000000002
      5169.1000000000004
      5136.3000000000002
      5074.1999999999998
                    5083
      5040.8000000000002
      5085.1000000000004
      4989.1000000000004
      4957.6000000000004
      4920.4000000000005
      4928.1999999999998
      4934.8000000000002
      4851.6999999999998
      4771.9000000000005
      4630.8000000000002
      4756.8000000000002
                    4702
      4652.4000000000005
      4580.3000000000002
      4605.3000000000002
      4541.9000000000005
                    4631
                    4531
      4540.6000000000004
      4656.4000000000005
      4685.8000000000002
      4546.8000000000002
      4392.6000000000004
      4471.1999999999998
      4615.6000000000004
      4601.3000000000002
      4542.9000000000005
      4420.1000000000004
                    4230
      4224.1000000000004
                  3994.5
      4021.9000000000001
      4190.6000000000004
      4297.3000000000002
      4098.3000000000002
                  3895.5
                    3858
      3777.0999999999999
      3965.9000000000001
      4016.5999999999999
      4202.6999999999998
      4180.8999999999996
      4246.1999999999998
                  4044.5
                  4075.5
      3996.4000000000001
                    4131
      4094.4000000000001
                  4240.5
      4322.3999999999996
      4221.6000000000004
      4271.6999999999998
      4171.1000000000004
                  4327.5
                    4330
      4426.8000000000002
      4368.8999999999996
      4364.8000000000002
      4434.6999999999998
      4389.8000000000002
      4449.6999999999998
                    4274
      4209.3000000000002
      4227.3000000000002
      4180.8999999999996
      4028.5999999999999
      4026.9000000000001
                    4011
      4107.1999999999998
      4062.4000000000001
                  4175.5
      4210.6999999999998
      4084.9000000000001
                    4008
      4044.3000000000002
      4025.0999999999999
      3865.4000000000001
                  3813.5
      3860.0999999999999
      3739.4000000000001
      3671.0999999999999
      3696.2000000000003
      3850.5999999999999
      3907.2000000000003
      3721.8000000000002
      3797.4000000000001
      3905.2000000000003
      3880.3000000000002
      3813.8000000000002
      3780.9000000000001
                  3730.5
      3742.4000000000001
      3777.3000000000002
      3953.4000000000001
      3931.5999999999999
      4130.3000000000002
      4057.7000000000003
      4170.6999999999998
                  4130.5
      4133.8000000000002
      4118.8999999999996
      4006.9000000000001
      4103.6999999999998
      4051.0999999999999
                  4090.5
      3935.9000000000001
      4002.7000000000003
      4039.7000000000003
                    3997
                  4141.5
      4146.1000000000004
      4103.6999999999998
      4081.3000000000002
      4034.5999999999999
      4015.5999999999999
                    4085
      4029.4000000000001
      4053.0999999999999
      4091.5999999999999
                    4116
                  4096.5
      4094.9000000000001
                    4190
      4175.1999999999998
      4122.1999999999998
                    4071
      4144.1999999999998
      4185.3999999999996
      4169.3999999999996
      4154.3000000000002
      4075.4000000000001
      4048.5999999999999
      4032.4000000000001
                  4013.5
      3933.9000000000001
                    3925
      3974.9000000000001
      3935.3000000000002
      3878.0999999999999
                    3984
      3908.7000000000003
      3835.2000000000003
      3841.4000000000001
      3889.9000000000001
      3936.9000000000001
      3942.0999999999999
      3829.4000000000001
      3900.5999999999999
      3940.4000000000001
                  4009.5
      4004.9000000000001
      4001.4000000000001
      3957.4000000000001
      3924.8000000000002
                    3934
      3974.0999999999999
      3948.3000000000002
      3945.5999999999999
      3887.8000000000002
      3881.8000000000002
      3820.5999999999999
      3778.5999999999999
      3736.7000000000003
                    3678
      3622.2000000000003
      3603.7000000000003
      3480.8000000000002
                    3490
      3483.8000000000002
      3578.7000000000003
      3567.4000000000001
      3689.4000000000001
      3590.0999999999999
      3678.7000000000003
                    3597
      3599.2000000000003
      3579.0999999999999
      3669.2000000000003
      3616.0999999999999
      3610.8000000000002
      3611.9000000000001
      3692.4000000000001
                  3729.5
      3658.3000000000002
      3687.2000000000003
      3727.0999999999999
      3701.8000000000002
                  3621.5
      3593.3000000000002
      3569.9000000000001
      3655.5999999999999
      3684.7000000000003
      3625.3000000000002
                  3563.5
      3555.4000000000001
      3491.5999999999999
                    3436
      3452.7000000000003
                    3287
      3486.9000000000001
      3601.8000000000002
      3722.3000000000002
      3747.3000000000002
      3765.4000000000001
      3765.7000000000003
      3861.0999999999999
      3743.3000000000002
                    3762
      3793.0999999999999
      3729.0999999999999
                  3708.5
      3613.3000000000002
      3684.8000000000002
      3753.4000000000001
      3771.0999999999999
      3814.4000000000001
      3935.8000000000002
      3868.8000000000002
      3861.4000000000001
      3803.3000000000002
      3808.0999999999999
      3849.4000000000001
      3916.8000000000002
      3854.9000000000001
      3889.2000000000003
      3917.7000000000003
                  3966.5
                    3899
      3870.2000000000003
      3940.3000000000002
      3927.8000000000002
                    3926
      3880.0999999999999
      3952.5999999999999
      4006.4000000000001
      3992.9000000000001
      3928.9000000000001
      3969.4000000000001
      3987.4000000000001
      3999.9000000000001
                    3975
      4011.0999999999999
                    4049
      3941.3000000000002
      3971.5999999999999
      3936.4000000000001
      3990.4000000000001
      3979.8000000000002
      3992.4000000000001
      4071.9000000000001
      4083.5999999999999
      4048.0999999999999
      4129.3000000000002
      4115.6999999999998
      4126.6000000000004
      4104.3000000000002
      4150.8000000000002
      4129.1000000000004
                    4113
      4150.1000000000004
      4161.3000000000002
      4134.1000000000004
      4152.8999999999996
      4190.3999999999996
                    4207
                  4131.5
      4160.1000000000004
      4087.9000000000001
      4060.9000000000001
      4067.9000000000001
      4041.7000000000003
      4067.8000000000002
      4031.2000000000003
      3963.9000000000001
      4006.9000000000001
      4024.8000000000002
                  4021.5
      4074.8000000000002
      4073.5999999999999
      4054.7000000000003
      4028.8000000000002
      4058.0999999999999
      4127.6000000000004
                  4102.5
      4077.0999999999999
      4056.5999999999999
      4073.2000000000003
      4044.3000000000002
      4079.7000000000003
                  4086.5
      4149.6000000000004
      4131.1999999999998
      4148.8000000000002
                    4137
      4141.1999999999998
                    4157
      4098.3999999999996
      4100.1000000000004
                    4121
      4070.4000000000001
      4095.5999999999999
      4147.8000000000002
      4176.6999999999998
      4185.6000000000004
      4180.6999999999998
      4237.8000000000002
      4247.3000000000002
      4272.1000000000004
      4250.8000000000002
      4217.3999999999996
                  4223.5
      4225.8999999999996
      4177.3999999999996
      4206.3999999999996
                    4198
      4161.1000000000004
      4204.3999999999996
      4204.3999999999996
      4262.1000000000004
      4248.8000000000002
      4257.1999999999998
      4292.1000000000004
      4263.8999999999996
      4252.1000000000004
      4242.1999999999998
      4237.8000000000002
      4260.8999999999996
                    4299
                    4293
      4314.6999999999998
                    4257
      4228.1999999999998
      4221.6999999999998
      4236.3999999999996
      4202.1999999999998
      4157.1000000000004
      4142.6999999999998
      4091.3000000000002
      4169.1999999999998
      4209.1000000000004
                    4274
      4270.1000000000004
                    4272
      4268.6000000000004
      4313.8999999999996
                    4311
      4362.3000000000002
      4334.1000000000004
      4368.8000000000002
      4339.6999999999998
                    4344
                  4347.5
      4352.3000000000002
      4285.6000000000004
      4240.1999999999998
                    4239
      4251.3000000000002
      4272.8999999999996
      4265.6999999999998
      4300.8999999999996
      4287.6000000000004
      4332.6000000000004
      4330.3000000000002
      4303.3999999999996
      4324.1999999999998
      4376.8999999999996
      4341.8000000000002
      4345.1000000000004
      4371.1999999999998
                    4373
                    4397
      4338.8999999999996
      4354.6999999999998
      4327.3999999999996
                    4308
                    4319
      4382.4000000000005
      4388.6999999999998
      4370.3000000000002
      4361.1000000000004
      4342.6000000000004
                    4410
      4378.8999999999996
                    4392
      4378.1999999999998
                    4367
      4359.8000000000002
      4379.6000000000004
      4335.3999999999996
      4331.3000000000002
      4347.6000000000004
                    4348
                    4333
      4354.1999999999998
      4397.3000000000002
      4412.3000000000002
                    4424
      4440.9000000000005
      4444.6999999999998
                  4457.5
      4470.4000000000005
      4476.9000000000005
      4510.1999999999998
      4513.3000000000002
      4505.1999999999998
                    4473
      4494.1999999999998
      4466.3000000000002
      4449.6000000000004
      4440.1000000000004
      4461.4000000000005
      4456.1000000000004
      4487.9000000000005
      4518.1000000000004
      4499.3000000000002
      4511.1999999999998
      4476.8000000000002
      4460.8000000000002
                  4445.5
                    4447
      4468.1000000000004
                  4411.5
      4390.6999999999998
      4381.4000000000005
      4390.6000000000004
                  4398.5
      4384.4000000000005
      4402.6999999999998
      4434.4000000000005
      4404.9000000000005
                    4396
      4377.6999999999998
                    4412
      4408.1000000000004
                  4461.5
      4442.9000000000005
      4515.6000000000004
                    4515
      4524.3000000000002
      4496.8000000000002
                  4507.5
      4515.9000000000005
      4492.1999999999998
                    4537
      4540.1000000000004
      4525.1000000000004
      4559.1000000000004
      4547.1000000000004
      4553.8000000000002
                    4542
      4545.3000000000002
      4445.1999999999998
      4467.4000000000005
      4412.9000000000005
      4428.9000000000005
      4456.8000000000002
      4397.9000000000005
      4417.6999999999998
      4333.8000000000002
                  4318.5
      4309.3999999999996
      4373.6000000000004
                  4357.5
      4406.6999999999998
      4412.8000000000002
      4385.6999999999998
      4410.6999999999998
      4465.6000000000004
      4480.6999999999998
      4472.8000000000002
      4468.6999999999998
      4489.6999999999998
      4515.8000000000002
      4485.4000000000005
                  4505.5
      4537.3000000000002
      4546.1999999999998
                    4569
      4539.9000000000005
      4571.8000000000002
                    4570
      4571.8000000000002
      4575.6999999999998
                  4524.5
                  4519.5
      4489.6999999999998
      4547.1999999999998
                  4569.5
      4516.1999999999998
      4498.4000000000005
      4395.1999999999998
      4454.6999999999998
      4412.9000000000005
      4453.8000000000002
      4441.8000000000002
                    4403
      4414.4000000000005
      4471.8000000000002
      4428.6999999999998
      4431.4000000000005
      4428.9000000000005
                    4418
      4438.3000000000002
      4453.6000000000004
      4430.6999999999998
      4422.6999999999998
      4422.8000000000002
      4435.4000000000005
      4454.4000000000005
      4491.6000000000004
      4504.8000000000002
                  4489.5
      4486.1000000000004
                    4484
      4433.1999999999998
      4458.6000000000004
      4491.1000000000004
      4493.3000000000002
      4505.8000000000002
      4502.1999999999998
                  4468.5
      4486.6999999999998
      4503.1999999999998
      4494.1000000000004
      4518.6999999999998
      4512.4000000000005
      4464.1000000000004
      4424.6999999999998
      4407.4000000000005
      4403.3000000000002
      4370.6999999999998
      4358.3999999999996
      4381.1000000000004
      4393.1999999999998
                    4360
      4357.6999999999998
      4372.6000000000004
      4340.6999999999998
      4339.1999999999998
      4321.1000000000004
      4339.3999999999996
      4377.3000000000002
      4306.3000000000002
      4326.3000000000002
                    4287
      4324.8999999999996
      4356.1999999999998
      4418.6999999999998
      4413.1000000000004
      4415.6999999999998
      4429.6999999999998
      4408.1000000000004
      4413.4000000000005
      4337.8999999999996
      4314.3999999999996
      4350.8999999999996
      4312.1999999999998
      4328.1000000000004
                  4301.5
      4350.1999999999998
      4358.6999999999998
      4355.1999999999998
      4362.6000000000004
      4369.1999999999998
      4405.3000000000002
                  4407.5
      4411.6000000000004
      4453.9000000000005
      4490.1000000000004
      4459.3000000000002
                    4502
      4518.6000000000004
      4550.8000000000002
      4563.8000000000002
      4565.6000000000004
      4558.4000000000005
                    4538
                    4545
                  4558.5
      4545.6000000000004
      4548.4000000000005
                  4556.5
                    4591
                  4579.5
      4608.4000000000005
      4592.3000000000002
      4568.3000000000002
      4578.1000000000004
      4541.1999999999998
      4567.3000000000002
      4588.1000000000004
      4570.8000000000002
      4659.6000000000004
      4681.8000000000002
      4707.1000000000004
      4706.3000000000002
      4698.6999999999998
      4698.9000000000005
                  4685.5
      4647.9000000000005
      4634.8000000000002
      4629.4000000000005
      4622.6999999999998
      4626.6000000000004
      4655.1999999999998
      4616.4000000000005
      4617.4000000000005
      4615.4000000000005
                  4564.5
      4583.4000000000005
      4630.1000000000004
      4642.8000000000002
      4624.1999999999998
      4673.8000000000002
      4693.1999999999998
                  4718.5
      4728.3000000000002
      4739.8000000000002
      4716.6000000000004
      4717.6999999999998
                  4734.5
      4776.9000000000005
      4793.9000000000005
      4803.1000000000004
      4770.4000000000005
      4795.9000000000005
      4805.3000000000002
      4760.8000000000002
      4733.1000000000004
      4742.4000000000005
      4719.4000000000005
      4753.4000000000005
                  4741.5
      4749.8000000000002
      4703.1999999999998
      4735.6999999999998
      4751.1999999999998
      4747.9000000000005
      4722.8000000000002
      4728.6999999999998
      4703.9000000000005
      4688.4000000000005
                    4694
      4736.8000000000002
      4722.8000000000002
      4728.1999999999998
      4735.1999999999998
      4696.8000000000002
      4731.1000000000004
                    4733
      4777.4000000000005
      4787.6999999999998
      4798.1000000000004
      4819.8000000000002
      4820.1000000000004
      4814.3000000000002
                    4847
                    4806
      4824.3000000000002
      4854.1000000000004
      4840.6999999999998
      4818.6999999999998
      4783.6000000000004
      4800.3000000000002
      4820.8000000000002
      4846.6999999999998
      4823.9000000000005
      4818.3000000000002
      4800.8000000000002
      4803.3000000000002
                  4812.5
      4843.1999999999998
      4847.1000000000004
      4853.4000000000005
      4832.8000000000002
      4852.3000000000002
      4906.1999999999998
      4916.1999999999998
      4908.3000000000002
                  4941.5
      4979.8000000000002
                  4995.5
      4990.4000000000005
                    5000
      5044.1999999999998
      5041.8000000000002
      5058.9000000000005
      5053.1999999999998
      5057.4000000000005
      5057.1999999999998
      5060.8000000000002
      5032.9000000000005
                  4988.5
      4972.1000000000004
      5006.8000000000002
                  4968.5
                  5000.5
      4992.8000000000002
      5014.8000000000002
      5036.3000000000002
      5027.1999999999998
      5010.9000000000005
      4996.1000000000004
      4962.1000000000004
                    4982
                    4975
      5000.1999999999998
      4937.6000000000004
      4922.1000000000004
      4923.3000000000002
                  4933.5
      4937.3000000000002
      4910.4000000000005
                  4922.5
                    4919
      4900.6999999999998
      4894.4000000000005
                    4914
      4896.6999999999998
      4942.9000000000005
      4947.4000000000005
                    4977
      4983.6000000000004
      4973.1999999999998
      4946.1999999999998
      4960.8000000000002
      4945.4000000000005
      4891.6000000000004
      4827.1000000000004
      4855.6000000000004
                    4822
      4819.6000000000004
      4849.3000000000002
      4864.9000000000005
                  4845.5
      4789.4000000000005
      4790.1999999999998
      4801.6999999999998
      4861.1999999999998
                  4882.5
      4902.3000000000002
      4918.9000000000005
      4910.3000000000002
      4892.4000000000005
      4875.4000000000005
      4893.1999999999998
                  4886.5
      4884.1999999999998
                  4898.5
      4949.4000000000005
      4962.6999999999998
      4971.8000000000002
      4989.8000000000002
                  4982.5
                  4971.5
      4994.9000000000005
      4986.3000000000002
                    4964
                    5011
                    5005
      4999.4000000000005
      4980.4000000000005
      5025.1999999999998
      5003.6999999999998
      5009.1999999999998
      5030.4000000000005
      5050.4000000000005
      5046.8000000000002
                  5019.5
                    5045
      5077.6000000000004
                    5072
      5082.1000000000004
      5099.3000000000002
      5114.4000000000005
                    5079
                  5043.5
      5090.4000000000005
      5109.1000000000004
      5113.1999999999998
                    5161
      5184.3000000000002
      5190.1000000000004
      5229.6000000000004
      5158.3000000000002
      5232.1999999999998
      5242.4000000000005
      5217.1999999999998
      5245.9000000000005
      5259.6999999999998
      5230.8000000000002
      5214.1999999999998
                  5201.5
      5215.1999999999998
      5221.6000000000004
      5241.8000000000002
      5270.6999999999998
      5256.1999999999998
      5263.6000000000004
      5270.3000000000002
      5282.3000000000002
      5290.8000000000002
                  5327.5
      5332.3000000000002
                  5315.5
      5314.6999999999998
      5344.3000000000002
      5363.6999999999998
                  5377.5
      5358.6000000000004
      5345.8000000000002
      5344.1999999999998
      5322.3000000000002
      5292.6999999999998
      5269.3000000000002
      5312.6000000000004
      5318.4000000000005
      5300.1999999999998
      5275.1999999999998
      5255.6999999999998
      5228.1000000000004
      5255.8000000000002
      5296.9000000000005
                  5328.5
      5326.8000000000002
      5337.8000000000002
      5359.1999999999998
      5365.9000000000005
      5340.8000000000002
      5359.3000000000002
      5375.1000000000004
                    5338
      5347.4000000000005
                  5383.5
      5407.9000000000005
      5429.6999999999998
      5416.4000000000005
      5369.6999999999998
      5385.6999999999998
      5413.6000000000004
      5453.1000000000004
      5447.3000000000002
      5494.8000000000002
      5478.1999999999998
      5477.6999999999998
                  5501.5
      5494.4000000000005
      5427.8000000000002
      5372.4000000000005
      5362.3000000000002
                  5374.5
      5380.6999999999998
      5342.1999999999998
      5265.1999999999998
                    5275
                  5286.5
      5263.9000000000005
      5167.8000000000002
      5164.1000000000004
      5142.1000000000004
      5207.6000000000004
      5182.1000000000004
      5227.8000000000002
      5182.8000000000002
      5213.4000000000005
      5317.3000000000002
      5344.3000000000002
      5358.6000000000004
      5431.9000000000005
      5423.6000000000004
      5460.8000000000002
      5460.9000000000005
      5439.8000000000002
                  5423.5
      5465.1000000000004
                    5470
      5439.6000000000004
                    5430
                    5460
      5498.9000000000005
      5497.9000000000005
      5517.1999999999998
      5531.6999999999998
                    5511
      5523.8000000000002
      5477.4000000000005
                    5491
      5423.1999999999998
      5486.1000000000004
      5528.1000000000004
      5510.4000000000005
      5538.8000000000002
      5528.8000000000002
      5531.1000000000004
      5517.4000000000005
                  5501.5
      5507.1999999999998
      5521.1000000000004
      5495.3000000000002
      5531.6000000000004
      5539.8000000000002
      5547.9000000000005
      5587.4000000000005
                    5597
      5595.4000000000005
      5622.8000000000002
      5638.3000000000002
      5618.8000000000002
                  5681.5
      5714.6000000000004
      5691.1999999999998
      5731.8000000000002
                  5731.5
      5688.8000000000002
                  5731.5
      5735.1000000000004
                    5711
      5740.1999999999998
                    5699
      5663.6999999999998
      5693.1999999999998
      5672.4000000000005
      5660.9000000000005
      5633.8000000000002
      5704.4000000000005
      5722.6000000000004
      5786.8000000000002
      5779.8000000000002
      5760.3000000000002
      5801.6000000000004
      5747.3000000000002
      5759.3000000000002
      5772.4000000000005
      5746.8000000000002
      5725.1000000000004
      5808.6999999999998
      5764.1000000000004
                  5793.5
      5792.3000000000002
                  5791.5
      5828.9000000000005
      5846.1999999999998
                    5863
      5857.6999999999998
      5872.4000000000005
                    5836
                  5860.5
      5875.9000000000005
                  5791.5
      5844.1000000000004
                    5833
      5858.6999999999998
      5897.8000000000002
      5857.4000000000005
      5812.9000000000005
      5855.9000000000005
      5907.9000000000005
      5952.8000000000002
      5950.6000000000004
      5965.1000000000004
      5993.1999999999998
      5999.4000000000005
      5991.6999999999998
      5991.3000000000002
                  6007.5
      5990.1000000000004
      6036.3000000000002
      5972.1999999999998
      5935.6999999999998
      5959.1999999999998
      6015.1999999999998
      5964.6000000000004
      6024.3000000000002
      6004.6999999999998
      6044.1000000000004
      6045.6999999999998
      6026.1000000000004
                    6067
                  6016.5
      6000.8000000000002
      6029.4000000000005
      6044.1000000000004
      6089.8000000000002
      6081.4000000000005
      6132.6999999999998
      6098.6999999999998
      6086.6000000000004
      6104.3000000000002
                    6060
      6023.1000000000004
      6082.1000000000004
                    6010
      6036.9000000000005
      6091.6999999999998
      6067.1000000000004
      6105.6000000000004
      6083.4000000000005
                    6042
      5912.1000000000004
      5841.3000000000002
      5846.1999999999998
                  5675.5
      5671.6000000000004
      5657.4000000000005
      5532.6999999999998
      5678.6999999999998
      5587.1000000000004
      5677.6999999999998
                    5791
                    5652
      5723.8000000000002
      5749.6999999999998
      5764.6000000000004
      5762.1000000000004
      5669.8000000000002
      5706.3000000000002
      5562.9000000000005
      5655.1999999999998
      5620.9000000000005
      5519.6000000000004
      5506.8000000000002
      5619.3000000000002
      5597.4000000000005
      5626.1000000000004
      5658.1999999999998
                    5665
      5684.1000000000004
      5692.1000000000004
      5681.1999999999998
      5652.3000000000002
      5678.6000000000004
                  5791.5
      5833.4000000000005
      5884.4000000000005
                  5883.5
      5826.6999999999998
                    5890
      5888.9000000000005
      5896.9000000000005
      5857.3000000000002
      5860.6000000000004
                    5765
      5707.6000000000004
                    5701
      5681.6999999999998
                    5778
      5770.9000000000005
      5719.6999999999998
      5833.9000000000005
      5851.1999999999998
      5877.1000000000004
                  5929.5
      5974.9000000000005
      5928.3000000000002
      5880.8000000000002
      5932.1000000000004
      5838.4000000000005
      5889.4000000000005
      5828.8000000000002
      5818.1000000000004
                  5860.5
      5823.4000000000005
      5820.1000000000004
      5870.9000000000005
      5897.9000000000005
      5896.6000000000004
      5900.4000000000005
      5903.4000000000005
      5915.1999999999998
      5902.6000000000004
                    5860
      5869.1000000000004
      5878.6000000000004
      5888.3000000000002
      5929.3000000000002
      5906.1000000000004
      5949.1000000000004
      5986.6000000000004
      5981.6999999999998
      5929.3000000000002
      5858.1000000000004
      5879.3000000000002
      5850.8000000000002
                  5895.5
      5892.1999999999998
      5877.1999999999998
                    5877
      5890.1999999999998
      5831.8000000000002
      5866.1999999999998
      5896.6999999999998
      5822.3000000000002
      5798.3000000000002
      5873.6000000000004
      5930.1000000000004
      5971.3000000000002
      5960.8000000000002
      5957.8000000000002
      5937.1000000000004
                  5966.5
                  6004.5
      6001.1999999999998
      6030.9000000000005
      6072.6999999999998
                  6073.5
      6121.3000000000002
      6157.3000000000002
      6172.4000000000005
      6108.6000000000004
      6150.4000000000005
                    6156
      6155.1999999999998
      6166.1000000000004
                  6182.5
      6214.6000000000004
      6184.8000000000002
      6160.9000000000005
      6126.8000000000002

