
      82.329999999999998
      79.010000000000005
      76.329999999999998
      75.400000000000006
      78.430000000000007
      83.099999999999994
      83.670000000000002
      82.790000000000006
                      86
      90.469999999999999
      92.469999999999999
      88.670000000000002
                    87.5
      91.620000000000005
      91.329999999999998
      93.769999999999996
      94.670000000000002
      94.670000000000002
      99.930000000000007
                  100.73
      92.739999999999995
      96.099999999999994
      96.200000000000003
      101.51000000000001
                  107.67
                  108.67
                     114
                  119.73
                  115.33
                  114.33
                  117.61
                  108.34
                  108.47
                  110.27
                  106.69
                  108.67
      110.06999999999999
      120.40000000000001
                  119.66
                  125.33
      119.40000000000001
      122.93000000000001
                  124.87
                  127.67
                  127.02
                     124
                     122
                  117.59
                  121.67
                  124.33
      114.06999999999999
                  113.87
                  102.06
                  101.67
                  106.66
                  116.83
                  113.33
                  105.53
      105.51000000000001
                   110.2
                  106.67
      104.59999999999999
                  102.83
                      99
      99.989999999999995
      94.670000000000002
      91.700000000000003
      88.989999999999995
      96.700000000000003
                     100
      101.93000000000001
      96.760000000000005
      94.370000000000005
      95.829999999999998
      89.799999999999997
      94.340000000000003
      97.299999999999997
      99.900000000000006
      99.900000000000006
      99.900000000000006
      99.900000000000006
      101.06999999999999
                     104
      101.06999999999999
                  108.67
                  108.67
                     113
                  108.73
                   109.3
                  113.33
      111.29000000000001
                  107.12
                  101.69
                  102.33
                     103
                  102.64
      105.70999999999999
                  101.39
      99.920000000000002
      98.329999999999998
      94.730000000000004
      97.799999999999997
      96.670000000000002
      99.170000000000002
                  100.13
                     104
      103.70999999999999
                  104.81
                  109.33
                  112.87
                  111.33
                  110.97
                  108.97
                  110.27
                  110.67
                     108
                  109.34
                  109.33
                   107.8
                  104.67
                  106.17
      108.59999999999999
                  106.77
                  105.53
                   106.2
                  106.67
                  105.77
                  104.67
                  103.08
                  105.33
                  108.66
                     112
                  111.41
      108.40000000000001
                  108.33
                  110.67
                  110.87
                  116.61
                     120
                     120
                     121
                     120
                  117.33
                  118.67
                  116.67
                  120.47
                  118.67
      115.06999999999999
                   111.7
                  108.27
                  111.33
                  112.17
      110.59999999999999
                  105.67
      105.20999999999999
                  108.33
                  110.83
                     113
                  112.27
                  109.47
                  110.33
                  110.17
                     110
      110.59999999999999
                  113.28
                  116.14
                  116.73
                  115.47
                  115.87
                  117.67
                   118.5
                  119.33
      117.56999999999999
                  120.33
                  123.67
                  126.13
                  125.33
      121.98999999999999
                  123.11
                  118.17
                  120.38
      119.56999999999999
      116.98999999999999
                  118.67
      119.93000000000001
                  116.67
                  114.41
                  110.67
                   105.8
                  101.67
                  105.67
      104.45999999999999
                  102.97
                  100.97
      97.329999999999998
      97.599999999999994
      97.599999999999994
      92.670000000000002
      97.870000000000005
      96.599999999999994
      94.329999999999998
      96.409999999999997
      93.599999999999994
      92.930000000000007
      99.329999999999998
      96.370000000000005
                      91
      87.170000000000002
      93.329999999999998
      95.569999999999993
                      96
      97.530000000000001
      94.969999999999999
      94.700000000000003
      96.209999999999994
      98.269999999999996
                  100.03
                  101.13
      102.20999999999999
                  103.33
                  102.59
      98.799999999999997
      93.870000000000005
      91.010000000000005
      88.989999999999995
                      87
      91.129999999999995
      91.969999999999999
      89.129999999999995
      87.769999999999996
      84.329999999999998
      86.150000000000006
      84.930000000000007
      87.969999999999999
      90.730000000000004
      92.390000000000001
      89.709999999999994
      91.340000000000003
      87.129999999999995
      90.799999999999997
      88.599999999999994
                      95
      96.840000000000003
      96.670000000000002
      99.769999999999996
      99.670000000000002
      98.870000000000005
      95.200000000000003
      92.799999999999997
      89.989999999999995
      91.129999999999995
      93.099999999999994
      86.659999999999997
      88.069999999999993
      90.870000000000005
      90.870000000000005
      90.870000000000005
      91.670000000000002
      92.870000000000005
      92.799999999999997
      92.799999999999997
      91.069999999999993
      93.769999999999996
      93.200000000000003
      94.530000000000001
      94.150000000000006
      94.670000000000002
      92.010000000000005
      94.599999999999994
      96.530000000000001
      98.329999999999998
      96.930000000000007
      101.06999999999999
      101.40000000000001
      104.06999999999999
                   103.2
                  103.77
                  104.73
                  105.77
                     103
                  102.53
                  100.87
                  103.53
                  101.86
      101.59999999999999
                  100.47
                  100.73
      97.469999999999999
      98.599999999999994
      95.370000000000005
                      96
      96.659999999999997
      95.329999999999998
      98.670000000000002
      95.069999999999993
      93.799999999999997
      91.049999999999997
                      89
      87.799999999999997
      80.670000000000002
      84.769999999999996
      84.530000000000001
      83.569999999999993
      81.670000000000002
      84.069999999999993
      86.629999999999995
      90.129999999999995
      89.370000000000005
      88.400000000000006
                      84
                      80
                    78.5
                      77
      79.379999999999995
      75.329999999999998
      75.400000000000006
      78.129999999999995
      74.400000000000006
      70.269999999999996
      73.349999999999994
      78.329999999999998
      83.329999999999998
                      80
      79.400000000000006
      77.069999999999993
      76.489999999999995
      72.230000000000004
      72.530000000000001
      76.769999999999996
      75.909999999999997
      76.269999999999996
      79.730000000000004
      82.670000000000002
                      84
                      84
                      84
                      80
      86.069999999999993
      86.870000000000005
      85.019999999999996
      83.280000000000001
      83.549999999999997
      85.019999999999996
      80.730000000000004
      80.069999999999993
      83.219999999999999
      83.219999999999999
      85.299999999999997
      83.379999999999995
      84.299999999999997
      84.599999999999994
      84.120000000000005
      82.599999999999994
      84.599999999999994
      84.519999999999996
      83.069999999999993
      83.060000000000002
      85.299999999999997
      87.599999999999994
                      88
      89.950000000000003
      90.700000000000003
      89.969999999999999
      91.150000000000006
      90.379999999999995
      90.049999999999997
      88.310000000000002
      85.400000000000006
      84.719999999999999
      82.780000000000001
      83.450000000000003
      85.379999999999995
      85.099999999999994
      85.400000000000006
      85.450000000000003
      83.709999999999994
      79.829999999999998
      79.950000000000003
      78.620000000000005
                   76.25
      73.340000000000003
      74.599999999999994
      71.450000000000003
      71.989999999999995
      71.540000000000006
      72.599999999999994
      71.769999999999996
      69.439999999999998
      71.650000000000006
                    72.5
      73.120000000000005
      73.280000000000001
      71.349999999999994
      67.939999999999998
      64.040000000000006
                      62
                   61.32
                    60.5
      63.700000000000003
      63.799999999999997
                      61
      61.670000000000002
      60.100000000000001
      61.759999999999998
      60.350000000000001
      60.899999999999999
      56.549999999999997
      57.409999999999997
      59.939999999999998
      61.600000000000001
      62.549999999999997
      64.349999999999994
                    64.5
      65.400000000000006
      64.049999999999997
      63.399999999999999
                   63.25
      61.780000000000001
      59.549999999999997
                      59
      59.899999999999999
      60.210000000000001
      59.590000000000003
      57.100000000000001
      55.020000000000003
      54.299999999999997
                    54.5
      55.490000000000002
      55.600000000000001
      59.579999999999998
      60.009999999999998
      59.299999999999997
      58.649999999999999
      55.310000000000002
      56.060000000000002
      54.240000000000002
      56.899999999999999
                      53
      50.950000000000003
      48.350000000000001
      47.710000000000001
      45.049999999999997
                      46
      45.880000000000003
      42.619999999999997
      43.350000000000001
      43.259999999999998
      41.009999999999998
                    37.5
      37.649999999999999
      40.200000000000003
      40.189999999999998
                      42
                    42.5
      41.890000000000001
      41.399999999999999
      41.399999999999999
      42.659999999999997
      46.200000000000003
      43.200000000000003
                   44.25
      44.759999999999998
                    47.5
      49.700000000000003
      48.149999999999999
      47.700000000000003
      49.689999999999998
      50.990000000000002
      49.990000000000002
      49.299999999999997
      49.840000000000003
      52.219999999999999
      55.189999999999998
      54.490000000000002
      57.329999999999998
      54.850000000000001
      51.899999999999999
      53.829999999999998
      54.399999999999999
      53.490000000000002
      56.240000000000002
      56.259999999999998
      58.090000000000003
      60.399999999999999
      59.340000000000003
      56.380000000000003
      57.799999999999997
      62.140000000000001
                    66.5
                      68
      68.299999999999997
      66.659999999999997
      66.280000000000001
      67.459999999999994
      67.799999999999997
                    68.5
                      69
      65.549999999999997
      64.599999999999994
                      66
      65.739999999999995
      67.010000000000005
      73.650000000000006
      74.049999999999997
      72.099999999999994
      70.099999999999994
                   72.25
      70.799999999999997
                    68.5
      67.409999999999997
      71.849999999999994
                   71.25
      70.420000000000002
                      69
                   71.75
                   71.75
                   71.75
                   71.75
                   74.25
      74.349999999999994
      74.349999999999994
      74.349999999999994
      74.150000000000006
      77.900000000000006
                   77.75
      76.200000000000003
      76.700000000000003
      78.519999999999996
      76.280000000000001
                      76
      72.659999999999997
      72.939999999999998
                   69.25
      72.950000000000003
      72.349999999999994
      70.489999999999995
      68.959999999999994
      70.640000000000001
      70.849999999999994
      71.099999999999994
      70.950000000000003
      69.299999999999997
      69.700000000000003
      68.549999999999997
      69.280000000000001
      66.700000000000003
                   65.75
      63.609999999999999
      65.549999999999997
      64.340000000000003
      66.980000000000004
      65.450000000000003
      66.150000000000006
      67.099999999999994
      64.989999999999995
                      66
      64.310000000000002
      63.200000000000003
                      65
                   61.82
      64.209999999999994
      65.599999999999994
      67.560000000000002
      67.700000000000003
      68.900000000000006
      72.450000000000003
                      74
      74.840000000000003
      76.099999999999994
      78.120000000000005
      77.269999999999996
      74.950000000000003
      73.400000000000006
      74.150000000000006
      75.790000000000006
      76.700000000000003
      76.420000000000002
      73.799999999999997
                   73.25
      74.849999999999994
      73.599999999999994
      74.400000000000006
      74.400000000000006
                      76
                      76
                      76
      73.299999999999997
      72.310000000000002
      71.400000000000006
      70.920000000000002
      69.409999999999997
      69.650000000000006
      70.700000000000003
      68.209999999999994
      67.200000000000003
      69.099999999999994
                    71.5
      70.459999999999994
                      69
      67.879999999999995
      63.859999999999999
      63.759999999999998
      63.600000000000001
      66.310000000000002
      66.189999999999998
      65.799999999999997
      67.510000000000005
      67.510000000000005
      66.549999999999997
      65.090000000000003
                      64
      65.049999999999997
      68.640000000000001
      67.400000000000006
      65.530000000000001
                      68
                      71
      71.980000000000004
      71.049999999999997
      71.709999999999994
      71.349999999999994
      70.799999999999997
                   69.25
                   68.25
      68.879999999999995
      70.049999999999997
                    69.5
      68.189999999999998
      66.299999999999997
                      66
      65.620000000000005
      63.700000000000003
      63.759999999999998
      64.379999999999995
      63.200000000000003
      63.259999999999998
      63.140000000000001
      60.859999999999999
      61.509999999999998
      59.390000000000001
      61.840000000000003
      61.149999999999999
                      59
                   58.68
      59.789999999999999
      57.810000000000002
      58.479999999999997
      55.259999999999998
      58.700000000000003
      60.780000000000001
                    60.5
      57.439999999999998
      56.100000000000001
      58.549999999999997
                      63
                    62.5
                   59.32
                    56.5
      56.700000000000003
                   56.75
      54.530000000000001
                      56
      58.899999999999999
      58.600000000000001
                    55.5
      52.600000000000001
      50.100000000000001
                    50.5
      47.649999999999999
                      49
                   52.75
      52.289999999999999
                    50.5
      47.880000000000003
      45.049999999999997
      41.649999999999999
      44.890000000000001
      44.299999999999997
      48.549999999999997
      48.850000000000001
      46.649999999999999
      47.979999999999997
      46.799999999999997
      48.090000000000003
      49.149999999999999
      51.200000000000003
      49.759999999999998
                      53
      52.740000000000002
      51.450000000000003
      49.409999999999997
                   51.25
      48.299999999999997
      47.590000000000003
      48.060000000000002
      46.350000000000001
      43.200000000000003
      43.299999999999997
      42.799999999999997
      44.840000000000003
      43.950000000000003
      45.140000000000001
      46.799999999999997
      43.810000000000002
      42.780000000000001
      42.530000000000001
      41.369999999999997
      38.469999999999999
      37.049999999999997
                   37.25
      36.310000000000002
                    37.5
                   38.32
                      38
      36.359999999999999
                      34
                   34.82
      35.280000000000001
      34.159999999999997
      32.719999999999999
      32.119999999999997
      32.049999999999997
      32.420000000000002
                      35
      37.530000000000001
      36.880000000000003
                      41
      39.479999999999997
      42.130000000000003
      42.149999999999999
                   43.25
      41.979999999999997
                      40
      41.770000000000003
      42.979999999999997
      45.020000000000003
      42.479999999999997
      45.289999999999999
      47.789999999999999
      48.299999999999997
      51.350000000000001
      50.100000000000001
      48.450000000000003
      45.850000000000001
      44.979999999999997
      43.189999999999998
      44.630000000000003
      43.899999999999999
      46.399999999999999
      47.659999999999997
      46.780000000000001
      46.530000000000001
      47.409999999999997
      49.700000000000003
      50.189999999999998
      49.950000000000003
      48.340000000000003
      50.350000000000001
      49.890000000000001
      49.369999999999997
      51.369999999999997
      49.509999999999998
      49.200000000000003
                   46.57
      46.490000000000002
      44.299999999999997
      45.350000000000001
      44.880000000000003
      43.799999999999997
      43.560000000000002
      45.200000000000003
                   44.25
      42.399999999999999
      41.579999999999998
      42.020000000000003
      42.140000000000001
      42.140000000000001
      42.140000000000001
      42.140000000000001
                      40
                    40.5
                    40.5
                    40.5
      44.299999999999997
                   43.25
      45.039999999999999
      44.600000000000001
      41.780000000000001
      42.560000000000002
      42.289999999999999
      43.100000000000001
      43.770000000000003
      43.259999999999998
      41.770000000000003
      39.109999999999999
      38.979999999999997
      39.390000000000001
                   38.32
      40.189999999999998
      37.210000000000001
                   35.57
      35.799999999999997
      37.049999999999997
                   37.25
      38.149999999999999
      37.590000000000003
      35.659999999999997
      37.299999999999997
                      36
      34.829999999999998
      35.039999999999999
      35.420000000000002
      34.310000000000002
      34.659999999999997
      36.520000000000003
      36.700000000000003
                   38.25
      36.490000000000002
      36.079999999999998
      37.100000000000001
      36.149999999999999
      35.149999999999999
      35.469999999999999
      36.469999999999999
      36.780000000000001
      37.380000000000003
      37.109999999999999
      37.149999999999999
      36.200000000000003
      35.950000000000003
      35.049999999999997
      34.200000000000003
      32.549999999999997
      35.369999999999997
      36.359999999999999
      37.890000000000001
      39.399999999999999
      40.280000000000001
      40.119999999999997
      42.149999999999999
      39.880000000000003
      41.350000000000001
      40.969999999999999
      40.859999999999999
      38.939999999999998
      37.799999999999997
      37.799999999999997
      40.079999999999998
      39.530000000000001
      40.670000000000002
      43.299999999999997
                   42.93
      41.420000000000002
      40.859999999999999
      41.399999999999999
      42.350000000000001
      43.100000000000001
      43.030000000000001
      43.920000000000002
      43.920000000000002
      43.920000000000002
      44.479999999999997
      43.740000000000002
      43.600000000000001
                   42.82
      44.920000000000002
      44.359999999999999
      44.670000000000002
      44.670000000000002
      45.009999999999998
      45.340000000000003
      46.149999999999999
      44.939999999999998
                   43.25
      43.990000000000002
      42.899999999999999
                   42.18
      41.789999999999999
      42.289999999999999
      42.030000000000001
      40.289999999999999
      39.659999999999997
      39.450000000000003
      38.850000000000001
      38.670000000000002
      38.689999999999998
      39.539999999999999
      39.840000000000003
      39.289999999999999
      40.299999999999997
                   41.25
      40.859999999999999
      41.770000000000003
                   41.75
      43.369999999999997
                   42.43
      42.990000000000002
      42.619999999999997
      42.719999999999999
      41.960000000000001
                      43
      43.310000000000002
      43.759999999999998
      43.469999999999999
                    43.5
      43.109999999999999
      43.210000000000001
      43.159999999999997
      43.350000000000001
      42.899999999999999
      42.719999999999999
      41.350000000000001
      43.100000000000001
      43.490000000000002
      43.719999999999999
      45.700000000000003
      46.600000000000001
                   46.25
                   45.25
      46.149999999999999
      46.719999999999999
      47.200000000000003
      47.600000000000001
      46.810000000000002
      47.409999999999997
      46.420000000000002
      47.369999999999997
      47.350000000000001
      49.100000000000001
                      49
      49.630000000000003
      49.700000000000003
      49.520000000000003
      50.299999999999997
      49.649999999999999
                    49.5
      50.149999999999999
      49.700000000000003
                   49.18
      49.490000000000002
      49.530000000000001
      49.960000000000001
                    51.5
      52.759999999999998
                    52.5
                   53.68
      54.719999999999999
      54.609999999999999
      56.079999999999998
      56.640000000000001
      55.369999999999997
                   54.25
      54.719999999999999
                   56.07
      56.399999999999999
      57.850000000000001
      57.359999999999999
      57.869999999999997
                   58.32
      57.149999999999999
      58.090000000000003
      56.630000000000003
                   54.93
      55.640000000000001
      54.600000000000001
      54.609999999999999
      55.869999999999997
      56.270000000000003
      57.299999999999997
                    56.5
      53.770000000000003
      53.100000000000001
      51.850000000000001
      51.670000000000002
      51.950000000000003
      52.200000000000003
      51.140000000000001
      52.439999999999998
      52.020000000000003
      54.450000000000003
      54.329999999999998
      53.899999999999999
      54.100000000000001
      55.719999999999999
      55.460000000000001
      56.549999999999997
      56.420000000000002
      56.850000000000001
                   56.75
      55.850000000000001
                   56.68
      57.189999999999998
      55.399999999999999
                      55
      54.149999999999999
      55.259999999999998
      56.469999999999999
      57.280000000000001
                   57.75
                      58
                      60
      59.969999999999999
      59.670000000000002
      60.219999999999999
      61.399999999999999
      60.689999999999998
      60.780000000000001
      60.740000000000002
      62.369999999999997
      63.020000000000003
      60.270000000000003
      59.560000000000002
      58.880000000000003
      58.549999999999997
      58.810000000000002
      60.770000000000003
      60.869999999999997
      60.149999999999999
                   60.75
      60.859999999999999
      62.799999999999997
      62.780000000000001
      64.849999999999994
      64.049999999999997
      63.350000000000001
      62.549999999999997
      63.539999999999999
      63.420000000000002
                      64
                   63.57
      64.239999999999995
      63.840000000000003
      62.350000000000001
      62.299999999999997
      63.259999999999998
      62.399999999999999
      62.409999999999997
      62.409999999999997
      62.409999999999997
      62.409999999999997
      63.479999999999997
                    63.5
                    63.5
                    63.5
                      64
                      64
      64.489999999999995
      64.799999999999997
      67.569999999999993
      67.549999999999997
      67.150000000000006
      67.349999999999994
      68.299999999999997
      68.150000000000006
      68.219999999999999
      68.019999999999996
      67.560000000000002
      67.180000000000007
      67.879999999999995
      66.230000000000004
      65.629999999999995
      66.109999999999999
      66.510000000000005
      65.549999999999997
      64.989999999999995
                   64.75
      64.969999999999999
      64.200000000000003
      64.019999999999996
                    64.5
      65.780000000000001
      66.799999999999997
      67.829999999999998
      67.689999999999998
                    66.5
      67.040000000000006
      66.939999999999998
      66.349999999999994
      66.510000000000005
      64.730000000000004
      63.789999999999999
      61.920000000000002
                   62.75
      62.960000000000001
      62.049999999999997
      63.020000000000003
      64.390000000000001
      63.310000000000002
      63.890000000000001
      63.850000000000001
      63.649999999999999
      62.869999999999997
      62.119999999999997
                    60.5
      60.719999999999999
      58.829999999999998
      59.079999999999998
      60.509999999999998
      59.560000000000002
      59.100000000000001
      57.780000000000001
      57.409999999999997
      57.299999999999997
                   59.25
      59.549999999999997
      60.609999999999999
                   60.75
                   60.07
      61.100000000000001
                    62.5
      63.259999999999998
      62.200000000000003
                   62.25
      62.549999999999997
      62.549999999999997
      62.549999999999997
      63.369999999999997
                   62.25
      61.579999999999998
                   62.25
      62.189999999999998
      63.100000000000001
      63.020000000000003
      64.030000000000001
      65.049999999999997
      64.980000000000004
      64.709999999999994
                      62
      60.799999999999997
                   60.25
                    61.5
                    61.5
      61.460000000000001
      59.259999999999998
      58.979999999999997
      57.390000000000001
      58.159999999999997
      56.509999999999998
                      57
      56.039999999999999
      54.950000000000003
      55.899999999999999
      57.520000000000003
      57.049999999999997
      57.100000000000001
      57.939999999999998
      56.920000000000002
                   57.75
      58.289999999999999
      57.640000000000001
      58.049999999999997
      57.109999999999999
      57.539999999999999
      57.689999999999998
      58.369999999999997
      59.789999999999999
      60.030000000000001
                   59.25
      59.210000000000001
      59.299999999999997
      58.140000000000001
      58.380000000000003
      58.130000000000003
      57.560000000000002
      57.520000000000003
      57.079999999999998
      55.530000000000001
      56.509999999999998
      58.100000000000001
      58.200000000000003
      59.009999999999998
                      59
      59.109999999999999
      58.600000000000001
      57.670000000000002
      57.640000000000001
      56.869999999999997
                   56.82
      56.770000000000003
      56.390000000000001
      56.100000000000001
                   56.68
      56.759999999999998
      55.439999999999998
      55.409999999999997
      54.880000000000003
      55.329999999999998
                    56.5
                   55.25
      54.990000000000002
      53.950000000000003
      54.899999999999999
      54.649999999999999
      57.509999999999998
      58.310000000000002
                   57.75
      57.899999999999999
      56.969999999999999
      57.020000000000003
      55.520000000000003
                      55
      55.399999999999999
      54.850000000000001
      53.880000000000003
      53.399999999999999
      54.460000000000001
      54.299999999999997
      54.609999999999999
                   54.75
      54.990000000000002
                   56.07
                   55.75
      55.950000000000003
      56.399999999999999
      56.840000000000003
      57.039999999999999
      56.229999999999997
      57.420000000000002
      58.030000000000001
      58.600000000000001
      59.049999999999997
      59.280000000000001
      59.350000000000001
      58.899999999999999
      59.799999999999997
      60.950000000000003
      60.799999999999997
      60.359999999999999
      60.280000000000001
      60.630000000000003
      60.829999999999998
      61.060000000000002
      60.399999999999999
      59.659999999999997
      59.600000000000001
      59.049999999999997
      59.039999999999999
      59.689999999999998
      59.210000000000001
      60.399999999999999
      61.079999999999998
      61.619999999999997
      61.689999999999998
      61.850000000000001
      61.259999999999998
      61.350000000000001
      59.689999999999998
      59.700000000000003
      58.909999999999997
      58.700000000000003
      58.689999999999998
      59.689999999999998
      58.409999999999997
      58.810000000000002
      58.859999999999999
                    57.5
      57.600000000000001
      58.450000000000003
      58.909999999999997
      58.350000000000001
      59.149999999999999
      59.609999999999999
      59.799999999999997
      59.890000000000001
      60.600000000000001
      60.799999999999997
      60.439999999999998
      60.549999999999997
      60.299999999999997
      60.789999999999999
      60.710000000000001
      60.270000000000003
      61.549999999999997
      61.350000000000001
                   60.75
      60.579999999999998
      60.689999999999998
      60.560000000000002
      60.829999999999998
      60.609999999999999
      60.710000000000001
                   60.25
      61.520000000000003
      62.090000000000003
      62.439999999999998
      62.130000000000003
      62.350000000000001
      61.990000000000002
      61.200000000000003
      61.640000000000001
      62.210000000000001
                    62.5
      61.990000000000002
      61.990000000000002
      61.350000000000001
      61.530000000000001
      61.850000000000001
      62.049999999999997
      62.130000000000003
      62.130000000000003
      61.990000000000002
      62.539999999999999
      62.240000000000002
      62.380000000000003
      62.380000000000003
      62.950000000000003
      62.600000000000001
      61.689999999999998
      62.270000000000003
      62.590000000000003
      62.530000000000001
      61.880000000000003
      61.399999999999999
      61.079999999999998
                      61
      61.579999999999998
      61.979999999999997
      61.950000000000003
      61.579999999999998
      61.020000000000003
      61.119999999999997
      61.850000000000001
      61.799999999999997
      63.600000000000001
      61.399999999999999
      60.840000000000003
      61.350000000000001
                   60.82
      59.609999999999999
                   60.18
      60.700000000000003
      60.399999999999999
      60.539999999999999
      60.530000000000001
      61.399999999999999
      61.200000000000003
      61.219999999999999
      60.780000000000001
      60.170000000000002
      60.009999999999998
      60.219999999999999
      59.630000000000003
      59.490000000000002
      59.079999999999998
      59.689999999999998
      59.229999999999997
      59.950000000000003
                   60.75
                      61
      62.270000000000003
      62.299999999999997
      61.859999999999999
      61.950000000000003
      61.859999999999999
      62.119999999999997
      62.100000000000001
      62.369999999999997
      61.189999999999998
      61.380000000000003
                   61.18
      60.850000000000001
                      61
      60.990000000000002
      61.399999999999999
      61.399999999999999
      61.399999999999999
      60.969999999999999
      61.399999999999999
      61.049999999999997
                   61.25
      60.770000000000003
      61.149999999999999
      61.049999999999997
      61.240000000000002
      61.960000000000001
      61.990000000000002
      61.659999999999997
      62.350000000000001
      62.399999999999999
      60.719999999999999
      58.799999999999997
                    58.5
                   57.93
      57.909999999999997
      58.549999999999997
      58.670000000000002
                   58.18
                   57.07
      56.799999999999997
      56.630000000000003
                   56.82
      57.240000000000002
      57.259999999999998
      57.640000000000001
      57.479999999999997
      56.890000000000001
      56.270000000000003
      56.200000000000003
      56.710000000000001
                   57.32
                      57
      56.810000000000002
      58.100000000000001
      58.829999999999998
                   58.75
                      59
      58.700000000000003
      58.600000000000001
      58.759999999999998
      58.850000000000001
      59.350000000000001
      59.350000000000001
      60.409999999999997
      60.799999999999997
      60.469999999999999
      61.210000000000001
      62.600000000000001
      62.439999999999998
      62.280000000000001
                   62.43
                   62.75
      62.520000000000003
      61.640000000000001
      62.109999999999999
      62.490000000000002
      62.140000000000001
      62.219999999999999
      62.229999999999997
      63.200000000000003
      61.869999999999997
      60.799999999999997
      60.649999999999999
      60.909999999999997
      60.340000000000003
      60.789999999999999
      60.880000000000003
      61.140000000000001
      61.329999999999998
      60.280000000000001
      61.649999999999999
      62.359999999999999
      61.950000000000003
                   62.32
      63.079999999999998
      63.880000000000003
      63.520000000000003
      64.280000000000001
      64.400000000000006
      65.739999999999995
                   65.75
      65.920000000000002
      65.799999999999997
      66.180000000000007
      64.349999999999994
      63.649999999999999
      64.049999999999997
      64.230000000000004
                      64
      63.090000000000003
      62.619999999999997
      62.950000000000003
      63.869999999999997
      64.530000000000001
      64.079999999999998
      63.920000000000002
      63.619999999999997
      62.719999999999999
      62.649999999999999
      62.039999999999999
      63.200000000000003
      63.399999999999999
      63.189999999999998
      63.149999999999999
                      62
      61.130000000000003
                    61.5
      61.289999999999999
      61.539999999999999
      61.799999999999997
      61.640000000000001
      62.530000000000001
                    63.5
      63.149999999999999
      63.240000000000002
      63.990000000000002
                   64.25
      63.359999999999999
                   63.18
      62.909999999999997
      63.899999999999999
      63.700000000000003
      64.230000000000004
      62.899999999999999
      62.009999999999998
      62.100000000000001
      63.640000000000001
                      63
                   63.93
      63.539999999999999
      64.099999999999994
      64.579999999999998
      65.150000000000006
      64.049999999999997
      63.649999999999999
      63.409999999999997
      63.219999999999999
      63.259999999999998
      62.609999999999999
      62.420000000000002
      63.189999999999998
      63.240000000000002
      62.890000000000001
                    61.5
      61.450000000000003
      60.850000000000001
      61.359999999999999
      60.789999999999999
      61.049999999999997
      60.079999999999998
      60.539999999999999
      62.060000000000002
      62.130000000000003
      62.579999999999998
      62.869999999999997
      62.140000000000001
      62.200000000000003
      61.990000000000002
      62.020000000000003
      62.329999999999998
      63.299999999999997
      63.259999999999998
      63.700000000000003
      63.920000000000002
      64.230000000000004
      64.989999999999995
      65.219999999999999
      65.099999999999994
      65.400000000000006
      65.049999999999997
      65.010000000000005
      64.790000000000006
      64.900000000000006
      64.340000000000003
      65.230000000000004
      65.510000000000005
      64.989999999999995
      65.840000000000003
      66.469999999999999
      66.870000000000005
      67.799999999999997
      68.659999999999997
      70.049999999999997
      70.180000000000007
      70.200000000000003
      71.599999999999994
      72.200000000000003
      72.099999999999994
      72.209999999999994
      71.239999999999995
      71.939999999999998
      71.939999999999998
      72.659999999999997
      72.780000000000001
      73.780000000000001
      72.400000000000006
      72.939999999999998
      72.920000000000002
      75.349999999999994
      74.790000000000006
      75.140000000000001
      74.719999999999999
      73.219999999999999
      73.799999999999997
                    73.5
      72.170000000000002
      72.049999999999997
      71.280000000000001
      70.849999999999994
                   70.75
                      70
      70.549999999999997
      70.230000000000004
      71.340000000000003
                      76
      76.260000000000005
      75.620000000000005
      75.060000000000002
      75.400000000000006
      73.959999999999994
      74.069999999999993
      74.530000000000001
      74.590000000000003
      74.319999999999993
      75.950000000000003
      74.159999999999997
                      75
      75.150000000000006
      76.019999999999996
      76.650000000000006
      76.799999999999997
      76.260000000000005
      75.969999999999999
                   77.75
      78.569999999999993
      78.099999999999994
                   79.25
                      77
      77.689999999999998
                   76.25
      75.239999999999995
      75.640000000000001
      75.319999999999993
      74.439999999999998
      75.989999999999995
      76.409999999999997
      76.329999999999998
      76.299999999999997
      76.370000000000005
                   76.75
      75.980000000000004
      76.379999999999995
      76.230000000000004
      75.700000000000003
      75.359999999999999
      75.269999999999996
      74.719999999999999
      75.170000000000002
      75.909999999999997
      77.290000000000006
      77.040000000000006
                   78.25
      77.200000000000003
      77.299999999999997
      77.760000000000005
                   76.75
      76.959999999999994
      75.069999999999993
      75.040000000000006
      75.040000000000006
      75.040000000000006
      75.040000000000006
                    74.5
      77.209999999999994
      77.349999999999994
      78.109999999999999
      78.510000000000005
      77.959999999999994
      79.769999999999996
      77.340000000000003
                      75
                      75
      74.599999999999994
      73.620000000000005
      73.730000000000004
      74.950000000000003
      73.950000000000003
      73.409999999999997
      72.609999999999999
      71.400000000000006
      70.760000000000005
      69.980000000000004
      70.090000000000003
                   67.25
      67.799999999999997
      68.560000000000002
      67.040000000000006
                    68.5
      66.450000000000003
                      68
      68.459999999999994
      68.200000000000003
      66.349999999999994
      67.120000000000005
      66.989999999999995
      66.530000000000001
      65.230000000000004
      64.030000000000001
      64.659999999999997
      62.640000000000001
      63.649999999999999
      62.259999999999998
      61.600000000000001
      61.369999999999997
      63.159999999999997
      62.810000000000002
      66.989999999999995
      68.319999999999993
                    68.5
      67.980000000000004
      67.900000000000006
      66.790000000000006
      66.299999999999997
      65.950000000000003
                    67.5
      68.030000000000001
      68.469999999999999
      68.569999999999993
      67.359999999999999
      68.120000000000005
      67.469999999999999
      67.700000000000003
      65.599999999999994
      65.930000000000007
      64.299999999999997
      62.509999999999998
      62.780000000000001
      62.719999999999999
      64.280000000000001
      64.430000000000007
      63.149999999999999
      64.099999999999994
                      64
                    64.5
      63.340000000000003
      63.039999999999999
      63.109999999999999
      62.390000000000001
      63.450000000000003
                   62.68
      63.399999999999999
      61.899999999999999
      62.049999999999997
      63.109999999999999
      62.439999999999998
      62.479999999999997
      63.479999999999997
      64.790000000000006
      65.579999999999998
      65.989999999999995
      65.829999999999998
      65.700000000000003
      66.189999999999998
      65.609999999999999
      65.829999999999998
      65.540000000000006
      66.099999999999994
      66.019999999999996
      66.629999999999995
      66.180000000000007
      66.560000000000002
      67.769999999999996
      67.299999999999997
      66.420000000000002
      65.909999999999997
      65.719999999999999
      65.530000000000001
      66.680000000000007
      67.150000000000006
                    66.5
      67.420000000000002
      67.319999999999993
                      67
      67.379999999999995
      67.560000000000002
      66.870000000000005
      66.680000000000007
      68.200000000000003
      68.599999999999994
      68.620000000000005
      68.799999999999997
      68.129999999999995
      67.680000000000007
      67.489999999999995
                   67.75
      67.840000000000003
      67.209999999999994
      67.159999999999997
      66.909999999999997
      67.810000000000002
      67.319999999999993
      67.689999999999998
      67.599999999999994
      68.650000000000006
      69.349999999999994
      71.239999999999995
      71.530000000000001
      70.870000000000005
      71.159999999999997
      71.549999999999997
                   71.25
      71.040000000000006

