20020101	1.4534	0.8895
20020102	1.4468	0.9033
20020103	1.4385	0.8989
20020104	1.4473	0.8949
20020107	1.4404	0.8931
20020108	1.4394	0.8932
20020109	1.4374	0.8913
20020110	1.4391	0.8916
20020111	1.4486	0.8924
20020114	1.4495	0.8942
20020115	1.4411	0.8834
20020116	1.4372	0.8831
20020117	1.4356	0.8813
20020118	1.4383	0.8848
20020121	1.4358	0.8837
20020122	1.4289	0.8871
20020123	1.4253	0.8784
20020124	1.4258	0.8782
20020125	1.4082	0.865
20020128	1.4095	0.8616
20020129	1.4139	0.8657
20020130	1.4141	0.8613
20020131	1.4108	0.8594
20020201	1.4162	0.8618
20020204	1.4232	0.8698
20020205	1.4157	0.8677
20020206	1.4124	0.8674
20020207	1.414	0.8702
20020208	1.415	0.8722
20020211	1.4217	0.8766
20020212	1.4327	0.8768
20020213	1.4287	0.8709
20020214	1.431	0.8737
20020215	1.432	0.8734
20020218	1.4282	0.8705
20020219	1.4314	0.8763
20020220	1.4273	0.8698
20020221	1.4264	0.8704
20020222	1.4327	0.8755
20020225	1.4251	0.8695
20020226	1.4171	0.864
20020227	1.4191	0.8655
20020228	1.4174	0.8694
20020301	1.4177	0.8655
20020304	1.4231	0.8692
20020305	1.4243	0.8717
20020306	1.4227	0.8765
20020307	1.4283	0.8816
20020308	1.423	0.8749
20020311	1.4198	0.8752
20020312	1.4152	0.8758
20020313	1.4151	0.876
20020314	1.4202	0.8825
20020315	1.4248	0.8828
20020318	1.4267	0.8828
20020319	1.4241	0.8824
20020320	1.4285	0.8855
20020321	1.4264	0.8828
20020322	1.4258	0.8779
20020325	1.426	0.877
20020326	1.4257	0.8768
20020327	1.4248	0.8725
20020328	1.4251	0.8712
20020329	1.4259	0.8717
20020401	1.4412	0.8806
20020402	1.4358	0.8794
20020403	1.4361	0.881
20020404	1.4341	0.8785
20020405	1.4321	0.8783
20020408	1.4308	0.875
20020409	1.4369	0.8811
20020410	1.4364	0.8802
20020411	1.4385	0.8824
20020412	1.4372	0.8794
20020415	1.4375	0.8795
20020416	1.4405	0.8827
20020417	1.4455	0.8904
20020418	1.4478	0.8911
20020419	1.4476	0.8926
20020422	1.451	0.8894
20020423	1.4474	0.8885
20020424	1.4493	0.8927
20020425	1.4552	0.898
20020426	1.4582	0.9019
20020429	1.459	0.9033
20020430	1.458	0.9005
20020501	1.4656	0.9064
20020502	1.4633	0.9032
20020503	1.469	0.9173
20020506	1.4685	0.9183
20020507	1.4675	0.9148
20020508	1.4563	0.9046
20020509	1.46	0.9093
20020510	1.4641	0.914
20020513	1.4571	0.9121
20020514	1.4503	0.9026
20020515	1.4604	0.9119
20020516	1.4559	0.9109
20020517	1.4579	0.9203
20020520	1.4579	0.9212
20020521	1.4599	0.92
20020522	1.4592	0.926
20020523	1.4548	0.9211
20020524	1.4581	0.9208
20020527	1.4568	0.9206
20020528	1.4593	0.9286
20020529	1.4628	0.935
20020530	1.4654	0.937
20020531	1.4553	0.9342
20020603	1.4634	0.9419
20020604	1.4583	0.9394
20020605	1.4588	0.939
20020606	1.4603	0.9474
20020607	1.4596	0.9435
20020610	1.4605	0.9445
20020611	1.4718	0.9481
20020612	1.4708	0.9435
20020613	1.4722	0.9434
20020614	1.4774	0.9461
20020617	1.4797	0.9448
20020618	1.491	0.9517
20020619	1.4922	0.9578
20020620	1.4985	0.9648
20020621	1.4976	0.9709
20020624	1.5013	0.9707
20020625	1.5082	0.9796
20020626	1.526	0.9826
20020627	1.5288	0.9883
20020628	1.5335	0.9915
20020701	1.533	0.9918
20020702	1.5358	0.9865
20020703	1.5271	0.9805
20020704	1.526	0.9787
20020705	1.5222	0.9727
20020708	1.5439	0.9908
20020709	1.5484	0.9931
20020710	1.5484	0.9893
20020711	1.5531	0.9878
20020712	1.5543	0.9914
20020715	1.5692	1.0027
20020716	1.5758	1.0117
20020717	1.5712	1.0074
20020718	1.574	1.0116
20020719	1.5771	1.0116
20020722	1.5794	1.0086
20020723	1.5625	0.9888
20020724	1.5727	0.9957
20020725	1.5844	1.0048
20020726	1.5657	0.9865
20020729	1.5643	0.9814
20020730	1.5725	0.983
20020731	1.5637	0.9776
20020801	1.5612	0.9845
20020802	1.57	0.9867
20020805	1.5599	0.9802
20020806	1.5371	0.966
20020807	1.5395	0.9747
20020808	1.5318	0.9671
20020809	1.5246	0.9701
20020812	1.5315	0.9787
20020813	1.5373	0.9837
20020814	1.5357	0.9782
20020815	1.5358	0.9816
20020816	1.5392	0.9847
20020819	1.5267	0.9759
20020820	1.5289	0.9788
20020821	1.5321	0.981
20020822	1.5212	0.9688
20020823	1.5201	0.9731
20020826	1.5216	0.9718
20020827	1.5348	0.9827
20020828	1.5329	0.9786
20020829	1.5475	0.984
20020830	1.5505	0.9823
20020902	1.5481	0.9845
20020903	1.5657	0.9975
20020904	1.5642	0.9919
20020905	1.5653	0.9916
20020906	1.5603	0.9819
20020909	1.5567	0.9796
20020910	1.5554	0.9748
20020911	1.5539	0.9761
20020912	1.5608	0.9815
20020913	1.5519	0.9718
20020916	1.541	0.9689
20020917	1.5415	0.974
20020918	1.5499	0.9778
20020919	1.5575	0.9873
20020920	1.5546	0.9826
20020923	1.5507	0.9786
20020924	1.5599	0.9818
20020925	1.5572	0.9764
20020926	1.5587	0.9772
20020927	1.5609	0.9807
20020930	1.5684	0.9866
20021001	1.5655	0.9826
20021002	1.57	0.9866
20021003	1.5704	0.988
20021004	1.5654	0.9788
20021007	1.566	0.9829
20021008	1.5533	0.9791
20021009	1.5647	0.9902
20021010	1.5643	0.9862
20021011	1.5615	0.9875
20021014	1.5577	0.9872
20021015	1.5531	0.9818
20021016	1.5536	0.9809
20021017	1.55	0.9707
20021018	1.5457	0.9714
20021021	1.5432	0.9736
20021022	1.5458	0.9776
20021023	1.5477	0.9753
20021024	1.5547	0.9779
20021025	1.5507	0.9758
20021028	1.5593	0.984
20021029	1.5565	0.9831
20021030	1.5577	0.984
20021031	1.5651	0.9903
20021101	1.5646	0.9966
20021104	1.557	0.998
20021105	1.5626	0.9998
20021106	1.564	1.0039
20021107	1.58	1.0097
20021108	1.5917	1.0132
20021111	1.5878	1.0108
20021112	1.5901	1.013
20021113	1.5863	1.0084
20021114	1.5785	1.0041
20021115	1.5803	1.0098
20021118	1.5813	1.0091
20021119	1.5798	1.0024
20021120	1.5716	1.0013
20021121	1.5821	1.0026
20021122	1.5803	0.9968
20021125	1.5651	0.9923
20021126	1.5522	0.9937
20021127	1.5464	0.9903
20021128	1.5503	0.9937
20021129	1.5575	0.9943
20021202	1.5586	0.9968
20021203	1.5712	0.9972
20021204	1.5702	1.0009
20021205	1.5698	1.0006
20021206	1.5765	1.0091
20021209	1.5813	1.0109
20021210	1.5712	1.0082
20021211	1.5774	1.0087
20021212	1.5817	1.0186
20021213	1.5902	1.0241
20021216	1.591	1.0223
20021217	1.5986	1.0276
20021218	1.604	1.0279
20021219	1.603	1.0271
20021220	1.6032	1.0276
20021223	1.5942	1.0267
20021224	1.5934	1.0302
20021225	1.5957	1.0323
20021226	1.6005	1.0374
20021227	1.6039	1.044
20021230	1.6027	1.0479
20021231	1.61	1.0492
20030101	1.61	1.0492
20030102	1.594	1.0362
20030103	1.6113	1.0428
20030106	1.6087	1.0456
20030107	1.6042	1.0409
20030108	1.6135	1.0499
20030109	1.6078	1.0484
20030110	1.6076	1.0576
20030113	1.6002	1.0539
20030114	1.6048	1.0552
20030115	1.6056	1.0559
20030116	1.6112	1.0619
20030117	1.613	1.0678
20030120	1.6082	1.0683
20030121	1.617	1.0721
20030122	1.6213	1.0732
20030123	1.6224	1.0745
20030124	1.6333	1.0826
20030127	1.6368	1.0853
20030128	1.6394	1.0818
20030129	1.6478	1.0838
20030130	1.6552	1.0823
20030131	1.6463	1.0768
20030203	1.6442	1.0795
20030204	1.6497	1.0884
20030205	1.6405	1.0785
20030206	1.6383	1.0832
20030207	1.6319	1.0821
20030210	1.6259	1.0718
20030211	1.6192	1.0734
20030212	1.6162	1.0713
20030213	1.6197	1.0832
20030214	1.6155	1.0792
20030217	1.5974	1.072
20030218	1.5912	1.0688
20030219	1.5961	1.0747
20030220	1.5932	1.082
20030221	1.579	1.0772
20030224	1.5875	1.08
20030225	1.5741	1.0759
20030226	1.5836	1.079
20030227	1.5789	1.0745
20030228	1.5724	1.0806
20030303	1.5787	1.0891
20030304	1.5837	1.0925
20030305	1.603	1.0971
20030306	1.6017	1.0969
20030307	1.6033	1.1008
20030310	1.6019	1.1054
20030311	1.6071	1.1045
20030312	1.6125	1.0991
20030313	1.5997	1.0784
20030314	1.5836	1.0747
20030317	1.5701	1.063
20030318	1.5667	1.0636
20030319	1.565	1.0568
20030320	1.5666	1.0615
20030321	1.5624	1.0524
20030324	1.5749	1.0646
20030325	1.5754	1.0656
20030326	1.5742	1.0695
20030327	1.5645	1.0685
20030328	1.574	1.0778
20030331	1.5827	1.0915
20030401	1.5781	1.0924
20030402	1.5675	1.0769
20030403	1.573	1.0764
20030404	1.5611	1.0735
20030407	1.5545	1.0695
20030408	1.5541	1.0711
20030409	1.5635	1.0774
20030410	1.5721	1.0782
20030411	1.5705	1.0752
20030414	1.5732	1.0774
20030415	1.5707	1.0799
20030416	1.5805	1.0908
20030417	1.5707	1.088
20030418	1.5711	1.0877
20030421	1.5624	1.0871
20030422	1.578	1.0974
20030423	1.586	1.0964
20030424	1.5938	1.1034
20030425	1.5915	1.104
20030428	1.5885	1.0986
20030429	1.5948	1.1083
20030430	1.5985	1.1184
20030501	1.6111	1.1233
20030502	1.6038	1.1233
20030505	1.606	1.1292
20030506	1.6157	1.1438
20030507	1.5967	1.1357
20030508	1.602	1.1488
20030509	1.6053	1.1487
20030512	1.6109	1.1563
20030513	1.6103	1.1531
20030514	1.6181	1.1482
20030515	1.622	1.1386
20030516	1.6215	1.1592
20030519	1.6328	1.1657
20030520	1.6413	1.1714
20030521	1.6338	1.1633
20030522	1.6337	1.1693
20030523	1.6354	1.1837
20030526	1.6385	1.1875
20030527	1.6396	1.182
20030528	1.6394	1.1758
20030529	1.6543	1.1909
20030530	1.6364	1.1784
20030602	1.6376	1.1767
20030603	1.6291	1.173
20030604	1.6307	1.1643
20030605	1.6607	1.1845
20030606	1.6623	1.1699
20030609	1.6454	1.1717
20030610	1.6519	1.1674
20030611	1.6657	1.175
20030612	1.6686	1.1766
20030613	1.6724	1.1869
20030616	1.6772	1.1825
20030617	1.6853	1.1783
20030618	1.6792	1.1691
20030619	1.6785	1.1719
20030620	1.6642	1.1608
20030623	1.668	1.156
20030624	1.6632	1.1513
20030625	1.6722	1.1529
20030626	1.6615	1.1428
20030627	1.6495	1.1434
20030630	1.6546	1.1511
20030701	1.6625	1.1563
20030702	1.666	1.1538
20030703	1.6691	1.1501
20030704	1.6663	1.1489
20030707	1.6481	1.1316
20030708	1.6354	1.132
20030709	1.6372	1.1351
20030710	1.6346	1.1379
20030711	1.6307	1.1291
20030714	1.612	1.1283
20030715	1.5912	1.1179
20030716	1.5965	1.122
20030717	1.5972	1.1213
20030718	1.5906	1.1269
20030721	1.6008	1.1354
20030722	1.5963	1.1326
20030723	1.6073	1.1486
20030724	1.6166	1.1477
20030725	1.6215	1.1507
20030728	1.6252	1.1495
20030729	1.6237	1.1442
20030730	1.6161	1.1345
20030731	1.6108	1.1232
20030801	1.6114	1.1277
20030804	1.6116	1.136
20030805	1.6155	1.1387
20030806	1.6095	1.1334
20030807	1.6182	1.1373
20030808	1.6031	1.1308
20030811	1.6085	1.1359
20030812	1.6025	1.1284
20030813	1.608	1.1322
20030814	1.602	1.1262
20030815	1.5962	1.1265
20030818	1.5908	1.1145
20030819	1.5875	1.114
20030820	1.5942	1.1119
20030821	1.5787	1.0923
20030822	1.5749	1.0876
20030825	1.5712	1.0874
20030826	1.5684	1.0857
20030827	1.5719	1.0888
20030828	1.5778	1.0885
20030829	1.5777	1.0984
20030901	1.5707	1.0969
20030902	1.5674	1.0809
20030903	1.5707	1.0846
20030904	1.5824	1.0946
20030905	1.5883	1.1104
20030908	1.5829	1.1066
20030909	1.5906	1.1226
20030910	1.5921	1.1211
20030911	1.5954	1.121
20030912	1.603	1.1291
20030915	1.6011	1.1284
20030916	1.5872	1.1177
20030917	1.6094	1.1285
20030918	1.6173	1.1255
20030919	1.6372	1.1371
20030922	1.6497	1.1461
20030923	1.651	1.1444
20030924	1.6593	1.1496
20030925	1.6592	1.1491
20030926	1.6592	1.1464
20030929	1.6669	1.1598
20030930	1.6618	1.1657
20031001	1.6686	1.1718
20031002	1.6707	1.1696
20031003	1.6638	1.158
20031006	1.6695	1.171
20031007	1.6624	1.1761
20031008	1.6627	1.1812
20031009	1.6661	1.1748
20031010	1.6637	1.1798
20031013	1.6665	1.1705
20031014	1.6717	1.1724
20031015	1.6675	1.1635
20031016	1.6729	1.1587
20031017	1.6786	1.168
20031020	1.6708	1.1635
20031021	1.6748	1.1667
20031022	1.6913	1.1803
20031023	1.6951	1.1791
20031024	1.6953	1.1781
20031027	1.6946	1.1744
20031028	1.6967	1.1669
20031029	1.6978	1.1662
20031030	1.6954	1.1626
20031031	1.6957	1.1593
20031103	1.676	1.1457
20031104	1.6804	1.1494
20031105	1.6743	1.1438
20031106	1.6679	1.1416
20031107	1.6761	1.1525
20031110	1.6707	1.1481
20031111	1.6653	1.1523
20031112	1.6738	1.1633
20031113	1.6872	1.1734
20031114	1.688	1.1779
20031117	1.692	1.1749
20031118	1.7043	1.1973
20031119	1.6973	1.1877
20031120	1.7045	1.1911
20031121	1.7044	1.1914
20031124	1.6967	1.1771
20031125	1.6988	1.1792
20031126	1.7124	1.1941
20031127	1.7138	1.1908
20031128	1.7222	1.1996
20031201	1.7201	1.1978
20031202	1.7299	1.2081
20031203	1.7283	1.2111
20031204	1.722	1.2084
20031205	1.7296	1.217
20031208	1.7334	1.222
20031209	1.7464	1.2254
20031210	1.743	1.2219
20031211	1.7457	1.2225
20031212	1.7459	1.2277
20031215	1.7473	1.2322
20031216	1.7552	1.2328
20031217	1.7663	1.2412
20031218	1.7738	1.2426
20031219	1.7651	1.2374
20031222	1.7629	1.2398
20031223	1.7631	1.2394
20031224	1.7752	1.2448
20031225	1.7733	1.2453
20031226	1.7711	1.2429
20031229	1.7732	1.2491
20031230	1.7773	1.2551
20031231	1.7858	1.2595
20040101	1.783	1.2547
20040102	1.7935	1.2585
20040105	1.8067	1.2675
20040106	1.8217	1.2728
20040107	1.8179	1.2631
20040108	1.8336	1.2766
20040109	1.8477	1.2818
20040112	1.8458	1.2749
20040113	1.8473	1.2774
20040114	1.8328	1.2647
20040115	1.8226	1.2579
20040116	1.7986	1.2394
20040119	1.7832	1.235
20040120	1.8207	1.2581
20040121	1.8324	1.2644
20040122	1.8445	1.2719
20040123	1.8261	1.2581
20040126	1.8149	1.2462
20040127	1.8278	1.2646
20040128	1.8185	1.247
20040129	1.8163	1.2411
20040130	1.8238	1.2478
20040202	1.8196	1.2424
20040203	1.8392	1.2544
20040204	1.8314	1.2535
20040205	1.834	1.2549
20040206	1.8477	1.2706
20040209	1.8609	1.2701
20040210	1.8679	1.2671
20040211	1.8909	1.2832
20040212	1.8927	1.2811
20040213	1.8852	1.2734
20040216	1.8906	1.2771
20040217	1.9047	1.2842
20040218	1.889	1.2689
20040219	1.8944	1.2717
20040220	1.8614	1.2537
20040223	1.8677	1.2556
20040224	1.8914	1.2685
20040225	1.8707	1.2501
20040226	1.862	1.244
20040227	1.8685	1.2493
20040301	1.8694	1.2457
20040302	1.8394	1.2215
20040303	1.8302	1.2206
20040304	1.8237	1.2203
20040305	1.8461	1.2366
20040308	1.8512	1.2407
20040309	1.8264	1.2326
20040310	1.8027	1.2225
20040311	1.8116	1.2355
20040312	1.8036	1.2215
20040315	1.8054	1.2265
20040316	1.8124	1.2272
20040317	1.8168	1.2237
20040318	1.8353	1.239
20040319	1.8335	1.229
20040322	1.8469	1.2331
20040323	1.8505	1.2339
20040324	1.826	1.2135
20040325	1.807	1.2128
20040326	1.8158	1.2132
20040329	1.8191	1.2157
20040330	1.827	1.2171
20040331	1.8462	1.2316
20040401	1.8572	1.2365
20040402	1.8295	1.2136
20040405	1.821	1.2018
20040406	1.8438	1.2118
20040407	1.84	1.2175
20040408	1.8342	1.2088
20040409	1.8344	1.2093
20040412	1.8393	1.2078
20040413	1.8192	1.1946
20040414	1.7912	1.1962
20040415	1.7924	1.1984
20040416	1.798	1.1993
20040419	1.8087	1.2023
20040420	1.786	1.1867
20040421	1.7748	1.1842
20040422	1.7759	1.1904
20040423	1.7713	1.1842
20040426	1.7868	1.1867
20040427	1.7921	1.1925
20040428	1.7713	1.1842
20040429	1.7734	1.1962
20040430	1.7781	1.198
20040503	1.7727	1.1946
20040504	1.7967	1.21
20040505	1.7936	1.2175
20040506	1.7962	1.2081
20040507	1.7866	1.1883
20040510	1.777	1.1848
20040511	1.7559	1.1872
20040512	1.7727	1.1903
20040513	1.7622	1.1822
20040514	1.7608	1.1888
20040517	1.7696	1.2027
20040518	1.7678	1.1953
20040519	1.7833	1.2009
20040520	1.7774	1.1965
20040521	1.7873	1.198
20040524	1.7894	1.2005
20040525	1.8129	1.2106
20040526	1.814	1.2106
20040527	1.8382	1.2264
20040528	1.833	1.2222
20040531	1.8323	1.2188
20040601	1.8396	1.2248
20040602	1.8346	1.2215
20040603	1.8406	1.2227
20040604	1.8405	1.2283
20040607	1.8414	1.2322
20040608	1.8362	1.2269
20040609	1.8301	1.2049
20040610	1.8431	1.2106
20040611	1.8194	1.2006
20040614	1.8117	1.2057
20040615	1.8325	1.2162
20040616	1.8275	1.2011
20040617	1.835	1.2053
20040618	1.8382	1.2137
20040621	1.8316	1.2114
20040622	1.8206	1.2107
20040623	1.8163	1.2093
20040624	1.8249	1.217
20040625	1.8268	1.2178
20040628	1.8302	1.2185
20040629	1.8073	1.2081
20040630	1.8203	1.2199
20040701	1.8196	1.216
20040702	1.8306	1.2316
20040705	1.8293	1.229
20040706	1.8418	1.2283
20040707	1.8559	1.2373
20040708	1.8495	1.2385
20040709	1.8593	1.2415
20040712	1.8621	1.2408
20040713	1.857	1.2327
20040714	1.8561	1.238
20040715	1.8529	1.2355
20040716	1.873	1.2452
20040719	1.8676	1.2441
20040720	1.8528	1.233
20040721	1.8412	1.2259
20040722	1.8436	1.2257
20040723	1.8317	1.2092
20040726	1.8407	1.2141
20040727	1.8215	1.2057
20040728	1.8249	1.2055
20040729	1.817	1.2045
20040730	1.8199	1.2018
20040802	1.8271	1.2026
20040803	1.8268	1.2061
20040804	1.8254	1.205
20040805	1.8238	1.2054
20040806	1.841	1.2279
20040809	1.8412	1.2272
20040810	1.8271	1.2236
20040811	1.8298	1.2218
20040812	1.8224	1.2251
20040813	1.8431	1.2374
20040816	1.8403	1.2362
20040817	1.8282	1.2354
20040818	1.8238	1.2336
20040819	1.8327	1.2363
20040820	1.8201	1.232
20040823	1.8084	1.2143
20040824	1.7923	1.2081
20040825	1.7966	1.2083
20040826	1.7965	1.2102
20040827	1.7904	1.2011
20040830	1.795	1.2048
20040831	1.8024	1.2183
20040901	1.793	1.2188
20040902	1.7905	1.2175
20040903	1.7766	1.2058
20040906	1.7799	1.2064
20040907	1.7731	1.2109
20040908	1.7861	1.2183
20040909	1.7859	1.2213
20040910	1.7966	1.2262
20040913	1.7968	1.226
20040914	1.7978	1.2254
20040915	1.777	1.2151
20040916	1.7931	1.2182
20040917	1.7932	1.2187
20040920	1.786	1.2176
20040921	1.7966	1.2336
20040922	1.7934	1.2269
20040923	1.7962	1.2271
20040924	1.8057	1.2276
20040927	1.8092	1.2293
20040928	1.8131	1.2328
20040929	1.7993	1.2333
20040930	1.812	1.2436
20041001	1.7984	1.2417
20041004	1.7841	1.2287
20041005	1.7824	1.2313
20041006	1.7795	1.2287
20041007	1.7821	1.2285
20041008	1.795	1.2409
20041011	1.7985	1.2388
20041012	1.7919	1.2328
20041013	1.7942	1.2348
20041014	1.7969	1.2388
20041015	1.8042	1.2469
20041018	1.7982	1.2494
20041019	1.8037	1.2513
20041020	1.8182	1.259
20041021	1.8275	1.2615
20041022	1.828	1.2682
20041025	1.8412	1.2807
20041026	1.8347	1.2769
20041027	1.8281	1.2713
20041028	1.8298	1.2745
20041029	1.8372	1.2798
20041101	1.8342	1.2752
20041102	1.841	1.2744
20041103	1.8493	1.2821
20041104	1.8443	1.2872
20041105	1.8551	1.2964
20041108	1.8566	1.2919
20041109	1.8576	1.29
20041110	1.8461	1.2889
20041111	1.8415	1.2907
20041112	1.8563	1.2973
20041115	1.8471	1.295
20041116	1.8529	1.2957
20041117	1.8594	1.3031
20041118	1.8501	1.296
20041119	1.8574	1.3023
20041122	1.8603	1.3049
20041123	1.8688	1.3087
20041124	1.8814	1.3187
20041125	1.893	1.3269
20041126	1.894	1.3297
20041129	1.8936	1.3282
20041130	1.9095	1.3279
20041201	1.9344	1.3346
20041202	1.9242	1.327
20041203	1.9439	1.3454
20041206	1.9385	1.3408
20041207	1.9451	1.3419
20041208	1.9348	1.3337
20041209	1.9255	1.3311
20041210	1.9147	1.3226
20041213	1.9253	1.3312
20041214	1.9279	1.3296
20041215	1.942	1.3392
20041216	1.9317	1.3244
20041217	1.9418	1.3307
20041220	1.9467	1.3396
20041221	1.928	1.3371
20041222	1.9168	1.339
20041223	1.9236	1.3514
20041224	1.9235	1.353
20041227	1.9337	1.3617
20041228	1.9281	1.3613
20041229	1.9183	1.3607
20041230	1.9255	1.3637
20041231	1.9181	1.3554
20050103	1.9044	1.3465
20050104	1.8825	1.3279
20050105	1.8829	1.3261
20050106	1.8753	1.3173
20050107	1.8712	1.3054
20050110	1.8753	1.3074
20050111	1.8781	1.3107
20050112	1.8909	1.3255
20050113	1.8825	1.3224
20050114	1.8705	1.3112
20050117	1.8595	1.3067
20050118	1.8665	1.302
20050119	1.8711	1.301
20050120	1.8719	1.2963
20050121	1.8771	1.3039
20050124	1.8807	1.306
20050125	1.8642	1.2973
20050126	1.8822	1.3073
20050127	1.8896	1.3045
20050128	1.8881	1.3038
20050131	1.8829	1.3038
20050201	1.884	1.3047
20050202	1.8859	1.3027
20050203	1.8821	1.2975
20050204	1.8758	1.2868
20050207	1.8575	1.2757
20050208	1.8547	1.2761
20050209	1.8583	1.2805
20050210	1.8686	1.2873
20050211	1.8686	1.2866
20050214	1.8867	1.2976
20050215	1.8972	1.3026
20050216	1.8853	1.3029
20050217	1.8953	1.3071
20050218	1.8943	1.3072
20050221	1.8974	1.3068
20050222	1.9118	1.3259
20050223	1.9086	1.3216
20050224	1.9095	1.3198
20050225	1.9194	1.3245
20050228	1.921	1.3228
20050301	1.9213	1.3188
20050302	1.9139	1.3142
20050303	1.9068	1.311
20050304	1.9227	1.3237
20050307	1.9144	1.3214
20050308	1.9291	1.3344
20050309	1.9254	1.3391
20050310	1.9226	1.3418
20050311	1.9265	1.3458
20050314	1.9137	1.3369
20050315	1.9131	1.3307
20050316	1.9262	1.3417
20050317	1.9252	1.3377
20050318	1.9219	1.3326
20050321	1.8965	1.3157
20050322	1.8861	1.3087
20050323	1.869	1.2986
20050324	1.869	1.2939
20050325	1.8709	1.2959
20050328	1.8667	1.2898
20050329	1.874	1.2922
20050330	1.8784	1.2915
20050331	1.8905	1.2964
20050401	1.8822	1.2914
20050404	1.8755	1.2847
20050405	1.8812	1.2868
20050406	1.8808	1.2871
20050407	1.8697	1.2857
20050408	1.8856	1.2932
20050411	1.8909	1.2972
20050412	1.8921	1.2922
20050413	1.8944	1.2915
20050414	1.8815	1.2812
20050415	1.8927	1.2924
20050418	1.9037	1.3024
20050419	1.9183	1.3064
20050420	1.9193	1.3087
20050421	1.9085	1.3047
20050422	1.9144	1.3065
20050425	1.9111	1.3007
20050426	1.9059	1.2985
20050427	1.9058	1.293
20050428	1.9058	1.2893
20050429	1.9088	1.2873
20050502	1.8949	1.2864
20050503	1.8925	1.2873
20050504	1.9025	1.2947
20050505	1.9068	1.2958
20050506	1.8902	1.2819
20050509	1.884	1.2842
20050510	1.8827	1.288
20050511	1.8728	1.2815
20050512	1.8653	1.2696
20050513	1.8506	1.2633
20050516	1.8384	1.2642
20050517	1.8337	1.2606
20050518	1.8403	1.2679
20050519	1.8376	1.2644
20050520	1.8271	1.2559
20050523	1.8303	1.2578
20050524	1.8274	1.2585
20050525	1.8316	1.2601
20050526	1.8199	1.2511
20050527	1.8243	1.2585
20050530	1.8236	1.2476
20050531	1.8171	1.2304
20050601	1.8094	1.218
20050602	1.8153	1.2267
20050603	1.8154	1.2236
20050606	1.8244	1.2259
20050607	1.8352	1.2285
20050608	1.8231	1.2234
20050609	1.8205	1.223
20050610	1.8126	1.2118
20050613	1.8068	1.2109
20050614	1.806	1.2032
20050615	1.8226	1.2115
20050616	1.8224	1.2108
20050617	1.8308	1.2286
20050620	1.8241	1.2154
20050621	1.8296	1.2183
20050622	1.8219	1.2129
20050623	1.8154	1.2039
20050624	1.8245	1.2092
20050627	1.8287	1.2164
20050628	1.8146	1.2054
20050629	1.8065	1.207
20050630	1.7915	1.2108
20050701	1.7675	1.1959
20050704	1.7596	1.1902
20050705	1.7565	1.1912
20050706	1.7541	1.1932
20050707	1.7448	1.195
20050708	1.7381	1.1967
20050711	1.7579	1.2072
20050712	1.778	1.2241
20050713	1.7647	1.2094
20050714	1.7565	1.2083
20050715	1.752	1.2035
20050718	1.7487	1.2052
20050719	1.7404	1.2034
20050720	1.7376	1.2139
20050721	1.7516	1.2171
20050722	1.7389	1.2065
20050725	1.7459	1.206
20050726	1.7376	1.2014
20050727	1.7445	1.2068
20050728	1.756	1.2139
20050729	1.7579	1.2123
20050801	1.768	1.2181
20050802	1.7708	1.219
20050803	1.7778	1.2337
20050804	1.7806	1.2384
20050805	1.7793	1.2359
20050808	1.7847	1.2351
20050809	1.7874	1.237
20050810	1.795	1.2382
20050811	1.8109	1.2471
20050812	1.8147	1.2441
20050815	1.8116	1.2368
20050816	1.8113	1.2364
20050817	1.8059	1.2271
20050818	1.7953	1.2175
20050819	1.795	1.2153
20050822	1.8001	1.2229
20050823	1.8017	1.2236
20050824	1.801	1.2272
20050825	1.8033	1.2301
20050826	1.8002	1.2289
20050829	1.7965	1.2234
20050830	1.7866	1.2221
20050831	1.8041	1.2346
20050901	1.8342	1.2501
20050902	1.8418	1.2531
20050905	1.8444	1.2542
20050906	1.8426	1.2465
20050907	1.8366	1.2417
20050908	1.8356	1.2399
20050909	1.8391	1.241
20050912	1.8196	1.2286
20050913	1.8224	1.2267
20050914	1.8239	1.2286
20050915	1.8061	1.2224
20050916	1.8082	1.2237
20050919	1.8022	1.2141
20050920	1.7983	1.2115
20050921	1.8098	1.2214
20050922	1.7905	1.2155
20050923	1.7755	1.2039
20050926	1.7793	1.2071
20050927	1.7664	1.2013
20050928	1.7679	1.2036
20050929	1.7612	1.2032
20050930	1.7643	1.2026
20051003	1.755	1.1918
20051004	1.7589	1.1918
20051005	1.7623	1.1974
20051006	1.7789	1.2179
20051007	1.7617	1.2129
20051010	1.7564	1.2066
20051011	1.7464	1.1993
20051012	1.7517	1.2024
20051013	1.7568	1.2026
20051014	1.7684	1.2075
20051017	1.7542	1.2025
20051018	1.7511	1.1959
20051019	1.7654	1.1992
20051020	1.7745	1.2023
20051021	1.7685	1.1953
20051024	1.7691	1.1985
20051025	1.7845	1.2106
20051026	1.7747	1.2069
20051027	1.7834	1.2141
20051028	1.7739	1.2069
20051031	1.7699	1.1992
20051101	1.7652	1.2019
20051102	1.7767	1.2073
20051103	1.7708	1.1944
20051104	1.7497	1.1813
20051107	1.7441	1.1804
20051108	1.7444	1.1781
20051109	1.7434	1.1765
20051110	1.7412	1.1686
20051111	1.7424	1.1734
20051114	1.7369	1.1689
20051115	1.7354	1.1719
20051116	1.7165	1.167
20051117	1.7192	1.175
20051118	1.7179	1.1774
20051121	1.7155	1.1725
20051122	1.7223	1.1814
20051123	1.7239	1.1823
20051124	1.7227	1.1789
20051125	1.7142	1.1725
20051128	1.7296	1.185
20051129	1.7179	1.1779
20051130	1.7292	1.1788
20051201	1.7315	1.1737
20051202	1.7327	1.1718
20051205	1.7421	1.1788
20051206	1.7407	1.1779
20051207	1.7354	1.1725
20051208	1.753	1.1818
20051209	1.7548	1.1811
20051212	1.7761	1.1953
20051213	1.7701	1.1945
20051214	1.7731	1.1999
20051215	1.7652	1.1978
20051216	1.7727	1.2013
20051219	1.7627	1.2006
20051220	1.7546	1.1858
20051221	1.7448	1.1837
20051222	1.7372	1.1867
20051223	1.7334	1.1869
20051226	1.7328	1.1844
20051227	1.7272	1.1827
20051228	1.7167	1.1832
20051229	1.7249	1.184
20051230	1.723	1.1849
20060102	1.7199	1.182
20060103	1.7462	1.2018
20060104	1.7587	1.2118
20060105	1.7559	1.211
20060106	1.7706	1.2151
20060109	1.7655	1.2088
20060110	1.7649	1.2064
20060111	1.7644	1.2127
20060112	1.7601	1.2036
20060113	1.777	1.2142
20060116	1.7685	1.2127
20060117	1.7678	1.2106
20060118	1.7638	1.2113
20060119	1.7596	1.2097
20060120	1.7708	1.2134
20060123	1.7875	1.2307
20060124	1.7848	1.228
20060125	1.7839	1.2241
20060126	1.7793	1.2207
20060127	1.7674	1.2094
20060130	1.7687	1.209
20060131	1.7793	1.2156
20060201	1.7746	1.2064
20060202	1.7806	1.2091
20060203	1.763	1.2024
20060206	1.7477	1.1967
20060207	1.7447	1.1981
20060208	1.7416	1.1961
20060209	1.7414	1.198
20060210	1.7443	1.1904
20060213	1.7408	1.1897
20060214	1.7363	1.1916
20060215	1.741	1.1889
20060216	1.7394	1.1906
20060217	1.7421	1.194
20060220	1.7437	1.1936
20060221	1.7457	1.1911
20060222	1.7438	1.1914
20060223	1.7512	1.1918
20060224	1.7456	1.1876
20060227	1.7401	1.1847
20060228	1.7536	1.1921
20060301	1.75	1.1923
20060302	1.7534	1.2039
20060303	1.7557	1.2045
20060306	1.7505	1.2016
20060307	1.7359	1.1888
20060308	1.7389	1.1925
20060309	1.7355	1.191
20060310	1.726	1.191
20060313	1.7328	1.1964
20060314	1.7462	1.2013
20060315	1.7481	1.2069
20060316	1.7573	1.2183
20060317	1.7564	1.219
20060320	1.7562	1.2164
20060321	1.7478	1.2095
20060322	1.7473	1.2078
20060323	1.7348	1.1973
20060324	1.7423	1.2036
20060327	1.7464	1.2016
20060328	1.7429	1.2
20060329	1.7345	1.2024
20060330	1.7459	1.2167
20060331	1.7372	1.2118
20060403	1.7392	1.2139
20060404	1.7552	1.2258
20060405	1.7538	1.2289
20060406	1.7533	1.2229
20060407	1.7422	1.2092
20060410	1.7427	1.2111
20060411	1.7491	1.2145
20060412	1.7493	1.2104
20060413	1.7526	1.2108
20060414	1.751	1.211
20060417	1.7692	1.225
20060418	1.7833	1.2347
20060419	1.7928	1.2382
20060420	1.7788	1.2317
20060421	1.7822	1.2341
20060424	1.7882	1.2388
20060425	1.7882	1.2431
20060426	1.7847	1.2454
20060427	1.8016	1.2534
20060428	1.8259	1.2634
20060501	1.8261	1.2587
20060502	1.8396	1.2614
20060503	1.8421	1.2632
20060504	1.8514	1.2691
20060505	1.8594	1.2726
20060508	1.8591	1.2713
20060509	1.8667	1.2758
20060510	1.8638	1.2782
20060511	1.8826	1.2836
20060512	1.8946	1.2928
20060515	1.8794	1.2797
20060516	1.8879	1.2859
20060517	1.8828	1.2743
20060518	1.8934	1.2844
20060519	1.8797	1.2778
20060522	1.8873	1.2866
20060523	1.8801	1.2815
20060524	1.8687	1.2754
20060525	1.8731	1.2799
20060526	1.8593	1.2738
20060529	1.8597	1.275
20060530	1.8838	1.287
20060531	1.8698	1.281
20060601	1.8657	1.2804
20060602	1.8819	1.2918
20060605	1.8724	1.2906
20060606	1.8602	1.2833
20060607	1.8545	1.2786
20060608	1.8424	1.2652
20060609	1.8404	1.2639
20060612	1.8424	1.2587
20060613	1.8327	1.2534
20060614	1.8422	1.2597
20060615	1.8495	1.2637
20060616	1.8507	1.2642
20060619	1.8416	1.2577
20060620	1.8419	1.2579
20060621	1.8453	1.266
20060622	1.828	1.2578
20060623	1.8173	1.2506
20060626	1.8237	1.258
20060627	1.8213	1.2577
20060628	1.8186	1.2556
20060629	1.8281	1.2665
20060630	1.8483	1.2791
20060703	1.8424	1.2803
20060704	1.8464	1.28
20060705	1.8344	1.2724
20060706	1.8372	1.2781
20060707	1.8506	1.281
20060710	1.8405	1.2729
20060711	1.8464	1.2774
20060712	1.8347	1.2704
20060713	1.8439	1.2689
20060714	1.8386	1.2652
20060717	1.8184	1.2518
20060718	1.8261	1.2505
20060719	1.8418	1.2586
20060720	1.8487	1.2628
20060721	1.8583	1.2695
20060724	1.8513	1.2635
20060725	1.8392	1.2577
20060726	1.8544	1.2718
20060727	1.8572	1.2698
20060728	1.8636	1.2759
20060731	1.8677	1.2767
20060801	1.8762	1.2826
20060802	1.8771	1.2787
20060803	1.8877	1.2803
20060804	1.9079	1.2874
20060807	1.9073	1.2843
20060808	1.9076	1.2833
20060809	1.9046	1.2861
20060810	1.8933	1.2794
20060811	1.8898	1.2721
20060814	1.8877	1.2714
20060815	1.8938	1.2784
20060816	1.8953	1.2839
20060817	1.8851	1.2828
20060818	1.8813	1.2824
20060821	1.8941	1.2892
20060822	1.8885	1.2803
20060823	1.8934	1.2787
20060824	1.8869	1.2765
20060825	1.8871	1.2752
20060828	1.8927	1.278
20060829	1.8982	1.2824
20060830	1.9043	1.2833
20060831	1.9047	1.2813
20060901	1.9051	1.2834
20060904	1.907	1.2873
20060905	1.8946	1.2816
20060906	1.8844	1.2805
20060907	1.8765	1.2731
20060908	1.8652	1.2673
20060911	1.8657	1.2702
20060912	1.8747	1.2688
20060913	1.876	1.2689
20060914	1.8867	1.2725
20060915	1.8814	1.2665
20060918	1.8802	1.2704
20060919	1.8823	1.2678
20060920	1.8884	1.2686
20060921	1.9021	1.278
20060922	1.9002	1.2784
20060925	1.8997	1.2746
20060926	1.8942	1.2691
20060927	1.8892	1.27
20060928	1.877	1.2703
20060929	1.8721	1.2674
20061002	1.8868	1.2738
20061003	1.8878	1.2732
20061004	1.8862	1.2715
20061005	1.8793	1.2694
20061006	1.8703	1.2601
20061009	1.867	1.2594
20061010	1.8543	1.2537
20061011	1.8535	1.2514
20061012	1.8591	1.2555
20061013	1.8556	1.2513
20061016	1.8617	1.2533
20061017	1.8707	1.2545
20061018	1.868	1.2533
20061019	1.8778	1.2625
20061020	1.8833	1.2618
20061023	1.8737	1.2552
20061024	1.8726	1.2558
20061025	1.8772	1.2601
20061026	1.8906	1.2693
20061027	1.8989	1.2741
20061030	1.9013	1.2725
20061031	1.9074	1.2762
20061101	1.9087	1.2757
20061102	1.9086	1.2779
20061103	1.9012	1.2718
20061106	1.8977	1.2724
20061107	1.9061	1.2777
20061108	1.9054	1.2757
20061109	1.9051	1.2829
20061110	1.9106	1.284
20061113	1.901	1.2805
20061114	1.8955	1.2811
20061115	1.8889	1.2828
20061116	1.8885	1.2796
20061117	1.8945	1.2828
20061120	1.8977	1.2816
20061121	1.899	1.2845
20061122	1.9146	1.2944
20061123	1.9155	1.2945
20061124	1.9322	1.3094
20061127	1.9382	1.3134
20061128	1.9516	1.3199
20061129	1.9465	1.3155
20061130	1.9659	1.3242
20061201	1.9812	1.3337
20061204	1.9816	1.3343
20061205	1.9732	1.3316
20061206	1.9663	1.3287
20061207	1.963	1.3287
20061208	1.9548	1.3202
20061211	1.9583	1.3237
20061212	1.9712	1.3285
20061213	1.9668	1.3214
20061214	1.9602	1.3143
20061215	1.9523	1.308
20061218	1.9477	1.3098
20061219	1.9696	1.3197
20061220	1.9645	1.3173
20061221	1.9616	1.3176
20061222	1.958	1.3128
20061225	1.959	1.3121
20061226	1.9537	1.3097
20061227	1.9563	1.3114
20061228	1.9631	1.315
20061229	1.9588	1.3197
20070101	1.9592	1.3201
20070102	1.9736	1.3273
20070103	1.9514	1.3169
20070104	1.9428	1.3084
20070105	1.9292	1.3002
20070108	1.9378	1.3024
20070109	1.9397	1.3
20070110	1.9321	1.2938
20070111	1.9452	1.2893
20070112	1.9592	1.2923
20070115	1.9646	1.2938
20070116	1.9614	1.2918
20070117	1.9698	1.2938
20070118	1.9743	1.2963
20070119	1.9738	1.2957
20070122	1.9762	1.2951
20070123	1.9813	1.3026
20070124	1.9696	1.297
20070125	1.9641	1.2931
20070126	1.9593	1.2916
20070129	1.961	1.2957
20070130	1.9628	1.297
20070131	1.9655	1.3032
20070201	1.9668	1.3022
20070202	1.966	1.2961
20070205	1.9603	1.2929
20070206	1.9711	1.2985
20070207	1.9707	1.3012
20070208	1.9589	1.3042
20070209	1.9491	1.3008
20070212	1.9472	1.2966
20070213	1.9469	1.3039
20070214	1.9628	1.3131
20070215	1.9511	1.3141
20070216	1.9496	1.3138
20070219	1.9514	1.3156
20070220	1.9552	1.3138
20070221	1.954	1.3139
20070222	1.9564	1.3126
20070223	1.9633	1.3166
20070226	1.9636	1.3188
20070227	1.9621	1.3242
20070228	1.9639	1.3229
20070301	1.9584	1.3186
20070302	1.9435	1.3192
20070305	1.9205	1.309
20070306	1.9317	1.3128
20070307	1.933	1.3177
20070308	1.9283	1.3133
20070309	1.932	1.3116
20070312	1.9325	1.3189
20070313	1.9289	1.3197
20070314	1.9361	1.3223
20070315	1.9373	1.3238
20070316	1.9424	1.3318
20070319	1.9442	1.3302
20070320	1.9614	1.3318
20070321	1.9678	1.3385
20070322	1.9647	1.3331
20070323	1.9614	1.3283
20070326	1.9694	1.333
20070327	1.9657	1.3352
20070328	1.9616	1.3313
20070329	1.9619	1.3331
20070330	1.9678	1.3354
20070402	1.9778	1.3366
20070403	1.9741	1.333
20070404	1.9762	1.3368
20070405	1.9708	1.3429
20070406	1.9655	1.3379
20070409	1.9626	1.3354
20070410	1.9728	1.344
20070411	1.9748	1.3431
20070412	1.9793	1.3482
20070413	1.9863	1.3527
20070416	1.9897	1.3535
20070417	2.0068	1.3567
20070418	2.0086	1.3609
20070419	2.0034	1.3613
20070420	2.0023	1.359
20070423	2.0009	1.3577
20070424	2.0018	1.364
20070425	2.0014	1.3637
20070426	1.9913	1.3601
20070427	1.9977	1.3652
20070430	1.9995	1.3648
20070501	1.9987	1.3604
20070502	1.9898	1.3592
20070503	1.9867	1.3549
20070504	1.9922	1.3591
20070507	1.9929	1.3601
20070508	1.9893	1.3543
20070509	1.9936	1.3528
20070510	1.9801	1.3485
20070511	1.9814	1.3524
20070514	1.9793	1.3546
20070515	1.9859	1.3591
20070516	1.9769	1.3515
20070517	1.9747	1.3494
20070518	1.9747	1.3509
20070521	1.9715	1.3469
20070522	1.9745	1.3448
20070523	1.9866	1.3459
20070524	1.9847	1.3429
20070525	1.9836	1.3442
20070528	1.9836	1.3452
20070529	1.9811	1.3448
20070530	1.9758	1.3429
20070531	1.9798	1.3453
20070601	1.9824	1.3449
20070604	1.9914	1.3489
20070605	1.9934	1.3524
20070606	1.9925	1.3503
20070607	1.9781	1.3433
20070608	1.9701	1.3373
20070611	1.9691	1.3357
20070612	1.9743	1.3302
20070613	1.9731	1.3311
20070614	1.9693	1.3312
20070615	1.9761	1.3388
20070618	1.9834	1.3414
20070619	1.9888	1.3427
20070620	1.9931	1.3404
20070621	1.9926	1.3389
20070622	1.9994	1.347
20070625	1.9977	1.3463
20070626	1.9989	1.3454
20070627	1.9993	1.3453
20070628	2.0028	1.3449
20070629	2.0087	1.3541
20070702	2.0171	1.3623
20070703	2.0158	1.3608
20070704	2.0164	1.3613
20070705	2.0116	1.3599
20070706	2.0108	1.3627
20070709	2.0153	1.3626
20070710	2.028	1.3747
20070711	2.0324	1.3745
20070712	2.0303	1.3789
20070713	2.0343	1.3782
20070716	2.0361	1.3772
20070717	2.0467	1.3781
20070718	2.0528	1.3803
20070719	2.0489	1.3804
20070720	2.0561	1.3827
20070723	2.0593	1.3807
20070724	2.0626	1.3823
20070725	2.0537	1.3721
20070726	2.0491	1.3747
20070727	2.0242	1.3636
20070730	2.0247	1.3697
20070731	2.0313	1.3684
20070801	2.0325	1.3667
20070802	2.0373	1.3703
20070803	2.0409	1.3773
20070806	2.0313	1.3793
20070807	2.0213	1.3736
20070808	2.0372	1.3798
20070809	2.0233	1.3678
20070810	2.0233	1.3693
20070813	2.0125	1.3613
20070814	1.9969	1.3533
20070815	1.9887	1.3442
20070816	1.9828	1.3426
20070817	1.9812	1.3475
20070820	1.9878	1.3474
20070821	1.9819	1.3466
20070822	1.9928	1.3543
20070823	2.0059	1.3565
20070824	2.0142	1.3675
20070827	2.0121	1.3647
20070828	2.002	1.3603
20070829	2.0177	1.3677
20070830	2.0118	1.3625
20070831	2.0171	1.3629
20070903	2.0183	1.3624
20070904	2.0131	1.3605
20070905	2.0196	1.3646
20070906	2.0237	1.3691
20070907	2.0287	1.3768
20070910	2.0277	1.3802
20070911	2.0333	1.3839
20070912	2.0291	1.3904
20070913	2.0252	1.3885
20070914	2.0074	1.3875
20070917	1.9947	1.3867
20070918	2.0131	1.3984
20070919	2.0008	1.3957
20070920	2.0077	1.4064
20070921	2.0203	1.4091
20070924	2.0223	1.4087
20070925	2.0186	1.4138
20070926	2.0159	1.4128
20070927	2.0276	1.4153
20070928	2.0472	1.4267
20071001	2.0435	1.4231
20071002	2.0418	1.4154
20071003	2.0322	1.409
20071004	2.0387	1.4138
20071005	2.0422	1.4136
20071008	2.0359	1.4048
20071009	2.0376	1.4106
20071010	2.0425	1.4145
20071011	2.0317	1.4196
20071012	2.036	1.4178
20071015	2.043	1.4205
20071016	2.0329	1.4173
20071017	2.0402	1.4208
20071018	2.0445	1.4295
20071019	2.0518	1.4301
20071022	2.0331	1.4181
20071023	2.0511	1.4263
20071024	2.0499	1.4266
20071025	2.0512	1.4324
20071026	2.0522	1.4393
20071029	2.0624	1.4425
20071030	2.0677	1.4432
20071031	2.0798	1.4487
20071101	2.0801	1.4425
20071102	2.0893	1.4504
20071105	2.0806	1.4469
20071106	2.0877	1.4557
20071107	2.1035	1.4637
20071108	2.1075	1.4676
20071109	2.0903	1.4678
20071112	2.053	1.4531
20071113	2.0709	1.4602
20071114	2.0523	1.4651
20071115	2.0451	1.4612
20071116	2.0547	1.4662
20071119	2.0503	1.4665
20071120	2.0666	1.4841
20071121	2.0654	1.4858
20071122	2.062	1.4849
20071123	2.0628	1.4837
20071126	2.0711	1.4872
20071127	2.0686	1.4829
20071128	2.0823	1.4841
20071129	2.0613	1.4744
20071130	2.0563	1.4633
20071203	2.0659	1.4667
20071204	2.0592	1.4758
20071205	2.0266	1.461
20071206	2.028	1.4638
20071207	2.0304	1.4658
20071210	2.0461	1.4712
20071211	2.0343	1.4655
20071212	2.0469	1.4706
20071213	2.0414	1.4633
20071214	2.0173	1.4429
20071217	2.0205	1.44
20071218	2.0145	1.4414
20071219	1.9978	1.4383
20071220	1.9839	1.4329
20071221	1.9834	1.4382
20071224	1.9774	1.4395
20071225	1.9783	1.4402
20071226	1.9838	1.4489
20071227	1.996	1.4626
20071228	1.9964	1.4723
20071231	1.985	1.4589
20080101	1.9864	1.4592
20080102	1.9808	1.4715
20080103	1.971	1.475
20080104	1.974	1.4743
20080107	1.9703	1.4696
20080108	1.9732	1.4707
20080109	1.9585	1.4659
20080110	1.9615	1.4804
20080111	1.9566	1.4776
20080114	1.9559	1.4869
20080115	1.9627	1.4804
20080116	1.9636	1.4652
20080117	1.9715	1.4642
20080118	1.9554	1.4621
20080121	1.9434	1.4454
20080122	1.9606	1.4629
20080123	1.9553	1.4629
20080124	1.9765	1.4755
20080125	1.9831	1.4681
20080128	1.9843	1.4781
20080129	1.9894	1.4776
20080130	1.9863	1.4862
20080131	1.9872	1.4861
20080201	1.9651	1.4802
20080204	1.9734	1.483
20080205	1.9649	1.4647
20080206	1.9615	1.4632
20080207	1.9424	1.4485
20080208	1.9459	1.4504
20080211	1.9509	1.4519
20080212	1.9598	1.4584
20080213	1.9629	1.4573
20080214	1.969	1.4643
20080215	1.9612	1.4682
20080218	1.9526	1.4658
20080219	1.9485	1.4725
20080220	1.9418	1.4715
20080221	1.9628	1.4814
20080222	1.9669	1.4827
20080225	1.9672	1.483
20080226	1.9871	1.4974
20080227	1.9818	1.512
20080228	1.9887	1.5193
20080229	1.9891	1.5179
20080303	1.9836	1.5204
20080304	1.9864	1.5217
20080305	1.992	1.5265
20080306	2.0092	1.538
20080307	2.0134	1.5355
20080310	2.0093	1.5343
20080311	2.0064	1.5338
20080312	2.027	1.5551
20080313	2.0335	1.5635
20080314	2.0202	1.5674
20080317	1.999	1.5729
20080318	2.0064	1.5625
20080319	1.9843	1.5626
20080320	1.985	1.5428
20080321	1.9818	1.5431
20080324	1.9855	1.5423
20080325	2.0059	1.565
20080326	2.0087	1.5845
20080327	2.0072	1.5779
20080328	1.9944	1.5796
20080331	1.9837	1.5788
20080401	1.9759	1.5614
20080402	1.9874	1.5686
20080403	1.9967	1.5684
20080404	1.9932	1.5737
20080407	1.9883	1.5711
20080408	1.9697	1.5712
20080409	1.9758	1.5831
20080410	1.9707	1.5742
20080411	1.9691	1.5808
20080414	1.9784	1.5832
20080415	1.9626	1.579
20080416	1.9723	1.5947
20080417	1.9912	1.5908
20080418	1.9979	1.5817
20080421	1.9804	1.5912
20080422	1.9954	1.5991
20080423	1.9804	1.5889
20080424	1.974	1.5682
20080425	1.9858	1.563
20080428	1.9914	1.5657
20080429	1.9697	1.5572
20080430	1.9869	1.5622
20080501	1.9748	1.5474
20080502	1.9717	1.5424
20080505	1.972	1.5496
20080506	1.9738	1.5532
20080507	1.9539	1.5392
20080508	1.9541	1.5393
20080509	1.9539	1.5482
20080512	1.9577	1.5553
20080513	1.9455	1.5474
20080514	1.9459	1.5474
20080515	1.9472	1.5448
20080516	1.9571	1.5577
20080519	1.9489	1.551
20080520	1.9683	1.5646
20080521	1.9732	1.5795
20080522	1.9804	1.5733
20080523	1.9798	1.5762
20080526	1.9821	1.577
20080527	1.9763	1.5691
20080528	1.9813	1.5638
20080529	1.9766	1.5519
20080530	1.9823	1.5554
20080602	1.9671	1.5537
20080603	1.9634	1.5445
20080604	1.9556	1.544
20080605	1.9584	1.5593
20080606	1.9708	1.5778
20080609	1.9751	1.5646
20080610	1.9544	1.5467
20080611	1.9632	1.5552
20080612	1.9464	1.5439
20080613	1.9476	1.538
20080616	1.9632	1.5477
20080617	1.9568	1.5511
20080618	1.9599	1.5535
20080619	1.9723	1.5504
20080620	1.9761	1.5606
20080623	1.9654	1.5518
20080624	1.9709	1.5568
20080625	1.9751	1.5666
20080626	1.989	1.5757
20080627	1.995	1.5794
20080630	1.9923	1.5755
20080701	1.9949	1.5793
20080702	1.993	1.5882
20080703	1.9833	1.5703
20080704	1.9823	1.5706
20080707	1.9762	1.5726
20080708	1.9695	1.567
20080709	1.9832	1.5743
20080710	1.9779	1.5788
20080711	1.9888	1.5938
20080714	1.9951	1.5908
20080715	2.0058	1.5911
20080716	1.9991	1.5827
20080717	2.0038	1.5863
20080718	1.9989	1.5847
20080721	2.0033	1.5922
20080722	1.9917	1.5783
20080723	1.9995	1.5698
20080724	1.9868	1.5677
20080725	1.9916	1.5709
20080728	1.9939	1.5741
20080729	1.9788	1.5588
20080730	1.9817	1.5576
20080731	1.9841	1.5603
20080801	1.975	1.5564
20080804	1.9623	1.5576
20080805	1.9547	1.5454
20080806	1.9477	1.5408
20080807	1.9439	1.5325
20080808	1.9212	1.5005
20080811	1.9108	1.4909
20080812	1.8968	1.4926
20080813	1.8704	1.4919
20080814	1.8698	1.4826
20080815	1.8661	1.4687
20080818	1.8651	1.4694
20080819	1.867	1.4776
20080820	1.8621	1.4747
20080821	1.8782	1.4899
20080822	1.8527	1.4793
20080825	1.8532	1.4754
20080826	1.84	1.4653
20080827	1.8356	1.4727
20080828	1.8295	1.4706
20080829	1.8211	1.4673
20080901	1.8014	1.4617
20080902	1.7839	1.452
20080903	1.7768	1.4498
20080904	1.7685	1.4325
20080905	1.7661	1.4267
20080908	1.7581	1.4128
20080909	1.7607	1.4133
20080910	1.753	1.3998
20080911	1.758	1.3998
20080912	1.7942	1.4224
20080915	1.8007	1.4243
20080916	1.7835	1.4129
20080917	1.8173	1.4326
20080918	1.8181	1.4348
20080919	1.8318	1.4466
20080922	1.8544	1.4774
20080923	1.8522	1.4648
20080924	1.8465	1.4621
20080925	1.8372	1.4609
20080926	1.8445	1.4614
20080929	1.8086	1.4434
20080930	1.7805	1.4092
20081001	1.7697	1.4009
20081002	1.7639	1.3819
20081003	1.7714	1.3772
20081006	1.7441	1.3499
20081007	1.7455	1.3588
20081008	1.7305	1.3654
20081009	1.7097	1.3604
20081010	1.7043	1.3408
20081013	1.7341	1.3581
20081014	1.7395	1.3619
20081015	1.7269	1.3499
20081016	1.7304	1.3456
20081017	1.7281	1.341
20081020	1.7152	1.3344
20081021	1.6706	1.3063
20081022	1.6267	1.2855
20081023	1.623	1.2934
20081024	1.5897	1.2623
20081027	1.5552	1.2493
20081028	1.5901	1.2683
20081029	1.6373	1.2963
20081030	1.6451	1.2915
20081031	1.6076	1.2726
20081103	1.5818	1.2643
20081104	1.5956	1.2981
20081105	1.591	1.2954
20081106	1.5627	1.2715
20081107	1.5643	1.2718
20081110	1.5604	1.2748
20081111	1.5384	1.2522
20081112	1.4964	1.2505
20081113	1.4841	1.2769
20081114	1.474	1.2605
20081117	1.4989	1.265
20081118	1.4958	1.2618
20081119	1.4952	1.2489
20081120	1.4727	1.2453
20081121	1.4925	1.2587
20081124	1.5183	1.2953
20081125	1.5472	1.3064
20081126	1.5326	1.288
20081127	1.5406	1.2904
20081128	1.5377	1.2691
20081201	1.4884	1.2611
20081202	1.492	1.2714
20081203	1.4784	1.2717
20081204	1.468	1.2777
20081205	1.4685	1.2718
20081208	1.4915	1.2963
20081209	1.475	1.2927
20081210	1.4785	1.3023
20081211	1.5036	1.3352
20081212	1.4944	1.3369
20081215	1.5306	1.3688
20081216	1.5581	1.4002
20081217	1.5536	1.4419
20081218	1.5015	1.424
20081219	1.492	1.3912
20081222	1.4825	1.3944
20081223	1.4724	1.3928
20081224	1.4731	1.4013
20081225	1.474	1.4025
20081226	1.458	1.4028
20081229	1.4392	1.3927
20081230	1.4409	1.4057
20081231	1.4593	1.3971
20090101	1.4678	1.4045
